0.0,0.0,0.0
0.031254581141379877,-0.20168078307264312,0.14476446061021911
-0.01689444217969046,-0.0069475909076444631,0.022617609585097564
-0.09860042455070403,0.03436235645991155,-0.21272557784027007
-0.15573911502914145,0.10492419098951063,-0.08938451760446961
-0.24105712399021753,0.26041666619289955,0.021101151195317719
-0.27554304395216805,0.31330291654389136,-0.33888874710524053
-0.12912332842073151,0.47821288168415943,-0.53810787688228101
-0.046992393385523842,0.6125834726527819,-0.63351598012686949
-0.011295700443828119,0.71726075036044856,-0.57898512271319225
-0.21813093267317524,0.84560769315577189,-0.62591028126608772
-0.43709946242144171,0.6758873605846808,-0.68199111536295676
-0.39958423339059262,0.57838556755570858,-0.75785318097952592
-0.39971097637784775,0.63690901175528947,-0.80929554051213282
-0.543393999714884,0.58773151957433079,-0.73139247483047987
-0.52755627770869562,0.63232420157888625,-0.74749549931474357
-0.69612375352838773,0.8735420187437839,-0.64553076094068351
-0.47613662551582964,0.89415544466837593,-0.7955055374463027
-0.6081251661232292,0.69232967715741345,-0.67380320632027735
-0.53366197838576235,0.82086576263169653,-0.68826908016719046
-0.55487017287900064,0.74319058263640159,-0.55911824245782382
-0.48093710363678133,0.96867131149507368,-0.62307661414771964
-0.29112774140618047,1.053778582687513,-0.66692738574555044
-0.070719549632756507,0.9620711250904227,-0.82491545060152127
0.10690483592824113,0.88926712976258138,-0.76008846573372324
0.23540074756090582,0.97733207531496191,-0.67421284491998601
0.11647933397426707,1.0408702519544042,-0.7508479036682848
0.25869054224287369,0.81602373332575451,-0.805806295332545
0.11390276669526686,0.66086648203723564,-0.85441501291448863
0.13960947994808023,0.60925424303562237,-0.80001484345907903
0.080681895509346652,0.65653945018315019,-0.85254458804184685
0.36047114403818148,0.65844070897375495,-1.067302837883336
0.63163877082047248,0.51491716432301282,-1.330079520427583
0.48583236270011126,0.28074684060188099,-1.366375316674866
0.41748173634269892,0.45997517382853231,-1.2931539948562747
0.32625362681894454,0.41993524569460983,-1.1924636740398431
0.33478814500120557,0.23506977843075993,-1.2990198479673229
0.412277210763417,0.21571387782850912,-1.2371370337311234
0.53179925292287422,-0.020089239828160882,-1.231843841559517
0.36107803322581355,-0.066283319024523724,-1.2999535567504377
0.41408846205819938,0.042506907398117036,-1.4490318463092371
0.54735656997996118,-0.0025573446694857893,-1.5056904988493374
0.4976803486974346,0.032416690914622709,-1.6017372378853272
0.56269669995867044,0.10095875466648166,-1.5867581472241845
0.55583540753185412,0.23458446266527763,-1.6038995090321218
0.61459342294607044,0.12565418311882448,-1.5909640843813437
0.51533314798211494,0.17503959000760666,-1.4703576147913815
0.54156178416305023,0.12534017487781049,-1.1062678194608913
0.60779644498275398,0.33982213080981721,-0.83511740985827254
0.61338589081671746,0.46774693584606886,-0.75667103862114127
0.71466345728708613,0.37511051046020111,-0.58613726708499603
0.646542430843424,0.61887934421169577,-0.75720786873738444
0.63911905563672089,0.59756553496346343,-0.70194211254578953
0.6006130531905054,0.46651171798644542,-0.95777849380280067
0.64416874618538866,0.43783655855873516,-1.078927469727345
0.39517472697782463,0.53904253035635363,-1.3823237390518111
0.55784095814730494,0.44221789431109648,-1.3990665691658533
0.52704913508676632,0.43822440763711484,-1.1873125084419394
0.3544320124426843,0.66421063312914841,-1.2226775915934454
0.30583745150969627,0.6387165715190195,-1.1717928317693316
0.5248655005024816,0.66524756683689168,-0.98865404086771402
0.49545330966715312,0.69187154859614319,-0.82518969235837691
0.46127543614669475,0.78186337820245966,-0.92747857531989053
0.44365488823981986,0.83873111995646843,-0.99841817762741458
0.52298011708702274,1.0077443545830032,-1.0072578593097639
0.70807414816541969,1.059695121667547,-1.0528437187854958
0.84217789771275642,1.1115811667659701,-1.0666683998980142
0.95418334200572563,1.2138053340791073,-1.3377405181460058
0.92724373907327606,1.186769956864165,-1.2755864216520785
0.92621687738386727,1.0569972342755756,-1.4264633262459012
0.83070390387077619,0.62917440680156111,-1.645304256259599
0.72351845760945699,0.59683108256591755,-1.7163329246709815
0.54642318527337741,0.59728254034028228,-1.6628240808961245
0.43822080390968815,0.48969647486442403,-1.6798173138101073
0.62594693312387739,0.2370457790884884,-1.889511779595797
0.66074370933599114,0.18894992943059488,-1.6799177965673464
0.67033693513057302,0.072345071692663396,-1.5488802840126243
0.57401424539410584,0.27737516904001858,-1.5375617215911195
0.55684817260755681,0.35625257028548696,-1.3913663709082302
0.43990292102362843,0.20324621554162398,-1.540420168526073
0.230265889669902,0.2993520628649895,-1.5970009671507617
0.29422220560414847,0.30552698977159437,-1.484013627497732
0.35902228451774476,0.039328011670494323,-1.6856091210786792
0.53353581562759422,0.049691691458433003,-1.7630785204226256
0.36769417980357438,-0.058965547534091202,-1.6624380579898754
0.46995672696031382,-0.063424314700291931,-1.7585442793833297
0.51418215391666688,0.22062398138226597,-1.4631867953535513
0.69046544719459646,0.46970346011716102,-1.7361086265904655
0.48636477729382444,0.35851917064185024,-1.7713282666987966
0.4113620685336648,0.6776608118109575,-1.6975941039728315
0.25736420008346039,0.6221449787955764,-1.9521283460342818
0.22640672295852646,0.63204977004407603,-1.8123726301176284
0.25521001622165818,0.72771075018460907,-1.8384289145347337
0.36030858007062105,0.59290799654626958,-1.7092415288060381
0.42278445923321906,0.73641200620824965,-1.8244711268498051
0.46944759077175485,0.76261305022231518,-1.8739427468076082
0.52649071374617562,0.99025655525896272,-2.0644688066948578
0.39873765124448224,0.94948316979876879,-2.0990146749371088
0.39154768476583945,0.99082122873762146,-1.6510640395136775
0.54051847351866156,0.93896314606655262,-1.4209863110334784
0.34398716543552943,0.84202812254701098,-1.3154095120223466
0.12094219255993466,0.80927227906690957,-1.4392307635470667
0.20137340133675458,0.83822965715431941,-1.2898816114137599
0.052117950619361003,0.92020691558925249,-1.2372349960652695
-0.12203953132182055,0.84512560091935873,-1.5463932263919375
-0.15653582846665065,0.8384216520631651,-1.3780244140280622
-0.18991564068599201,0.5695483553730416,-1.4568629709432195
-0.10699566733053158,0.60893331662279171,-1.6012156177809909
-0.36713651235378975,0.53725383753235578,-1.5281052521634706
-0.55057683439043936,0.49226902519001808,-1.4781914247140711
-0.73568786712715528,0.60978739229594869,-1.2595027127850398
-0.82942780068511202,0.84314603060732463,-1.4607265985732354
-0.80462676252975629,0.66402410236943687,-1.5210452370948004
-1.0372592478038207,0.69756437359882106,-1.753812266925209
-0.91658992365133662,0.59499886881315811,-1.8976957293052339
-0.89246221168766904,0.69055320972018641,-1.9063531126317719
-1.127284782581494,0.5382333459717743,-1.808111789759248
-0.83037524883223002,0.21835035361021754,-1.5001057441148231
-0.65057596732554124,-0.0022321375645660835,-1.5243550014267937
-0.75083673355496117,0.11773669521561149,-1.4741268030824017
-0.72591830319739314,0.16126536228843497,-1.2904227833175193
-1.0180944382388923,0.31915501759372733,-1.4885102468690861
-0.86279472564402371,0.25032234399745068,-1.6793213106740303
-0.93546863120232127,0.29124732569608075,-1.6628542583480508
-1.1125243687144211,0.46213208466634748,-1.5743895767605534
-1.1207561383196221,0.33003893259660932,-1.5436356426292954
-1.3117278794780829,0.34528553722925415,-1.6394955622750969
-1.3865998009461047,0.53099779878951314,-1.5048796801886211
-1.3574982493361274,0.50384705274910457,-1.489796880741985
-1.1452219168001354,0.71594371743435148,-1.3008974712141372
-1.0639546423342112,0.68403539339101249,-1.3512840879036887
-1.0580003076524005,0.70158074152524708,-1.3352616442680789
-0.8872975321578791,0.76158521332286544,-1.4102467338457361
-0.93456703450904233,0.74900154945904684,-1.4228636795509351
-1.0011524786448587,0.71560238088861994,-1.4751889432471181
-0.89277781061944184,0.37332050130742456,-1.669414577133066
-0.96672412667718843,0.2522830198901404,-1.7769868898749936
-1.0804836308156514,0.48011561837988714,-1.6139237870370866
-0.95823209685156274,0.53726265136491702,-1.6854412278422308
-1.0097853389737121,0.41779339629633766,-1.7136545710058824
-0.93494239241251542,0.19414400496706394,-1.7508232593827624
-0.93071476832693123,0.30352118611408369,-1.6299338385232205
-1.0222790464993168,0.20905753745380734,-1.5386635209782518
-0.88807556896811191,0.087341552264968536,-1.8497608097975986
-0.89561525815558873,0.098612694705042706,-1.7733724928979981
-0.76072056906453223,0.077992979125387857,-1.8993945967414971
-0.8212870370951475,0.0067369632157761872,-1.9060128556922651
-0.75876728367618396,0.03455935796108392,-1.7128580245240572
-0.70999029823342241,0.1448668356204868,-1.5204454873616968
-0.81901187085805782,-0.08459566498152607,-1.5861623769263764
-0.8556878842704907,0.084927424903460974,-1.5751518169022969
-0.8826586018809699,0.25703383151212239,-1.399699334028851
-1.0205407795860697,0.36538743787105571,-1.7006848149446652
-1.0276018616567317,0.18113126044828223,-1.6775599861977157
-1.0661435908107775,0.22948154139974636,-1.7084562846763642
-1.1854119259286207,0.29728953416715592,-1.7274414138173517
-1.193282837081489,0.13025806232142939,-1.8259418370133527
-1.0954916485086426,-0.06235170271148191,-1.9217721162665256
-1.2033348726644415,-0.14646040770721452,-1.759784060147485
-1.2388145073728938,-0.15198612947203713,-1.7407813099648706
-1.4326960454587079,-0.19278506884142552,-1.5154005209802788
-1.5935133467827065,-0.30640901347454524,-1.5834320072418007
-1.6909987903763406,-0.48853404592196092,-1.703506745955536
-1.8109599313719726,-0.72710309925762795,-1.9032916472147663
-1.8739150378706049,-0.72691794055339021,-1.8650179042312358
-1.8160707155357549,-0.58867088494611775,-1.9193015353540119
-1.5059958718987589,-0.71581655347415263,-1.9373496013739313
-1.483993094195907,-0.55656101134272573,-2.1106579989252623
-1.5055741395091784,-0.26949459064036213,-2.0220795573743269
-1.6700068465557423,-0.21096371260142732,-1.8010069770455486
-1.5692839391754978,-0.043873172396933752,-1.6926532635472227
-2.0062760418897305,-0.0050115147048670552,-1.7886309577417778
-2.2754893418787621,-0.093251269157371974,-1.8183636316495553
-2.3915872587471858,-0.19346822994761809,-1.5560458123397107
-2.3644078498200023,-0.23499321572174475,-1.6169052440135976
-2.0669272473166362,-0.30625071509010204,-1.5301433147480856
-2.0226191858185159,-0.3798246861527893,-1.7506941570997001
-2.0422766327866335,-0.57834880793217602,-1.7524768442315197
-2.5467589733841236,-0.60481389261595175,-2.0082514654690335
-2.3829360565549633,-0.70339171006682899,-1.9072632502276057
-2.4737001451309806,-0.55810723402452311,-2.11702361929036
-2.602893312417383,-0.44564544693714747,-2.067185817883721
-2.6257382086970344,-0.098290715103582671,-2.1937302211067875
-2.4398483323653517,-0.3248425797790469,-2.1595826942246772
-2.5867448246624298,-0.30568714291060683,-2.028152190253329
-2.7464893329649192,-0.2923586569026102,-2.1290047651412212
-2.784585294893998,-0.23352318231786151,-2.1315415796214623
-2.8252312313780363,-0.38900149041155668,-2.0463678426748091
-2.5911692540500249,-0.63480453487406252,-2.0552964679750838
-2.6291391714579242,-0.71277453530871859,-2.1328083458835536
-2.7680814992702132,-0.3695938377161252,-2.086588756424467
-2.7075217357305896,-0.21100552519610669,-1.9160945469082451
-2.8923381419281355,-0.21306358369303641,-1.8202686000807951
-2.9086365943031702,-0.24326343504636919,-1.6691709095916261
-2.8158743405300868,-0.22928542399416887,-1.5496983904569621
-2.7366359842494297,-0.15262633888579108,-1.3632190656752723
-2.6555440179441248,-0.31330832206349091,-1.536988307820808
-2.5502298491246442,-0.17911081452714536,-1.4844644438675538
-2.771155321431046,-0.28273213439656486,-1.5400536420622413
-3.0483012812241252,-0.33060403178490216,-1.4308130804364072
-2.9447433975432777,-0.13741851947852768,-1.5523471375103854
