0.0,0.0,0.0
0.018094681671590528,0.019908699496429864,-0.06067194632614941
-0.19806410784829748,0.12656584908190574,-0.19553899552561199
-0.28213457582020729,0.19338594091277012,-0.23491546054291154
-0.2727540444053318,0.084609238673772624,-0.37115690503293269
-0.44747940500326638,0.19294259708829897,-0.35678909262811975
-0.53535419633534875,0.15483176101616902,-0.65200410891742822
-0.66107039970273973,0.22465279206501115,-0.60726093390024993
-0.59051389129173448,0.34079652574081831,-0.56652901831216174
-0.70179794667308049,0.29820792117632267,-0.59700863172244989
-0.68500507084099493,0.1656284385839705,-0.32730408078216167
-0.79204168195410984,0.31145549778329906,-0.28302118314786023
-0.72226906459297724,0.27008797483093594,-0.10475621021968928
-0.8409787610008822,0.26769681028840725,0.027759921829878687
-0.9845245282222298,0.3946847713547274,0.023993354730972426
-1.0329641266100509,0.31336221669393383,-0.08647639232901784
-0.76646067076687663,0.32320264926774556,-0.15569210251329393
-0.80477354183380756,0.38756282045952595,-0.16130786363247182
-1.0100776595603862,0.24015064470502165,-0.27461421033944683
-1.1628352047928483,0.13309122701119208,-0.28110150997566141
-0.80007859844126838,0.12468546217763907,-0.27361547189249508
-0.83122279913494301,0.25368659187630438,-0.39961995580808873
-0.84386592382661207,0.013590096892191234,-0.37120824792295815
-0.80478533805174923,0.10125632555320753,-0.47598951576020287
-0.57677717452442689,0.21257792261865011,-0.26205422777424225
-0.47552446761171691,0.13511176556541291,-0.38669134687642176
-0.38237979973361891,0.10477476634568475,-0.35810745832617136
-0.35257649858227513,-0.13468607836375979,-0.42824424001396438
-0.43240086354816931,-0.039129436431080022,-0.82686449847197063
-0.41257558170918907,-0.13384811179435796,-1.0162059102241812
-0.4604393444965697,-0.10582624642043378,-1.0814879230182675
-0.65911196315812559,-0.2921238118352133,-1.2020786541200639
-1.0107762722993212,-0.16713107999067345,-1.0049759597681991
-0.83067002767731779,-0.26515779767000525,-1.0787126156388833
-0.67797062119923035,-0.28825887345528112,-1.0271231910516616
-0.58627268073866656,-0.18706373924567563,-1.0289727883930091
-0.50758298959256598,-0.16860259807282457,-1.0514593059726818
-0.47455579240268553,-0.30192450789454817,-1.0566202298568581
-0.62712756968078609,-0.30813773070700368,-0.99197407756970224
-0.79428210127423071,-0.25274900591879773,-0.94260136043858844
-0.8937352667150813,-0.26849497170830033,-1.0823674662047826
-0.98403504925405949,-0.2781547208639582,-1.09491965804387
-1.1031217220753973,-0.33193882878998671,-1.1660179967253408
-1.2923681841921792,-0.3838856110193804,-1.1601794170306159
-1.2103852945913505,-0.41661148705041556,-1.2136503993347669
-1.1345248358528968,-0.55404124893915108,-1.1495579816617409
-0.91630681331882002,-0.50839855633007325,-1.3358263985351841
-0.67952047946488003,-0.4397087800626921,-1.4691193744641395
-0.76992970450722287,-0.51963772312062229,-1.302351168973978
-0.69233676090597362,-0.61025293677840176,-1.287820977159837
-0.70409191174375385,-0.68055157813232214,-1.1131575899755191
-0.66038369908248684,-0.77870190914115722,-1.0368097417279516
-0.37606528339382617,-0.76029972463942552,-1.0772257083777024
-0.13922545620745397,-0.67513441978867261,-0.93277214845056955
-0.068063157039002828,-0.6126233680481481,-0.9305634282906875
0.077213236557380646,-0.50152909759103437,-0.97992214677467104
0.16704329790695688,-0.6373582609226387,-0.797923811909102
0.14274945182072979,-0.52024622486217764,-0.90357013805320119
0.1114851465812921,-0.56317796299282874,-0.76153359214586536
0.008323300077775736,-0.56367420999067286,-0.72623585274902491
0.22344743396076894,-0.64729572402165492,-0.90861922884789004
0.090364588407717772,-0.75934671924789265,-0.90812887583017121
0.028609004075357158,-0.82179473745496667,-1.0670302703040062
0.00011758174284389605,-0.958627349798998,-1.1604266903010165
-0.12257632088842996,-1.0882680570163759,-1.1476508779109684
0.097120104171542848,-1.3079807014860825,-0.98785224223910006
0.17279388159900955,-1.1762538664011735,-1.2339879774916078
-0.14595208204017696,-0.97809978979614953,-1.1246562660959905
-0.28818897276959632,-0.97009849909169033,-1.0714290035791452
-0.16488695549270468,-1.1771988551792654,-0.99608053117717554
-0.24038684603220245,-1.168069245392757,-0.92364191144911856
-0.21706597311774331,-0.95896980291633716,-0.71313082529010319
-0.18115264463175834,-1.1233167985560775,-0.57763089585436123
-0.15801491930190534,-0.92501407499984301,-0.56598110766127352
-0.25221978381864385,-0.86133382624654808,-0.86389602299922252
-0.25655532884270887,-1.1791844722959905,-0.91236383273429966
-0.24210849578467475,-1.1123445626609807,-0.90248540356877638
-0.36051817388976798,-1.0837166307532637,-0.90221200556220704
-0.31211795874700499,-1.1326783929824129,-1.0212677063693483
-0.29700384412554642,-1.3493889302622275,-0.87280412419473929
-0.25088091710621901,-1.4256334111133031,-0.91234153662113104
-0.14887718498110636,-1.1951290757520123,-1.0843458200812204
-0.16370759656015427,-1.2809120408965229,-1.0397451914479459
-0.30959247037480164,-1.4932330240250378,-1.2489275761587628
-0.18040093044566896,-1.436559963762513,-1.2337039888869625
-0.10837918898175608,-1.4296183611901834,-1.2329519016629982
-0.25664845303078038,-1.5367210730567038,-1.2512982010842337
-0.40844275697484977,-1.4656781978497013,-1.1868723684128524
-0.35164798798238378,-1.5652737703193107,-1.2977466365649555
-0.25972124954956932,-1.6148294198369737,-1.4060159433277006
-0.48727781055374264,-1.747189138598839,-1.5078673734788346
-0.53339328133303177,-1.6028420764801636,-1.5126422024002473
-0.61107696788544485,-1.6157086405301715,-1.7645740510711527
-0.63986182006671688,-1.7560715697361808,-1.8325060037966741
-0.5623302512862548,-1.548899587241529,-1.6842142773270072
-0.30698934533949573,-1.4935342163296528,-1.4906971800305719
-0.42313885785708444,-1.5231251846634875,-1.5120170842431513
-0.19775375628362976,-1.4138246392820439,-1.3821480700027609
-0.041955515547979522,-1.5362849126920401,-1.3961148071851437
0.28110386720030933,-1.5757382207467978,-1.4284903895211216
0.29800873552556345,-1.6266530205250334,-1.4002164406534912
0.34696496523858533,-1.5094769182839702,-1.4195740922366775
0.49812091457936547,-1.5500210531105498,-1.6302576482901197
0.56292365860561666,-1.4903162762172661,-1.7005099530091912
0.82098833126569071,-1.4700603906545981,-1.778468560855889
0.89395808832927703,-1.4594149257415958,-1.8112894679797795
1.0513383277731225,-1.551909275822513,-1.8831727764747872
1.1369926303637272,-1.4906736289663243,-1.8476177393776425
1.0421875362684929,-1.7669384170888107,-1.9133741007436935
1.175473067237073,-1.8751217427016469,-1.8931116305545754
1.1163651790453226,-2.1217810478791965,-1.9919949039876534
1.1343890846070721,-2.0270241255081056,-2.0852709371402227
1.1283258596308101,-1.9201641405154461,-2.1971361793649686
1.2160565916153048,-2.0713302295550324,-2.383943083852277
1.0407405676953618,-2.0317072142375929,-2.5161681533572047
1.2258071087620921,-2.1584298770010983,-2.4421045205634604
1.3545741869927062,-2.0258496243933952,-2.3704563498273119
1.3788202215914254,-2.1048433054281932,-2.4810420057039391
1.2535606883728123,-1.8264621362537858,-2.3385366674341865
1.1056435093030146,-1.689371523999784,-2.3325035428354504
1.0709900631228504,-1.5361639308467632,-2.3534707176468861
0.96607631786665382,-1.6033450113821901,-2.5394309394189318
0.97032176019091976,-1.8561318775412814,-2.7167496080108324
1.0286729952157583,-1.9400710317325023,-2.836716717016027
1.1174588796512712,-1.9695892241161983,-2.7870883800045356
1.1331483195426155,-2.0096469166673145,-2.8890249444694263
0.99146533406604553,-2.1037074113415151,-2.8636898091276639
1.2352706465897469,-2.2037684965756554,-2.9257014887138131
1.4983934330073982,-2.3220470236164155,-2.8562851387327095
1.3847634242943583,-2.0338360817069461,-2.7177387966129989
1.3376473857664037,-2.1051463013878604,-2.7479706163476831
1.6565792151608476,-2.1844852315478107,-2.9420270023894175
1.8657243896115345,-2.5927266744014932,-2.9665574952870668
1.8969184572294564,-2.4871916327702173,-3.0556882194309209
1.9992216011367954,-2.5168771426305101,-3.0128850490330565
1.8067095244634144,-2.600557632133321,-3.0005011151678662
1.8040313012628586,-2.700249285083232,-3.1859513702703186
1.982186469989355,-2.7983484367055942,-3.2461294852090337
1.7096499543059673,-2.6218200472628874,-3.2019772111656235
1.7911847106432712,-2.6859339148096204,-3.0962317141285443
1.6459115007037213,-2.4303044143215171,-3.0781565963110817
1.9020419135079698,-2.2586111198043652,-3.1235413118430215
1.7431826733310236,-2.2839627449269804,-3.1544589057870982
1.5717833393291678,-2.4477171561330016,-2.9505786406032044
1.4837115548029627,-2.3116101898914874,-3.068845533201046
1.3881876872642422,-2.3322023390011757,-2.9732960791509973
1.4225649426288789,-2.3766188973127518,-3.0224827906430116
1.599511828818903,-2.3029741365472982,-2.9613727455292369
1.4199484524224879,-2.0679991097434747,-2.9683305750516236
1.359572263765757,-2.372065192896875,-2.8454775988678112
1.4237090193379158,-2.5500222807550168,-3.0418294131312784
1.2805739461139252,-2.6801515243092009,-3.1197154752657799
1.3742459649491663,-2.4911595856114461,-2.9554970884323382
1.4367242064776555,-2.5431802418772369,-2.9304100412785283
1.5034274438764561,-2.3882913495610052,-3.0667271271974186
1.5022334545358984,-2.1707395802103191,-2.9871967794961498
1.6019687066967248,-2.2453580105933812,-3.03082573473452
1.7914659503092991,-2.2614375542622538,-2.8585703705312664
1.7803045837802989,-2.2493293789818649,-2.9716968363931158
1.9547573577414967,-2.1925989078712016,-2.8901048343854625
1.9861558338258321,-2.210706131589423,-2.8768238224565614
1.7639616642940392,-2.1652937967793813,-2.9670048422369937
1.9562393424938935,-2.4386247337098998,-3.1471012579729236
2.010546892664844,-2.5415373140447377,-3.0219164679131318
2.204567829788977,-2.72258460916736,-2.8314400800910229
2.156500896362461,-2.6033865823039415,-2.8232303974672828
2.1781690068948869,-2.6877940953767747,-3.1027619414291103
2.1207773332214424,-2.8128910910053677,-3.04571627100783
1.9456186909180082,-2.8533983512575469,-2.6252101701416626
1.9973414786008246,-2.7424500253376252,-2.8192476016088475
2.2321510770603026,-2.5336036845141519,-3.067435543543676
2.2742828272575775,-2.6890278793029805,-3.0511452899578324
2.2476057732253314,-2.7279292679967169,-3.024532745585593
2.1721408720193156,-2.5869874960890495,-3.0603880945724375
2.0050861206768889,-2.6659868966384499,-3.0143645969447888
2.0539205732555663,-2.4788720232607862,-2.8067703111342972
2.1548396198042856,-2.5043885084207815,-3.0088920228790954
2.1145135354046491,-2.308712400403778,-2.7643656718101721
2.0680161269642636,-2.1650108973096271,-2.5617409788559873
1.9903018996215289,-2.127865864615206,-2.2675567501569898
1.8575549256662838,-2.1909780021967391,-2.3186333558462779
2.060327442448088,-2.3588315703522875,-2.2817096755055637
2.1781873685401858,-2.3802967728864575,-2.4254095678691034
2.1952768885277996,-2.1159393212412891,-2.4453003951461585
2.0421059621987512,-2.3025125760734135,-2.4535145864685277
1.9817087981322687,-2.2535510556741016,-2.7004332358391085
2.1304970845905409,-2.2719812573257787,-2.8390247809467808
2.2721682090369995,-2.2025574238363386,-2.7703614763314475
2.6512910742441238,-2.2404222196167178,-2.879963453056761
2.7765640987962525,-2.2223667440804125,-2.8262934398412605
2.7978258762418231,-2.2806361191140252,-2.6682172893798537
2.7991661717439742,-2.1263073800058891,-2.654571531645137
2.5453848858541739,-2.2165866649863903,-2.7903004992465981
2.6645175999555026,-2.320811491629887,-2.9298877603037736
2.4265264710528984,-2.0973155784689204,-2.9767176327577762
2.4153436820091319,-2.1359714921859658,-2.9331888049975912
2.3678629167711889,-2.0822683566383615,-2.7598733479465043
2.4412957982691488,-2.2235888646514121,-2.7456942825407791
2.5412957440912169,-2.3373426602029839,-2.7479885973372
2.6635939316569233,-2.3257351211741359,-2.7508280460970469
2.7640558687754386,-2.4507827576480588,-2.4224980003085119
