0.0,0.0,0.0
0.21939248109739054,0.27157539816317505,0.093142116890330862
0.23059107609261104,0.18370686864748934,0.10697154477979993
0.25519507270034142,0.45155529315860765,-0.09237510108591844
0.24496513740757084,0.32754855215734058,-0.20793806059063824
-0.038489844711092652,0.36856413764350926,-0.12265159990615783
-0.018029312152270046,0.38595571810813251,0.09774805035320798
-0.23032661465841867,0.2431254575961706,0.22729784509285267
-0.20047122979040838,0.31988079514953333,0.13170717583317054
-0.27941334578021554,0.47401554438394577,-0.017381184638150055
-0.12603777454556675,0.54807141472985332,0.29779193426655781
-0.15238303511730239,0.53010645522848598,0.34940197011716906
-0.15030960360921816,0.70318041797885522,0.29942015534262673
-0.30241809670439729,0.78480351727960707,0.32451721109002785
-0.21158993732242148,0.81763120720958748,0.4032587653288896
-0.23709339961786441,0.37151025185432607,0.39563200260394865
-0.14936969651120013,0.31551382300585035,0.41094457000920964
-0.034680606235852063,0.40983655296679733,0.62787524641380776
0.075336139055734663,0.20893632590994593,0.5541734718630732
0.041750026708782355,-0.26503349747852883,0.49734992496848041
-0.22580678304674295,-0.43025658555085133,0.55276541976209848
-0.39156983681420648,-0.49938937665343586,0.56377373243235507
-0.27331231283108776,-0.78510105948633524,0.54298340244791321
-0.13057949974187036,-0.89521431539829532,0.57637777254399114
0.052292365627572723,-0.8950531997837835,0.45895717666815261
-0.0253947928295188,-1.0797523468879153,0.46858625424906719
-0.1642299576304817,-1.2114106824297897,0.3892098902382114
-0.034875695697036246,-1.0589911058466757,0.59239238438402253
0.08859510128950035,-1.1196648077682947,0.50150645706936459
0.091722088937392393,-1.325719855817431,0.50076682153577479
0.091136097735929747,-1.3041454191455029,0.63547608971784397
-0.099659152204519943,-1.2552978789102049,0.55537461947634137
-0.12910560243832153,-1.2812797209341868,0.59050712448341347
0.05849552381769102,-1.3298809784282914,0.46737746099731131
-0.071083290051892123,-1.4719189523906482,0.36379407627772387
-0.13755318664751065,-1.1039828066990323,0.26299283936526185
-0.15868755058535966,-1.2689456272928994,0.17260249782359244
-0.20468627742496165,-1.2780159056057252,0.1431283729682698
-0.46005413754944841,-1.2226211811670538,-0.21333953722545124
-0.5308171682683932,-1.0844704751857617,-0.21058490970341154
-0.61068921314125613,-1.1545254864692125,-0.22902397985235862
-0.65515612837948101,-1.1278270355281839,-0.3476962192942783
-0.7112547612111817,-1.2247718060913306,-0.5080012125847585
-0.71041569245445813,-1.1831134914151598,-0.53095674270723592
-0.85143233558436726,-1.4622044675664438,-0.5920895896093713
-0.6122750217424302,-1.2941536920095149,-0.28778258334105034
-0.65702651887138996,-1.2570253700260798,-0.13709376808023582
-0.44982522200041219,-1.163377096562912,-0.1480430287176539
-0.24284073625595379,-1.2016130029432668,-0.23329520613564203
-0.22460992130268412,-1.5106919140909021,-0.20606893491474959
-0.39123862472503201,-1.6673571657976514,-0.42822925661258604
-0.6976292952484584,-1.7284857830425338,-0.62099201199952947
-0.91284613639619483,-1.5408830313103337,-0.55935608209119836
-0.95426672125723,-1.5723753779829794,-0.85795044193924941
-0.93157025236646496,-1.4380581453880321,-0.93525562463354162
-1.0422821064241263,-1.4435799815590682,-1.0850752328696678
-1.1154538285817091,-1.5738320534613683,-1.11293749177598
-0.73410139672526753,-1.6488438598576107,-1.0865708098967188
-0.69518169435293298,-1.5918599820379971,-1.1582945164883633
-0.86652674837229271,-1.510026833403862,-1.0489705755597716
-0.78347808522304008,-1.6451873558983865,-1.0729976108717616
-0.92233073169314694,-1.6456585744463663,-0.92644989581124981
-1.2671937440111098,-1.6411908468792815,-0.91054000427326587
-1.2479438248222132,-1.5490896044339988,-0.67886907321166756
-1.3621540393885332,-1.3780441076161136,-0.43306976981685663
-1.3593141421681818,-1.5798131200778802,-0.42184304321080834
-1.1104323143074297,-1.7117528630898422,-0.79434115936785499
-1.1029514754069172,-1.9966771097770821,-0.91419743554794952
-1.2302038709852403,-1.7507708653504757,-0.95350980970364363
-1.0055631531488509,-1.748135657583886,-1.1754424102719301
-1.3133188843292734,-1.9831564146912541,-1.2978552845204381
-1.4854591440885136,-1.6908155538810556,-1.1543290947480633
-1.293908259735145,-1.7340971308253408,-1.2716332014743736
-1.0849967564034828,-1.7324065899488721,-1.3115789368255522
-1.1311313016270004,-1.7038806163945424,-1.1412329595580339
-1.2419870857679811,-1.6077174776874623,-1.3337080656148137
-1.2065000776149546,-1.8985184718676453,-1.5055661121781894
-1.17346798195952,-1.9329409198700722,-1.5026286293061626
-1.1627828898006529,-1.8316987220326806,-1.6950450231763015
-1.2430915400964095,-1.7864157265401275,-1.6887652351292273
-1.4400133368717345,-1.813217423709486,-1.593947639827926
-1.5554483884740982,-1.9087886056691847,-1.5244055943620287
-1.6277679311975881,-2.1396762382665342,-1.5859284657761648
-1.6998656499017217,-2.5919095679464075,-1.6865990191980207
-1.8092495371037292,-2.8628484355445014,-1.6566596284014301
-1.8443950499627244,-2.8118646403419079,-1.6843896021724316
-2.1131934919900974,-2.793398008368539,-1.6704313430880182
-2.0000818359413151,-2.8879202289970225,-1.457710810293007
-1.8196318778047331,-2.8740072316337684,-1.7118760128800217
-1.9187674337932721,-2.6095075710100963,-1.5735214994841704
-2.1268195674974333,-2.6075923345622525,-1.6765189671406799
-2.0898823372934112,-2.6701571342024693,-1.571055188438883
-2.025039436825169,-2.2393398839739724,-1.5934477323266831
-2.0546695792512795,-2.2092422688147422,-1.6342892970240455
-1.9228643030528771,-2.2898266343295748,-1.6710845377278469
-2.0058748533963695,-2.0831521789107521,-1.5051665293095517
-2.1661213011210498,-2.1727102315689231,-1.4339473570456223
-1.9561432777784691,-2.1504016511202426,-1.2681212938763036
-2.0283619054731115,-2.0892726681789715,-1.4553989986161766
-2.0917496294933562,-1.8595146675055128,-1.5502715094409119
-2.4212491312666762,-1.9403980264139951,-1.6710983949653431
-2.4768898414393612,-1.8088451404082386,-1.7342648538617313
-2.5672246700291166,-1.9963493195372202,-1.6099043026620736
-2.5726845811263623,-1.9903742500698447,-1.4781430060218417
-2.4777621524503592,-1.9517871960486486,-1.5560097892152762
-2.4528463191663916,-1.878666992699312,-1.8437138699506788
-2.6189167472990076,-1.5529498657269725,-1.9130878114864114
-2.4717693658408568,-1.5501500120580647,-2.1111794567426809
-2.4208959995359636,-1.5503266881824807,-2.2325238567464134
-2.3440877806064759,-1.5781251580116602,-2.1835619386688574
-2.3560647673949604,-1.6024575070203835,-2.123453274355477
-2.3452317352473524,-1.5091752053203269,-1.8515758226763006
-2.5439499978622231,-1.4568185594216181,-2.0067496351591396
-2.7640347647784278,-1.2668212326333488,-2.2417821680425987
-2.8619516679189356,-1.307531440315814,-2.5359852837433068
-2.9660688311219019,-1.1813638848620978,-2.3391087086266977
-2.9402853626370371,-1.0836843612441096,-2.5497118453036069
-3.4171524274751621,-1.0406382787939001,-2.5535470402294651
-3.5063919237542081,-0.95776405948976395,-2.3745565505136272
-3.6337334632764335,-0.90106343358507024,-2.5450259707732301
-3.4883510196049752,-0.90803968297857129,-2.4933023372212029
-3.5801422495498811,-0.91234583486796306,-2.6789047410860554
-3.6683455460353751,-1.1218617684433727,-2.5693457654731535
-3.6732489718986132,-1.2711429660627713,-2.8110367866471599
-3.6230390315002126,-1.2879842799856385,-2.9217070118128143
-3.9160322453314786,-1.2172663319612416,-3.028722646567215
-4.1083270006007986,-1.1469164156179861,-3.0902403355271773
-4.0346632906862574,-1.1845746643720156,-2.9710923633368984
-4.0073413368888664,-1.3049505132556709,-2.8326795624398429
-4.0239168573974293,-1.277263753629879,-2.6653787916074525
-3.8261531472790309,-1.2960197186371112,-2.4945604520354978
-4.0651877389970714,-1.4576425184338533,-2.7389540892308397
-4.0711062026285161,-1.3668791611209257,-2.7407508941236576
-4.1604746161926709,-1.2260098988191221,-2.5171458653420222
-4.1384780462380553,-1.2405576044676461,-2.3047970753213423
-4.2589558551058273,-1.4611520976379389,-2.1549564440772984
-4.2378774521701921,-1.4781396190825009,-2.1901226699282939
-3.8865007842123354,-1.4754643404390746,-2.0580258471754838
-3.8126140133644308,-1.675483363124324,-2.0846905537614315
-3.7924823020477159,-1.6133588608293192,-2.2046105777969847
-3.5739122485892927,-1.6160930744705237,-2.073101975740733
-3.4863108850695275,-1.4941373196147942,-2.0719809463013972
-3.1840658688675521,-1.5808401741531324,-2.0786678752627483
-3.310489297697913,-1.5953079782188144,-1.9988103004517359
-3.4672750126543441,-1.5986070167648896,-1.898618856966777
-3.7604918211048863,-1.464045749215122,-1.9699653146607896
-3.8960344489906484,-1.6065481008948996,-2.153692591261505
-4.171355129689144,-1.6049038725633664,-2.2194305612555185
-3.9586242443228166,-1.3545045107726854,-2.3223148269665499
-3.9424064597440496,-1.3812563179444528,-2.3266307665980555
-3.8663488508851236,-1.5423787216437759,-2.2451119485743911
-3.8416020869246417,-1.3732558389813285,-2.2769938392267277
-3.8428963100715836,-1.2639551750454001,-2.3192503449183248
-3.8784124412188152,-1.5176111997542296,-2.504951230498536
-4.0919270017085827,-1.521424585505839,-2.4582123890748502
-3.8758443715447073,-1.7471697652640859,-2.4881986505278868
-3.9304148073978635,-1.7776192521669876,-2.3911700559477795
-3.6781888836390171,-1.6659007845047717,-2.2278284156859813
-3.5822426656573318,-1.5770457588412057,-2.1496002435338331
-3.7777875209238023,-1.766978270305076,-2.1854730704054295
-3.8387003190350817,-1.9196831754656702,-2.0826560915550836
-3.9013814672908063,-1.7205081860995233,-1.8118654962385936
-3.991618881620699,-1.6741776054715474,-1.9907719233194374
-4.0864460085546526,-1.730454966044739,-1.9119895285805224
-4.1093167069582028,-1.7247982532562858,-1.8313498363882004
-4.21233321649418,-1.8927311112934257,-1.7672826520613705
-4.3338987329351921,-2.1622287122584516,-1.7488387867011663
-4.3369951978750638,-2.3939436746198481,-1.8766456788969406
-4.3500951489587969,-2.3582121661450519,-1.9466861185527828
-4.4411117944745033,-2.5095646553244308,-1.8188984911601676
-4.399707327155288,-2.4359219265116931,-1.9698386071642247
-4.4807768689882375,-2.3256233468418834,-2.0561690255181353
-4.4421630801299452,-2.3041499782471693,-2.1952964484324138
-4.4619189903941603,-2.4342429851364686,-2.0922953542411049
-4.3175067045897695,-2.5298591763495701,-1.9245452602480004
-4.5936433767096387,-2.654443624145264,-2.0852469057431615
-4.3667916023840121,-2.6482352261614923,-2.1868694715981465
-4.4487871900146665,-2.4888038512075359,-2.5881289710840552
-4.2967402420221346,-2.4663517054631758,-2.4529978999844504
-4.4024991594229377,-2.1964041977966451,-2.2690301179815968
-4.4502780032019311,-2.1464756653104469,-2.1747195057566366
-4.4099507935732207,-2.2309132339799258,-2.3290386653698212
-4.4927075085534351,-2.4476691306794014,-2.2527530386482439
-4.5932838708806916,-2.5815389034167926,-1.9487193762857624
-4.6494506077066449,-2.7926178728086275,-2.1042662877084295
-4.4638928290426305,-2.7348899713933719,-2.1979556230000972
-4.7428768876088458,-2.7561002256193361,-2.0146957541324664
-4.780476685799818,-2.4944568199199115,-2.0876510220347546
-4.6071889806864679,-2.3997089124272843,-1.9486792881955963
-4.6786638582985418,-2.2955262267473708,-2.0406903427275731
-4.486098199322015,-2.4228060247789811,-2.0734123519944498
-4.8372170610910779,-2.5172851760754988,-2.3112027427600568
-5.0631124471215649,-2.4434060669074866,-2.3935532070239161
-5.1689487738541935,-2.4256732558050231,-2.3457611487324974
-5.3241996645170833,-2.5399358898716531,-2.3098394177380017
-5.4624663696154965,-2.6121784658632201,-2.1226825575165358
-5.41137421483882,-2.5824954412281409,-1.9958902321507823
-5.6084620597193924,-2.4824018683324631,-2.0158562450939437
-5.6019950718582185,-2.4266055899075707,-1.8230010125672305
-5.6003415537265022,-2.4700177705235129,-1.6160686830044229
-5.6643767606491942,-2.5060284170750164,-1.6051503110950087
