0.65287141177251029,20,1.5171355363563817,True
0.5970142774403614,19,1.5017450667489918,True
0.53603303100907462,16,1.6377304597220237,True
0.56991189540196097,16,1.6665889411135717,True
0.62013300842107988,19,1.5398156014234328,True
0.60917237995831786,20,1.5554646702381436,True
0.65284357123658709,20,1.6236702378115189,True
0.51964613242648083,16,1.3942317370088348,False
0.60724680598454039,20,1.6288940393557729,True
0.56102171763212949,18,1.5185429383513764,False
0.58321010790974681,17,1.6098113532335825,True
0.54571698167855798,17,1.5446131874940707,True
0.55562678993106385,16,1.685154583692543,True
0.59306667330928076,18,1.5542373403256056,True
0.59944649471399236,18,1.5695018871294171,True
0.56309639261869537,19,1.3760927822377786,False
0.59699849571175212,19,1.4298670802150131,False
0.60336691766655615,20,1.5635728065848093,True
0.49001460176422706,16,1.3548933675236008,False
0.56380080919974507,15,1.6092633369314797,True
0.57418729328265006,18,1.6598494164060154,True
0.52006960373778788,17,1.3920592496394162,True
0.59262707052294761,20,1.5974127562949352,True
0.55824901956139727,15,1.6465368108768905,True
0.54271895768437439,17,1.2819496418035068,False
0.54288270030134145,17,1.4368384633319677,True
0.52473134970446977,16,1.563084340409379,True
0.55218407935022362,17,1.4529599134116327,True
0.52640532216126634,15,1.6678525401288617,True
0.56360078166948213,18,1.3953039950741448,False
0.51232651793510831,16,1.5440301827543492,True
0.56837648453654688,16,1.5126253321696392,True
0.542361797363756,18,1.3789106054742311,True
0.55100056751691684,17,1.5396041122651249,True
0.57118337711578826,18,1.4877695727728015,True
0.56697640858610954,18,1.5074488601679361,False
0.57628689157478497,20,1.5677463349979019,True
0.50321438049225775,15,1.5134940907983625,False
0.55689958986776977,17,1.5908901242162392,True
0.57185759728183583,17,1.6529126402621332,True
0.54594854798946857,16,1.3585522161757888,False
0.56026011174411738,18,1.6199066421160657,True
0.53249351236668752,17,1.5782426636813749,True
0.60622541589451351,19,1.6638097822373354,True
0.61214948277585668,20,1.5525733195832894,True
0.55195492658333023,17,1.5657758465038856,True
0.58554557609512936,18,1.3962522688565233,False
0.511245584224157,15,1.5662368486692424,True
0.54044479556732528,17,1.4517142597741379,True
0.57143218079952085,16,1.456867573813023,True
0.57465215412103576,19,1.4953373694077561,False
0.54962041989188837,16,1.616775000901852,True
0.57217769034263333,17,1.5435250082072056,True
0.66531623818870034,22,1.7013483651622276,True
0.51490707187926588,17,1.3784561023062856,False
0.5493522438180094,17,1.5823515855527843,True
0.55015929359787485,17,1.5042952445342115,True
0.56388265354169298,17,1.6587605959699241,True
0.53294471310451974,17,1.6631609599275341,True
0.52821477655472659,16,1.606612546219913,False
0.56832311759331067,16,1.3518710120255477,True
0.58642952740387078,19,1.5298391766771871,True
0.53902300907561496,17,1.6252593098125838,True
0.48788206682954238,16,1.4411963330001543,True
0.57374668441352028,18,1.5233694868910208,True
0.55696659251349923,19,1.3387189052293269,False
0.5207515406996569,16,1.5096123647857511,False
0.58527894252849377,19,1.3945272716507939,True
0.54545749252446196,19,1.4650640570166085,False
0.48477590081388616,14,1.6277438225293677,True
0.63795913358003187,20,1.6444214257002923,True
0.54963302729219865,17,1.5872375508113949,True
0.56660341433074868,19,1.3139845309180607,True
0.59329414133296143,17,1.3846199838383595,True
0.5064260957525234,16,1.2858708344448033,False
0.52605410027730226,15,1.4512560190840273,False
0.55508331617886841,18,1.5336022138190655,True
0.57489969123834817,18,1.5144364637911578,True
0.52785058464558354,17,1.4723474101446477,False
0.56426156035460107,17,1.6602586572124947,True
0.49547747206869869,16,1.416528201992852,False
0.56712059194714071,21,1.6545536634933591,True
0.73975102515655156,25,1.5614507152752393,True
0.52405152423585011,15,1.6415784666709403,True
0.57201447367400071,19,1.5601349166342222,True
0.53022651410952204,17,1.4803747467160975,True
0.55687642847777774,19,1.5726451177759764,True
0.61951930144727685,19,1.5412509600966493,True
0.50768853511914969,17,1.5368517474416956,True
0.68706219074826835,20,1.4069277391459039,True
0.52310531053831266,15,1.5920436117339309,True
0.52601191641641154,16,1.477072529024597,True
0.56433176138914076,16,1.6259939083425536,True
0.46947577546198049,16,1.3335151252013704,False
0.51998037207109149,18,1.4485303033446901,True
0.54245237340034247,18,1.4072209125682973,True
0.4949945688275813,19,1.3049241347553662,False
0.54301352809670578,16,1.5521693438072637,True
0.5815853390668837,17,1.5301185494879488,False
0.53998061819166188,19,1.43872231749626,False
0.54332595346822732,14,1.1152643661953183,True
0.54713414364140689,15,1.6720593052365884,True
0.49233312136564045,15,1.5804254293122222,True
0.58467080103101665,16,1.5515925805712536,True
0.57179607477982175,17,1.5659254955637762,True
0.56251036831756329,17,1.622585318379983,True
0.59271091127643116,17,1.5742393082954729,True
0.56412585231242096,18,1.5604085493625275,True
0.5659487778452863,17,1.5429535243015722,True
0.57230309209990482,18,1.2924354784593106,False
0.56360257001316916,17,1.6088132610974704,True
0.58017962729465078,17,1.6048423952088029,True
0.61383701866808982,21,1.6323436593205118,True
0.54359701952502903,15,1.5906933983681681,True
0.57108601081314436,16,1.6954497254277501,True
0.54831730881344531,19,1.3447875176656463,False
0.52204341842826751,16,1.5521260296044919,True
0.59338003242625403,17,1.6661402961493588,True
0.67776759561790723,21,1.6222116545096128,True
0.47994624070235331,16,1.3359554478149358,False
0.56099229750166102,15,1.5286804450017955,True
0.54386809935962122,18,1.5386172815264654,True
0.55913259844935792,14,1.5701765305527533,True
0.6180774563081014,19,1.6815008428170848,True
0.53467848267564078,15,1.6169679384186875,True
0.50548970529817794,17,1.4362812733673009,True
0.5189655199459956,16,1.5137846132127879,False
0.54556520864416369,17,1.600615105670077,True
0.65181902849615214,22,1.6374268797732794,True
0.56593139296807415,20,1.1775210247927861,False
0.56799223152842959,15,1.5940460926313675,True
0.53126448908928681,17,1.5309864996870577,True
0.57118229903393936,17,1.6494042524821722,True
0.62458375322076609,16,1.4759809946141562,True
0.55795357689579772,16,1.6895335187947071,True
0.56727403295547152,16,1.3597277715099447,True
0.58310279387720687,18,1.5359929164345247,True
0.57109922031680083,19,1.457483774988191,True
0.60587308456575417,20,1.6246464791118096,True
0.59844661590259041,19,1.5741526786366835,True
0.57076137068103838,19,1.368213981720555,True
0.54258029833183952,17,1.5419977111318417,True
0.63808757704572061,20,1.5820330850218021,True
0.54235839517262718,17,1.5026588816945678,True
0.68939234464927257,22,1.6328057019215707,True
0.56832192470584908,19,1.1572284048374246,False
0.55120980593661495,18,1.5277415832729919,True
0.53622393283786651,16,1.506161127755812,True
0.49553977393969967,17,1.3165544045032043,False
0.56718874829815302,16,1.6642769106746194,True
0.55292544237512242,19,1.4858435724770125,True
0.57007242564098393,18,1.6084003319087505,True
0.61068045174065211,18,1.6740644966869096,True
0.5829570188038472,19,1.5199008584790736,True
0.62314094844030932,17,1.3825969442580006,True
0.57848944017310044,19,1.5800073211512016,False
0.5881998496281754,18,1.6593127201213678,True
0.55727614653818647,17,1.5036388841999531,True
0.53048217334508052,17,1.478408989175318,True
0.51871419459373669,14,1.6599360111095263,True
0.54622790398990895,23,1.4401273903094016,False
0.55660203613478887,14,1.6546043033627538,True
0.51823288812584323,18,1.4465950642482925,True
0.53278084706953877,18,1.4886825934160777,True
0.56015782420894733,15,1.4110665234665078,True
0.59446645092854467,17,1.3767732940236455,False
0.59171626672898969,19,1.5386235399907118,True
0.53426840523050767,17,1.3581176131609449,False
0.57530315395898346,20,1.5551321917225889,True
0.53929992329805609,17,1.5640290050932462,True
0.53218603523804675,16,1.6324774589602444,True
0.60092608602585207,19,1.5883841763240387,True
0.5537875705052715,17,1.5967850598784894,True
0.56281708338633074,18,1.2649520059494281,False
0.58637777983861583,17,1.4820070133817542,True
0.51081653430217555,17,1.0229508069744759,False
0.82499307953789969,26,1.6299441257226981,True
0.58649200698274051,18,1.6144942678795888,True
0.47458976078788462,15,1.3385179575044071,False
0.56246232650657091,17,1.5279915826505832,True
0.5433756409087106,19,1.4755019781642054,False
0.55512580325641403,17,1.6233013965504701,True
0.53920910213525075,18,1.5312074897797801,True
0.54778670266383434,14,1.2923270485483718,True
0.53756738526184156,16,1.6291862361092198,True
0.57817490064479182,18,1.6527509697674354,True
0.58594808118190322,18,1.4668390834233753,True
0.61009466574945648,20,1.6321769255734244,True
0.68551372548799805,23,1.6511775580205015,True
0.56894231631510961,18,1.5770294665991176,True
0.53995624311183732,17,1.5234194489793791,True
0.52321066393918392,17,1.5850404044885045,True
0.54063586416721077,16,1.5367328620498995,True
0.52350450005725069,17,1.4547404882703947,False
0.59846232644172026,18,1.3163887340604052,False
0.55778687288137641,17,1.6168339050383442,True
0.50333622631594366,16,1.5212061058021229,True
0.53383843436266287,16,1.6160805855093283,True
0.51954139575377556,15,1.6285829931432951,True
0.57106822302044691,19,1.1558698798902816,False
0.56693356190335586,16,1.5299113833782312,True
0.53502119697128347,16,1.5629010546222475,True
0.563512495261835,15,1.6306740486407598,True
0.52187663375717019,15,1.5316873313687962,True
0.54379697619743506,16,1.5392643248651849,True
0.56565503720695642,17,1.5038544869932002,False
0.55058942027637103,19,1.5058119321317986,True
0.50476361607613984,16,1.4330479940552112,True
0.57719285767193962,16,1.6561337066408275,True
0.570967219231173,17,1.5737120603986683,True
0.57261568338554381,17,1.6678937494156205,True
0.52883002511529276,16,1.4593982562521917,True
0.576341234994178,18,1.6962782902756213,True
0.55867491679086323,17,1.5499901839876555,True
0.54561783130304753,18,1.3440960205178492,False
0.52700125277784471,17,1.5614710570837391,True
0.52979198171296416,17,1.4319552193038008,True
0.52860907007711044,16,1.6252922299544073,True
0.56186290552055473,19,1.5741818050483098,True
0.55174156538666352,16,1.5747503081573722,True
0.50284459647268598,17,1.4965506109669648,True
0.54963504619234049,17,1.5700961723425126,True
0.5300729017412058,15,1.6773235680557042,True
0.54971440934059101,17,1.5404795683132042,True
0.52630881601712354,17,1.39558129618728,False
0.61864076759658515,20,1.6335039989756877,True
0.5175918308731392,18,1.3620592843693231,False
0.55291149733263523,17,1.5996933611697806,True
0.5374142633625919,15,1.5859325451481863,True
0.58345129412251906,16,1.6126598344123191,True
0.48327295233666678,17,1.4286645040161996,True
0.51781869671193492,24,1.3859959626031446,False
0.56095691796130376,15,1.5604597642484754,True
0.65951746600183836,21,1.5751469667360898,True
0.59544717062745711,18,1.6998034150202095,True
0.57002881315552067,17,1.601401494084902,False
0.55867325565117143,17,1.5475626874988362,True
0.56040266456213161,18,1.2016816520440508,False
0.58097035699657362,17,1.7023197306574949,True
0.54945401886715273,18,1.528582079149986,True
0.50625179777453588,17,1.3514384061949318,True
0.68846176210453391,22,1.6977155545246903,True
0.51769295689415251,19,1.5373873562274705,True
0.51870482210789459,17,1.5172531594953398,True
0.56504488442132761,18,1.5396329383097906,True
0.72731864677549785,22,1.5632771348376435,True
0.5766153022120134,19,1.5741937303265634,True
0.49167794101467954,17,1.3761963175758496,False
0.50310101501129201,16,1.4053764834181095,True
0.49976039433599928,16,1.5124119020288185,True
0.58270748542641648,18,1.4858985914278442,False
0.53677956189639686,15,1.6357236939165847,True
0.56313009312809026,19,1.5469794144324083,True
0.5681384177254456,16,1.3488526048127343,False
0.51347571543387827,16,1.5781244290890104,True
0.4882927226799289,15,1.508446682382881,True
0.54743430658593661,17,1.5712453312715435,True
0.55389837500068861,19,1.4887779590291081,True
0.58727428745801469,21,1.5964732781850681,True
0.51076699337245268,15,1.5880880876837042,True
0.56489572609802918,20,1.6781388027715241,True
0.56738525175775123,16,1.6666127544178544,True
0.57609916092538627,15,1.6100631319630061,True
0.62223025345617711,20,1.59338797751765,True
0.59761586842243497,17,1.5754753485513147,True
0.67666059857110528,22,1.5929835015780636,True
0.51757378868888737,16,1.4620369694113824,False
0.54947468720139148,17,1.5994317725076153,True
0.58784573793709882,19,1.6308881213220212,True
0.66278812387385344,21,1.6664719969849433,True
0.57957771342143638,19,1.4526725737918469,True
0.62392974199009754,21,1.6119701648312375,True
0.55129902051525626,19,1.5168209560878612,True
0.58140058009627782,19,1.642971032976938,True
0.61810673619796475,20,1.6918879915174654,True
0.48892125898081246,16,1.4154996788524405,False
0.65664825097130031,22,1.6317348111369594,True
0.54819990411773956,17,1.4351171959854345,True
0.57722960138687829,18,1.476859306409072,False
0.60593117629151849,19,1.6164122344208927,True
0.52382352368497365,15,1.6194196949318429,True
0.55841265050693678,15,1.59005844280971,True
0.58013019093926887,17,1.6503631320749885,True
0.59788426038378073,17,1.3695327700232425,False
0.59031153371105549,18,1.5973270206916359,True
0.62176084440406554,18,1.593984723691259,True
0.53277686951455083,18,1.4055044616913126,True
0.55950494157436503,15,1.6119054498407859,True
0.64937408750647874,20,1.6871978822427878,True
0.54523636966202849,17,1.5101306744162406,True
0.56001693773330541,16,1.5523230999618347,True
0.55002573448786185,17,1.4434076621167204,True
0.55905985599792296,17,1.6350154478276004,True
0.58976447466625848,18,1.3958778282357522,False
0.57028807166699114,18,1.6423788322548458,True
0.49921842807262046,14,1.2817831510190962,False
0.58900662846638707,17,1.5235946348678497,True
0.51084037216954603,16,1.4499873942358865,True
0.63560898772974161,20,1.6280989344903956,True
0.49943745740446405,16,1.3892519488954618,True
0.56848423216017696,17,1.5173549073291273,True
0.54811968677582923,18,1.4678066843446802,True
0.52095625156999115,17,1.4838282656607982,True
0.51583998498308625,17,1.3807687793077075,False
0.52571365670258796,17,1.5003652171884747,True
0.5160469488238274,16,1.4600280206690792,True
0.68484355567855448,22,1.698698163532866,True
0.54279389583473259,16,1.4837092983565279,False
0.61451800496783382,18,1.5951024087669468,True
0.52831079836116546,21,1.3833429899254828,True
0.56003344139950595,17,1.3815475511940547,False
0.598602907514868,19,1.4278379854863639,False
0.52711981923247231,15,1.6708142305447413,True
0.5541963399002795,16,1.6106486498554651,True
0.54820676507327748,18,1.4551979512959352,False
0.52117155059074383,14,1.6769963782496726,True
0.55122345837870745,15,1.6358289794802263,True
0.58489632731587127,19,1.5915775107263661,True
0.53999707627901339,16,1.6511295376455317,True
0.58911502808915184,19,1.6175906588241109,True
0.58658889972008488,18,1.4452465555637566,True
0.53526739965553782,17,1.4102854298952687,False
0.6757643847836815,22,1.5935670955626891,True
0.57088831759716474,18,1.548982821016724,True
0.53012922114814209,18,1.401302807971206,False
0.57529659576118986,18,1.5884471322148481,True
0.55546976360790701,14,1.5369189132592103,True
0.55821955425512915,16,1.5797924675558543,True
0.57248965437423616,16,1.6664879334356166,True
0.55065621184266889,18,1.411438960781203,False
0.51696421795553094,18,1.3786207018946606,False
0.56106221640838772,17,1.6225441205432765,True
0.62848931992279633,19,1.5304208475505499,True
0.54557980789023464,16,1.6390558172798235,True
0.55082118590024454,18,1.4472473269580137,False
0.5178518618585034,18,1.5812630360495945,True
0.55399970031016976,17,1.5875030997254249,True
0.54185335135047108,15,1.4275126359499188,False
0.56566917849581555,17,1.5979074478966309,True
0.56730197622533518,17,1.4381816315827232,True
0.53086103939634055,17,1.5560095267466683,True
0.66364156740145208,21,1.6346511701788806,True
0.52755534573020901,18,1.4391399442070669,False
0.57390827336438666,21,1.3270112375064653,True
0.53063888758343902,16,1.4999547636308601,True
0.56278095557046626,15,1.6939901745015071,True
0.53806970524235287,17,1.3520500897242631,False
0.57489668037150254,17,1.5041828799982908,True
0.56933979474558072,17,1.575559889467403,True
0.53578962545869258,16,1.398891355683741,True
0.54965178056859865,14,1.6467065146018147,True
0.56116609056343392,17,1.6042219040787027,True
0.54442426318947179,15,1.4199149205850981,True
0.65474975960586934,20,1.5770398600919247,True
0.53628364994256772,17,1.4768382777509192,True
0.54763221365537396,16,1.5926124517311042,True
0.52022629772125994,16,1.5875451179192639,True
0.5894323974064446,19,1.5954746366673753,True
0.59229221420457789,16,1.6556825823122361,True
0.85326673590361779,29,1.6588396523987121,True
0.5533613216521226,14,1.6559198283106475,True
0.51587743174907785,15,1.624488690346896,True
0.55743386088080571,17,1.5287699371156618,True
0.53261916001086684,17,1.4248575774772239,True
0.54661262082934492,17,1.5511931278559876,True
0.52233255803431144,19,1.3773124038544404,True
0.53359832723970735,15,1.684200831211512,True
0.50724591848731782,18,1.3882868920569682,False
0.54151681407222696,17,1.5099367104555101,True
0.52197730396966258,16,1.5468260519602186,True
0.52213235829915505,16,1.6099459249733485,True
0.57847119004471359,18,1.4893780462048856,True
0.54995361792791708,19,1.3340116914694724,False
0.56559589592703619,16,1.6755151439469917,True
0.56253313572617125,17,1.6240307636058646,True
0.58323818556302742,18,1.4545144255711884,True
0.53659738961415404,18,1.5074929796858738,True
0.58734787440308345,18,1.4743895634439219,False
0.57599284967166808,16,1.6717814113936122,True
0.55708131325432952,17,1.4411364913040652,True
0.52130116460877174,18,1.5910434494400687,False
0.56967751529189548,18,1.4399590985536339,True
0.57212593273104162,15,1.668286517812223,True
0.66362444214721406,22,1.6415789441981934,True
0.59672753312889759,17,1.347341156682583,True
0.72017179191438507,22,1.6705623355710773,True
0.58145744182598591,17,1.4589893087829038,True
0.51966086206360917,15,1.5992337110292469,True
0.49071949688897831,16,1.4043680051000513,True
0.71308848180984719,22,1.631298857519887,True
0.53729556202859596,14,1.5843887368834983,True
0.54105608132756344,19,1.3653174242556176,True
0.51973926755668798,16,1.5296871666074012,True
0.54396717221165536,16,1.6259436988825198,True
0.5920531537610354,17,1.6614347091494586,True
0.50236934674957978,20,1.232281057861633,False
0.54280192284612339,16,1.6489143505431245,True
0.55547495575833039,17,1.5314600278452328,True
0.56061770584039294,15,1.5337054152792711,True
0.51877597243846607,16,1.5805247113266827,True
0.54199521076060397,16,1.4208984410801881,True
0.60802701273017168,19,1.6265370646176576,True
0.54085851831830445,23,1.4803123288402382,True
0.53428384617126268,16,1.5629436121640894,True
0.5526313796633826,17,1.503005239509914,True
0.52919474117328436,19,1.4211960478290735,True
0.57889762483423768,18,1.6011481582910894,True
0.54677381726070451,17,1.5160878281751788,True
0.58569596382008915,17,1.515661811826549,True
0.54893420736023157,16,1.6150007046391099,True
0.56347025686967356,16,1.5468482423344387,True
0.54791832073261504,16,1.600122717241814,True
0.55584054108209169,18,1.5372719597133748,True
0.56613390161789912,17,1.5985759283182985,True
0.5326672877065769,15,1.632824808061879,True
0.50664814297275695,15,1.6424115055689597,True
0.58705003046245019,19,1.6372055196150694,True
0.57940453587017082,17,1.6528564709896167,True
0.49355273870513933,16,1.4935804097288765,False
0.55487937840286816,15,1.6580754280264531,True
0.51611298214782186,16,1.4539959611863211,True
0.55901664214042801,17,1.5802886861844883,True
0.58631645174943348,18,1.533895230535939,True
0.56144960615446593,17,1.6522833087890558,True
0.53966358938032122,17,1.0724485430256796,False
0.67538869999058904,20,1.617147815395571,True
0.53704969496408261,15,1.6325599879163215,True
0.52169656379616991,16,1.5679571845949998,True
0.54887419934208237,17,1.4845737552933114,True
0.51053220290157453,15,1.4976032681986997,True
0.60428978223001661,18,1.5208130245339009,True
0.6315115751790189,20,1.6173037560103318,True
0.59967716336238197,18,1.6747528013340662,True
0.56586777900220164,16,1.6564226575150396,True
0.5075010313770788,17,1.4984313654156365,False
0.5327785433751594,17,1.4449602971324891,False
0.52695472496923768,17,1.354334038179793,False
0.55649477526490254,15,1.6830212664510331,True
0.55510615589915913,18,1.4891406203615996,True
0.53537163628681972,17,1.5257029702339937,True
0.52457340205705449,16,1.545824404523096,True
0.55133650500847531,16,1.556571096042461,True
0.54172587401421524,17,1.5607938287834029,True
0.55431523985702602,17,1.4984877495680857,True
0.60293794911364251,18,1.5699988405268754,True
0.64685599254552262,20,1.6435112393344866,True
0.5015212858874657,16,1.2376653193351481,False
0.54783737804494703,16,1.6118106609276084,True
0.49811111038080336,16,1.3803031775927783,True
0.53684198520859461,15,1.3223591291836525,True
0.54313770973229669,13,1.6550227869305865,True
0.59652375192622475,16,1.5421692795265465,True
0.68637134040192271,24,1.6959440971245032,True
0.56691460597230192,16,1.5681970342696974,True
0.5178163357221014,15,1.6218511573540118,True
0.645507351266426,19,1.4753958708340253,True
0.51099500112055596,16,1.5832465159142237,True
0.60855670788839911,19,1.6220214042801575,True
0.54018011252653253,16,1.6426777741426861,True
0.53437775295382328,15,1.6445425955248125,True
0.58469969944290778,20,1.6830189162133933,True
0.54187746213136712,17,1.5020081205765852,True
0.55683655571876733,15,1.3816399412180007,True
0.77662475435823974,25,1.6961269423698913,True
0.58977477534736689,21,1.5571318141939305,True
0.65248411391306194,22,1.6595551995285462,True
0.57249786390019453,15,1.5117301947718746,True
0.65323491438776149,20,1.6108923646566804,True
0.53824178682976109,17,1.5108352099512774,True
0.50224471541330995,15,1.5080490129449053,True
0.60460959995889807,18,1.4809902801798949,True
0.53879204495390398,18,1.5603262970052971,True
0.58899349455504679,17,1.4421331687434076,True
0.63177860761364724,19,1.3636516114143435,False
0.56387994468571068,16,1.6170826276146186,True
0.52380811683424489,15,1.3779699752826948,True
0.5494739045180107,16,1.6411454523889262,True
0.52443843408045232,18,1.3305493527749943,False
0.51807899389183654,15,1.6506325411014953,True
0.50158027625121426,17,1.4157653705626509,True
0.58615938210568774,17,1.4087474176344474,True
0.58440268411940499,18,1.573619833048576,True
0.49850550353059098,17,1.2704789920257311,False
0.55633399908041448,17,1.5998119664905797,True
0.57076780058685339,16,1.6631999806263775,True
0.5598595824739796,17,1.4717066394891791,False
0.66058284558083702,24,1.6241950696125436,True
0.58176569689406432,19,1.4277839956397367,False
0.52425019493587488,17,1.5298296706845229,True
0.57524461887676348,16,1.5642494384996721,False
0.57821356380703848,18,1.3505824335416177,False
0.51106552323756893,19,1.4666388718830392,True
0.56871440164905029,18,1.3926936052623986,True
0.57363079749692258,18,1.5466681170704937,True
0.56256376998941104,19,1.426291168314082,True
0.58987894642062155,19,1.6338569923854562,True
0.57256332660262965,18,1.5355370576449312,True
0.52026787240004324,19,1.3402863759468235,False
0.5829283886297606,21,1.492750314419947,True
0.55526049308835457,17,1.5503790786605274,True
0.54662602452927189,16,1.6118153486967506,True
0.57610947155408099,18,1.5326713010557391,True
0.53207290674853347,15,1.3184549273385218,True
0.54113504324198503,17,1.3578948473602914,False
0.53011070522307224,16,1.5337891192706303,True
0.5706892154133768,18,1.3814543417068987,False
0.65897666866269511,20,1.5312268618221661,True
0.5991066579742248,19,1.6349613121567286,True
0.65623239492329222,21,1.6306985893720289,True
0.61406945264824531,20,1.4415050896165673,False
0.68038539359914796,25,1.6456891582528748,True
0.5389116617335421,17,1.4247164747680459,True
0.53091834310592234,16,1.6322436151500701,True
0.5899297582243308,17,1.6501902199556027,True
0.53321685494250759,16,1.4768745445663862,True
0.57362499273516698,17,1.3203512227210148,True
0.5463961461277197,17,1.6031406833708726,True
0.56323767639583555,16,1.6497003166673634,True
0.53363652700921183,16,1.5338729938103557,True
0.56598023719868706,17,1.5554514177589633,True
0.56055720520097307,15,1.6284131402929511,True
0.54278218772506159,18,1.4591481629835357,True
0.54087435924762362,18,1.3139966000518104,False
0.57839564708017321,16,1.4878381447432096,True
0.51668769590070485,16,1.5815204499554922,True
0.54114738447552035,18,1.4441993492324852,True
0.55598551687498032,17,1.6019151102969014,True
0.47720440326719421,18,1.194178401153472,True
0.54151312486106162,17,1.5488749466355936,True
0.5503463842779911,17,1.4077563498798518,True
0.51996678710900057,15,1.53480540192347,True
0.55389186952045333,18,1.4248353334633104,True
0.56681297637858885,15,1.6186845185649641,True
0.52849014657329674,17,1.570481437855537,True
0.52795206077499168,17,1.4009020471864708,False
0.69236629718255638,22,1.5367085468511701,True
0.56161199441550758,15,1.6014542983461577,True
0.5595334028117358,18,1.219955610359003,False
0.56322924424011578,17,1.5535495838440943,True
0.62393224658026936,19,1.7036959690098608,True
0.56509423355169874,17,1.2363520089388,False
0.53605181917925693,17,1.6130822933250601,True
0.5778758948849132,16,1.3707808457838195,False
0.62039746189097089,19,1.4873034213750547,True
0.52939631167109302,15,1.5401533490713251,True
0.48538878186141987,16,1.4753203425258972,True
0.51222844165183101,16,1.5620256192267306,True
0.53981868804332012,17,1.5940106161393679,True
0.54931783729625761,16,1.6898694208371619,True
0.57196399808197207,17,1.6216452719230852,True
0.53999234274986807,18,1.3928088466729187,False
0.52207996910693555,15,1.6476757045462687,True
0.53956505547957523,16,1.5505157881145117,True
0.58132452116958089,17,1.6149953823799361,True
0.52140516437826223,16,1.5256343779960917,True
0.53936362067693677,19,1.3595153826321384,False
0.53764896222335168,17,1.5409237901448838,True
0.56486572680274916,19,1.32893460282751,False
0.62368703569736383,17,1.5495485077504005,True
0.57426237486774467,18,1.557546949238843,True
0.60083751187463341,18,1.6587459855515538,True
0.51331678859831942,17,1.2881146302837461,False
0.60905609481641365,20,1.6638352477645233,True
0.68846356848538304,22,1.6951899387047717,True
0.55028199453945936,16,1.4317768627092078,True
0.53698062656370804,16,1.5906988453384634,True
0.62250189807356227,20,1.6431974696186356,True
0.53920770120197326,16,1.5970085508565184,True
0.59780526935672773,18,1.3385936573657502,True
0.5546701595585668,16,1.6888365117679747,True
0.56181891004818607,18,1.5796951905278627,True
0.53245443851883389,18,1.487929590322177,True
0.56857258479614892,18,1.3381382491080287,True
0.54924053466970812,15,1.6892122321885052,True
0.54114480550590438,16,1.4788722340558502,True
0.53424230115944549,17,1.6387581036120527,True
0.53824737151761248,17,1.397092500747408,False
0.54152707574520431,18,1.4862704292379243,True
0.54504644268270364,21,1.3955323358268283,True
0.68570818315137771,21,1.6301478510661036,True
0.50452540301374504,16,1.4913868500827643,True
0.58878584914122467,20,1.6024363707086293,True
0.5436022049265411,17,1.5659362976399187,True
0.59883833562736044,19,1.4927747414421326,True
0.56386817472316497,17,1.4315714494775753,False
0.51121553655509644,16,1.3012113509244949,False
0.52246182785129913,17,1.4568623614763661,True
0.5708630342302371,17,1.5450627708898372,True
0.53140838948426894,15,1.4085983418910586,True
0.56006651506893312,16,1.6841220579699072,True
0.48451565165003446,21,1.3198207310899677,False
0.65410162339561406,22,1.6986478149371518,True
0.53258912491805832,17,1.4202782059171735,True
0.52206334482983652,16,1.6174337436377999,True
0.53931831610632808,16,1.5401071058067433,True
0.59481071668975971,18,1.6018254064476078,True
0.57078038722580871,18,1.6511216421679642,True
0.49105322336677359,15,1.5126206497203281,False
0.50103286327231566,17,1.3442573046488095,True
0.5275087188948433,19,1.5649539292198362,False
0.522462130876297,18,1.4177261297987878,True
0.59383293231067669,17,1.2966592263831835,False
0.47367912862613304,16,1.4405517227910416,False
0.55014295030797289,17,1.5727466226851172,False
0.54852917256829226,17,1.4351119027660217,True
0.61283006202805024,20,1.672491120819118,True
0.52312431825605799,16,1.5649326952884914,True
0.50899945320197804,17,1.5145486306204547,True
0.53220713644969542,17,1.4894443385461404,True
0.52058665295765938,18,1.4422759605264626,True
0.52664830600584445,15,1.638849063449747,True
0.57098869370510441,17,1.6527157656864053,True
0.72890269808978991,22,1.6317169224443107,True
0.59004891981116714,18,1.6470381500692259,True
0.49984906107030241,13,1.5641239769589965,True
0.54850292896162145,15,1.6309540060251642,True
0.57625604144021381,17,1.6506705743579955,True
0.95124615164464643,18,1.510195424675828,True
0.62070420871739473,20,1.563570779718056,True
0.51525229807957607,17,1.4837058312050693,True
0.5635758404257073,18,1.4312881826464994,False
0.59238069437835772,16,1.2617695270609022,True
0.54706726212325363,15,1.6004398998955724,True
0.60853891306429675,22,1.5641436873071575,True
0.4970033799434217,16,1.4133157624632049,False
0.48482037776813847,18,1.0898671478168667,False
0.62149098790528223,20,1.3823759327486085,True
0.54014649313593388,19,1.4009862286761141,False
0.57611435642908226,18,1.4965152169137625,True
0.59167520129598195,18,1.4995042367048181,False
0.61640476886581741,19,1.3502784911751735,False
0.57675241698404145,18,1.6272452473410683,True
0.71966787496286466,24,1.5661657631461048,True
0.63687950438644081,19,1.6714614841143773,True
0.55929112702723671,17,1.5242397959478164,True
0.5548661200166245,17,1.6173881193205111,True
0.57205382362585466,18,1.432282198536122,True
0.54150723130553446,17,1.4685016459730735,True
0.52545328501720312,16,1.5814928007002076,True
0.5081116943862074,15,1.6066699172431593,True
0.50292706061460812,16,1.5052520126930287,True
0.58110571032411584,19,1.4775550388694965,False
0.50050348798201783,19,1.5502216756824572,False
0.53684021618938516,17,1.4712842344608792,True
0.55850395371254324,19,1.4596820705151372,True
0.57706287555818769,18,1.4806029863295942,True
0.50214976882806006,17,1.401847520393753,False
0.50292567497312091,17,1.4992560909976056,True
0.55453392304433646,16,1.4139131972787216,True
0.53375183515863533,18,1.5563957641695234,True
0.54059425190655064,17,1.5846308072326305,True
0.53558502791637408,17,1.5839722058942898,True
0.55019196746709664,18,1.4504332573084744,True
0.60549823018604498,20,1.604293204542101,True
0.54857883124942441,15,1.6626305162802384,True
0.58389143982678804,18,1.5397758938598243,True
0.53371929315466371,18,1.3527020746041423,True
0.54913544669858316,16,1.6505847304244798,True
0.9526086121366949,18,1.6046822377895145,True
0.66796500191029773,21,1.4639858448228469,True
0.57347269392809852,16,1.650107026367152,True
0.55544439446244998,16,1.6719786406031221,True
0.51357919069746494,16,1.4383158305657628,True
0.6059943795396977,18,1.5460953689783663,True
0.63749581253546805,22,1.6599772823330725,True
0.52034962523625861,16,1.5898580207228679,True
0.5361799844291113,17,1.4142422862302291,False
0.5650752915933388,18,1.520135557782464,True
0.54573415018279059,17,1.4356467112355886,True
0.56816222964032215,18,1.4284091617162287,False
0.56459533898322034,21,1.339478452570019,False
0.51331790675859978,17,1.5408014837567141,True
0.51577280159758176,16,1.63283755345296,True
0.54561142458642142,15,1.5994115554016661,True
0.494371146244931,16,1.3830698242051629,False
0.67216424360102822,21,1.5715456377198598,True
0.47894661648648446,15,1.486856656598827,False
0.54316274038658563,17,1.5016908257176549,False
0.52963170467252829,17,1.3907882692574627,False
0.54604861000192484,16,1.6085724185930295,True
0.57243671265764617,15,1.5824096098905234,True
0.5737935665716325,17,1.5451627073377987,True
0.52679417333022072,17,1.440389830974488,False
0.53675977307907141,17,1.5431250654464062,True
0.95037084500535707,20,1.6603651361118703,True
0.53064443653108273,17,1.5061235492714982,False
0.5265397141321011,17,1.5033680770757532,True
0.56138582922268243,17,1.6108516426851647,True
0.68489322538103459,22,1.6357354503120196,True
0.51093905770666326,16,1.5850432878261893,True
0.56725803308086953,19,1.5896424569182452,True
0.48668505427791925,15,1.4711416839273275,False
0.50937420693163837,17,1.2535139149551,False
0.53205745168661767,16,1.4756904302369347,True
0.57017756691172761,17,1.5675854438454901,False
0.5841755055707194,17,1.4472112810354165,True
0.57257165171055702,16,1.611895952178702,True
0.48888265814928872,17,1.2849550461706845,False
0.60593053178309597,20,1.6807915230537882,True
0.53513601071638361,17,1.5158112714933212,True
0.58305579799634599,19,1.6085165777599977,True
0.55288181422388583,18,1.4840152409132688,True
0.58414982971834672,17,1.6697491831650182,True
0.6045422136721903,20,1.6633818418087312,True
0.60433499556400305,19,1.3396447727902023,False
0.56753785244716171,16,1.5559568488496909,True
0.53516251604470644,18,1.5512432210358043,True
0.52348462254249384,17,1.4722785307021897,True
0.5290024334749841,18,1.4594878737986754,True
0.55437372692099973,17,1.4485442254149004,True
0.58561909212207841,17,1.2145590691762163,False
0.54960745064692251,16,1.5329204178876097,True
0.57275418939318579,16,1.5825189974692766,True
0.55242594579219262,16,1.5872259314999633,True
0.55514307048155509,18,1.580174245166454,True
0.57384009549404791,16,1.601350660550831,True
0.52004828315637996,15,1.5281169372682992,True
0.53551403561374555,16,1.5728265495683249,True
0.59581235988988268,20,1.5349676481383239,True
0.54042214301766245,16,1.4938551907172082,True
0.52981584654397162,16,1.2288449405800941,False
0.6141726248710967,21,1.5222694671339592,True
0.54495413671997139,17,1.5507612628522023,True
0.52017122599353693,16,1.5608953810263151,True
0.55983142947868192,18,1.2592682593066322,False
0.55636327723698897,16,1.6868516714958668,True
0.54888577343764422,17,1.6474461604213599,True
0.5386492539527209,16,1.5248046635600778,True
0.5527704005498546,16,1.6648944390683988,True
0.51065464850689435,16,1.5093482687467448,True
0.50904076303501711,17,1.4485741056982824,True
0.55459457033548665,17,1.467847047354162,True
0.49142047526027444,15,1.3977146876771078,True
0.57302852680395944,18,1.3880544089154554,False
0.52062457347236801,17,1.3240518292256944,False
0.54801544535264568,19,1.3635871574698166,False
0.67842656849302463,25,1.5543628682909412,True
0.57330875282808957,16,1.6565073666715557,True
0.61517517006698674,19,1.5393712425613102,True
0.54132353767316799,17,1.537437775320277,True
0.51953199952558626,16,1.5532458081613647,True
0.58639140762624498,17,1.6719516918996191,True
0.57709995106498013,19,1.5071989290326997,False
0.50150624024163548,16,1.5112121867429449,False
0.51762980627082456,16,1.4971193281365669,True
0.62596019599074793,20,1.4309651930962124,True
0.5603687021957664,18,1.3094911157253366,False
0.62363168867345031,19,1.6170052641911219,True
0.55502145656316071,17,1.6615633812727908,True
0.6361987676856582,21,1.6939075670574419,True
0.5090899242895468,16,1.4534052173740519,True
0.54530022360630448,19,1.3897682744108339,True
0.58111689988846715,16,1.5248761090769309,True
0.9625953472778378,19,1.6317385262501527,True
0.54972681791511135,18,1.4910108724083206,True
0.69743627007576858,23,1.5612406944703885,True
0.72031602872893696,23,1.6505786659973662,True
0.59533169995788593,19,1.6360586537183255,True
0.52528645028405063,17,1.5536451907160718,True
0.55827528739348253,16,1.709102012918795,True
0.4804751558575644,16,1.3379800179377703,False
0.57965069462053476,19,1.339787993872251,False
0.58072975218773215,15,1.6706710314845639,True
0.50061829217622311,16,1.516375790130901,True
0.6214177450624444,18,1.3951490901688302,True
0.54867007954581903,16,1.6739153952858667,True
0.5670958560640158,17,1.6861716990060747,True
0.60052513068015045,21,1.6299294517252787,True
0.57362195477335409,17,1.4857643001011585,True
0.60310230574039159,18,1.4466155519659718,False
0.5679656085859045,18,1.2107628694873747,False
0.62689498101188357,19,1.6524362230397804,True
0.61876546322310988,21,1.5388462045677491,True
0.55214279327285543,18,1.4567916017681986,True
0.54718223919800968,16,1.6089578780640665,True
0.57032148923238501,19,1.5603282858569596,False
0.56176822371813229,20,1.4147248745604326,False
0.58112951284552283,15,1.5739844427463576,True
0.55620277197466583,17,1.5480493946664187,True
0.55651148245618332,17,1.5540845194354875,True
0.55351063074688411,16,1.6579741572787308,True
0.54341643298892783,16,1.5653307813894122,True
0.55519813517738315,16,1.6938289582858934,True
0.53678727597760767,16,1.5883041808648026,True
0.54841047478059879,17,1.5915641810808963,True
0.48970314324182651,16,1.4566589052830781,True
0.472849237431332,17,1.1064218843248139,False
0.66502734164940636,22,1.6415245429131595,True
0.53575180255114108,15,1.6423311508511536,True
0.55709928051071256,17,1.6113207293223195,True
0.62492730450344702,19,1.4979266850401081,True
0.63513138994625107,19,1.5983019228421855,True
0.52991074703030216,16,1.607079552584525,True
0.62821578775939102,20,1.7050734691213354,True
0.50461541129681065,15,1.2069871733514619,False
0.52435684401229166,17,1.5029551010304854,True
0.57084079426021117,16,1.6737052053789088,True
0.55660372720797047,17,1.6228622209317358,True
0.4904076507955677,15,1.4856275454247256,False
0.63998213974231222,20,1.6806002412314813,True
0.60867163297466909,19,1.5272199081060214,True
0.59255746343896509,18,1.586882944119923,True
0.55337493232900203,17,1.5057524526274502,True
0.62653406522535837,21,1.4843324564672846,True
0.56607479318280551,18,1.4999868645032339,True
0.50705048653657148,17,1.4681226772906399,True
0.54298003481597634,17,1.4026033046073807,True
0.61004851292679951,18,1.6749476849368503,True
0.53263340679427185,17,1.6904228014888143,True
0.50874139878502977,16,1.5923180501365657,True
0.52126974415808036,18,1.3997804532305347,True
0.53807347717200293,19,1.401778163459702,False
0.57205926513624117,19,1.3498117210389646,True
0.54735986218664145,17,1.6210070512207844,True
0.52628412628176824,18,1.3290985511794895,False
0.55978646740687099,16,1.4262853682078922,True
0.54237740065728113,15,1.6658818136355702,True
0.57163006764011115,18,1.6458531495774389,True
0.54461823618018079,17,1.5456812170767988,True
0.59858736238210153,20,1.5481922251647831,True
0.50878461701935707,16,1.5600294301011,True
0.54312924027640042,17,1.5693112946685361,True
0.55056448054987051,17,1.5390222299756084,True
0.55623496807484063,15,1.6706082769791815,True
0.57498723973738852,18,1.4342239864050887,True
0.49709302052446985,19,1.4536013045628948,False
0.5599540154811512,17,1.6166230111252275,True
0.57503031247167991,18,1.252028592184977,False
0.55069350969681041,16,1.6349557872829337,True
0.54129785989264678,16,1.4954224607401119,True
0.59662121889866448,18,1.4432386981448988,False
0.73075549425924569,24,1.659237906978912,True
0.56711258661051434,18,1.577784150505434,True
0.59719409908219423,19,1.6275097670771013,True
0.61223238783591283,22,1.561525900154157,True
0.51083476241647929,15,1.4627323665731458,False
0.54876707148603543,14,1.6473977085730871,True
0.72343515024390193,24,1.678760516496878,True
0.54582699579313099,18,1.5116738467022692,True
0.58208101224661224,18,1.3583837640515468,False
0.56070107470895436,16,1.3912817645542621,True
0.5031510707532667,17,1.5221015755966723,True
0.60837221401929464,18,1.5470571877715114,True
0.54685403748617323,19,1.4541102191911761,True
0.51973853591435981,16,1.499805893724838,False
0.59887637318392284,16,1.4059030048792445,False
0.56659416142107399,17,1.6279668632234856,True
0.56564433637762934,17,1.6262178772301104,True
0.5731203167563178,21,1.6244772450426532,True
0.54775744759009148,18,1.4627299308989516,True
0.59868583679987442,20,1.5566156082112268,True
0.55879704031524102,17,1.4738343189884981,True
0.57855761643158543,18,1.566058331745773,True
0.56246827138596711,17,1.4822729507210597,True
0.54784936791843863,17,1.6513365876452246,True
0.54187078551322765,16,1.5325269077563268,True
0.54745796757428999,19,1.4969657418333151,False
0.58320136505285047,17,1.5797677461417039,False
0.50496556017071559,16,1.5433426081217902,False
0.5137418870276238,16,1.6572692946729961,True
0.6164626869376284,20,1.6559390197122723,True
0.57429943377168335,19,1.5746724736364348,True
0.52196052104206558,19,1.4439167225024812,False
0.53424506714625375,18,1.4921066871998099,True
0.55685094306933547,22,1.2726784706322087,False
0.57680652237957986,16,1.6439598491559575,True
0.55508084662977597,18,1.5307042000258895,True
0.55718372056001864,18,1.2408159321433945,False
0.57225402621357258,21,1.4458455687424911,True
0.5116655849323305,17,1.4839573207116656,False
0.55040296736114158,15,1.6926333663060495,True
0.53632329046552052,16,1.6698266586599515,True
0.57541552298695309,18,1.5145268112450636,False
0.57484874532647634,18,1.5757332256249406,True
0.51678495373283106,15,1.5426372372113197,True
0.57050962409024053,17,1.6042406769685433,True
0.56009260935628213,18,1.5911730803955124,True
0.51956190998078267,16,1.5159984335514953,True
0.55926335434820329,15,1.6200742643116406,True
0.54412456151848987,18,1.5580879681085678,True
0.51376538263703919,17,1.4692314546089869,False
0.56004368919948799,17,1.5929981364684462,True
0.48638670928327288,16,1.4830471163464856,True
0.62577555513877758,20,1.6210991138733613,True
0.50804813850187502,16,1.5255345810462428,False
0.53178396909181036,16,1.6074632097488515,True
0.59772454954544307,17,1.3491777560282368,True
0.61364708002275892,21,1.2374692777406084,False
0.55627312419992681,18,1.5680917424143013,True
0.55008766035381029,15,1.5084434596169343,True
0.54708469407910876,17,1.2854879324982611,True
0.76746959809573234,25,1.674276240530586,True
0.47630671085856352,17,1.4295725864230149,False
0.55930188123959956,17,1.5535035671040747,True
0.61266021921169134,20,1.6876984913446154,True
0.60918000325004629,18,1.6409884288315197,True
0.65568667028676697,22,1.5540280989887871,True
0.55462323304440142,17,1.6401196245974625,True
0.51605486088779862,16,1.5178185211134692,False
0.52160769277132168,17,1.4617738736357606,False
0.5353870736980868,18,1.5767617140792787,True
0.57006325543951752,17,1.6604033306366246,True
0.54508998378017448,15,1.6991579843033109,True
0.56034954004098669,16,1.5515961468449964,True
0.55244797531732481,17,1.6212853040532158,True
0.55971425513008244,17,1.5966345758611018,True
0.59209224840440755,19,1.6163027220232316,True
0.61633587798230849,19,1.6147443702896527,True
0.52558846123798897,16,1.5335799052705832,True
0.54024773724685249,16,1.5908326254362413,True
0.53032364005214794,16,1.3563097712440471,True
0.54789518734579334,17,0.95575660253231831,False
0.63896432936379477,21,1.6686031722705477,True
0.57524292248707187,16,1.5881076509905616,True
0.47276949067762675,17,1.3783266337161038,False
0.54958768143337999,18,1.4831756263217335,True
0.60275345186427387,20,1.5458636362158822,True
0.50426207770614784,16,1.556409793196573,False
0.4811477967538384,18,1.3163434578959416,False
0.56210627582203954,17,1.420138732238996,True
0.9507324475754515,19,1.6721581815844433,True
0.55489105142986683,18,1.576263764798115,True
0.59671862359572381,21,1.6473437120615522,True
0.5445807828322633,17,1.5606526291456722,True
0.57332429517020267,19,1.5909963853840439,True
0.54931039879392884,16,1.6540115061673129,True
0.57999000145478541,18,1.4114142449088458,True
0.66700177167719477,22,1.5926331638259072,True
0.57983044696059605,17,1.5814439303493448,True
0.54231861285223448,17,1.4746542848149924,True
0.51493090404201602,17,1.4140324784270202,True
0.57968212746867676,21,1.3307428281856786,True
0.54745281221423725,16,1.6103079004439438,True
0.53380909692952239,15,1.6182132500079571,True
0.57226127455781073,17,1.4548316698511579,True
0.53850804318940915,16,1.6360003768572788,True
0.66484502040371718,23,1.6731617760846824,True
0.62488727577697267,21,1.6294594024090827,True
0.59956980732124798,17,1.6035425561484162,True
0.57406467039794795,18,1.2305240972407332,False
0.60998311069231659,20,1.5016674673290207,True
0.52914518277921141,15,1.514532364271767,True
0.56227659984219858,15,1.6376218951539281,True
0.57093459528664903,15,1.5013533409391917,True
0.54816001697483363,16,1.6841337547195723,True
0.5255523821184992,19,1.3778921188854616,False
0.59768864512671727,19,1.6224875938954568,True
0.54452145330739687,16,1.6072425206643204,True
0.5737488136639266,16,1.6496003773651886,True
0.57277334783058464,17,1.6498485933463696,True
0.58148290720175588,17,1.6890461564857919,True
0.59447856943093802,18,1.1279514597180795,False
0.55775316149354759,18,1.5044682317116882,False
0.48589890240450384,16,1.3265674002261116,False
0.58292645326287296,21,1.6443958550326137,True
0.52273635404524177,15,1.673055765375534,True
0.51816335974793026,16,1.5973535497808276,True
0.55231028497374579,15,1.4851395356459991,False
0.5497766719238194,17,1.3768622873771852,True
0.58148786709829303,14,1.6319500493597092,True
0.55213027828192862,17,1.5219665325632914,True
0.54862702512639616,15,1.6381193857912519,True
0.52732558508284844,18,1.3849894047182578,False
0.54531097948683438,16,1.601632973723212,True
0.53515436293826713,17,1.5531262291044827,True
0.56149113328318145,18,1.5087006153717673,True
0.57302549799907687,18,1.4689149762871239,False
0.65300245734221796,21,1.6527993275427053,True
0.54516137028960709,17,1.3806475874411892,False
0.54623758779372933,19,1.4389313164308242,False
0.53810256748661445,16,1.5805951059003038,True
0.53863271458170725,20,1.4149379787602416,False
0.54590508870044308,18,1.5936040116575931,True
0.55333505759992874,19,1.4585714058405421,False
0.67867844251964171,22,1.5115911811724703,True
0.76887810835234727,25,1.5775203663517825,True
0.50867733426039363,16,1.4960851980498762,True
0.55823202658998528,17,1.5662712631431801,True
0.57259746041502968,19,1.5483395781030547,True
0.55618752309421127,16,1.7033707640793592,True
0.56354043062884696,18,1.6102995985457595,True
0.5877452020598779,19,1.450260715073777,True
0.48278398296632019,15,1.40702646102782,False
0.57622357231563881,18,1.4845581239614574,True
0.63110037980468425,22,1.6182497847004602,True
0.6203762913634856,20,1.6547874010437205,True
0.54443811778408113,15,1.6346865366676218,True
0.50491058548609946,15,1.5369323106388018,True
0.51549937700984061,14,1.4829057742890475,True
0.61363214610364369,17,1.3458818092362783,True
0.61610726524691861,19,1.5199527919716809,True
0.57606129308630261,18,1.6056925673334652,True
0.62766238913103578,23,1.5632664445726359,True
0.55042853848332562,17,1.5908353642990094,True
0.57731752019087901,17,1.4281022953599176,True
0.57725791176374475,18,1.6500408399408861,True
0.53032939165875037,16,1.6382246030062555,True
0.56955336744439422,17,1.2012557059505498,False
0.53500767632977042,17,1.4361499189595375,True
0.63269970392288832,19,1.4898429942606404,True
0.72041651713415922,23,1.625130043481877,True
0.52187897955419482,16,1.5898012811691633,True
0.64287070632952892,22,1.5689090732572475,True
0.52972352897072816,16,1.6192267830069105,True
0.53996199707547932,15,1.5245285659335142,True
0.59604689856016524,17,1.4653087935944016,True
0.53982984542274792,15,1.6943826367698629,True
0.52710782734668093,16,1.3387084184151947,False
0.58200851810553322,16,1.6588483145909203,True
0.60401988626513747,20,1.5867594275457362,True
0.54736178409208025,18,1.5522869558057086,True
0.53562015918865047,16,1.3829924635716648,True
0.49947438061109473,17,1.471285339383104,True
0.54900984969518585,16,1.5898904520214618,True
0.55326562591499096,22,1.386020652988037,False
0.57394949435624643,15,1.5771029248808826,True
0.45834905727378011,17,1.1433776710636441,False
0.4674015522884678,16,1.2023600881920753,False
0.54315197080294475,16,1.5610966009823639,True
0.54496516253204663,17,1.5276880684513174,True
0.54584185778870109,18,1.4537054162424243,True
0.62666368102462644,21,1.6583761201268266,True
0.53064246223770717,17,1.4638999601000806,True
0.55571100887493918,15,1.6192194434200688,True
0.65907713962594916,22,1.5618998534756714,True
0.56615993310405865,16,1.3836915195730586,True
0.55434047660175978,19,1.4708785086644105,True
0.56984205017597245,17,1.0747277086084817,False
0.71354905502703625,22,1.6268634935636352,True
0.49820871351143692,17,1.282523029805658,False
0.68414649934779004,22,1.6536111346890914,True
0.55215621542870208,17,1.5450735069883546,True
0.57348830648166227,16,1.6074482081767172,True
0.53831117439635856,17,1.5872395823633281,True
0.58306261297569606,20,1.4530719561459606,True
0.55999539154562239,19,1.3790344472643152,False
0.55291725469200648,19,1.4555235804060942,True
0.53542145377409855,16,1.4853164028375154,True
0.57935437318623584,19,1.557167787237578,True
0.52660448746113131,16,1.5398333357570702,True
0.48442898134088658,17,1.194621303378145,False
0.52975342474781639,16,1.5565338153769077,True
0.5186592231642746,17,1.4306872372899635,False
0.60950569867084503,19,1.3989769439857127,False
0.5759859981960086,18,1.4198225307406507,False
0.57646769875007975,16,1.5939302471567756,True
0.58176558582025195,17,1.6023841007387059,True
0.53218658613342595,19,1.247717889097687,False
0.66134008880679185,22,1.6566336919193623,True
0.77398431571488191,24,1.6658317382660595,True
0.61701228582698509,21,1.5420195359256399,True
0.50151612516119715,17,1.4989088607535814,False
0.54583458085736525,17,1.519160170192803,True
0.61106790571571246,18,1.6493193204654761,True
0.55386548679937875,17,1.4634126810903063,True
0.60199393711985971,20,1.5565833370314954,True
0.58721274065218121,18,1.6441558288136058,True
0.49375696918011958,15,1.2237715031781449,False
0.48449011568160522,15,1.5259749063276704,True
0.63119052114959906,21,1.6877353032060358,True
0.56239318294946605,15,1.6225332179131369,True
0.55510377546354395,18,1.3884585732246979,True
0.5221793514682328,16,1.4613466186896975,True
0.50742881380771054,17,1.4488467709898085,True
0.5844729841121552,19,1.4158784566988758,False
0.51043667932567049,17,1.5537133606733635,True
0.53253808221744603,15,1.4218378190986229,False
0.52417493612975041,17,1.4744084575927998,True
0.55276639988864662,23,1.2352827906073787,False
0.61084361173138335,18,1.4016182481021691,True
0.54221882632046403,16,1.6523873146259216,True
0.54336744168813944,19,1.6323663568478233,True
0.58909072672529827,19,1.5603625631949651,True
0.53279843297558049,15,1.630149721253944,True
0.56258722145521889,17,1.6302540061568096,True
0.5121871937925413,17,1.5679386456524684,False
0.50515207425540742,18,1.4221794082206034,False
0.521930190709463,16,1.5811351931699758,True
0.56141755563739548,18,1.5160206476740314,True
0.58247177042023801,18,1.5227184683090731,False
0.53551319010731646,17,1.4980959384763441,True
0.59953461782208695,18,1.2055159214533442,False
0.57969275690603983,17,1.6131098365543264,True
0.52331348219774054,16,1.5796748998355548,True
0.63114522464107559,21,1.634394353763494,True
0.57875238987713173,20,1.4405758429355293,False
0.60881775356912271,18,1.6188245144849067,True
0.95515636527176018,19,1.6397713596686088,True
0.60606942217121895,21,1.5856021786220726,True
0.55187860819905743,17,1.5778780675783852,True
0.61992919916284306,18,1.5775657087237445,True
0.54635115792539268,15,1.3842901323340926,True
0.69048287708603484,21,1.6617009935806035,True
0.62847063347993604,21,1.6166134221354886,True
0.54746794327990078,17,1.5489326288502159,True
0.54212136241893927,16,1.6073777736230872,True
0.51573074833360455,16,1.4609842905833494,True
0.59621488909170506,18,1.4484280924162671,True
0.58713463564244495,18,1.3523147668319107,True
0.5418373022674875,17,1.5015913604155546,True
0.5055805808672581,16,1.4614524477483615,False
0.53354171560145014,17,1.5349969863452255,True
0.62915090440495125,20,1.4320522822596142,True
0.53564476117377857,17,1.4011252779317867,True
0.49064779244400297,16,1.2888715953002226,True
0.57986605336849806,16,1.6825528389425355,True
0.54390176020466996,19,1.2614253979546426,False
0.60582338132218272,19,1.2760894355106345,False
0.52972463289813521,17,1.4959111754303991,True
0.52701660038768683,16,1.6355552520969543,True
0.52503735441332833,17,1.4976232590646017,True
0.53862309186852642,17,1.5141059722136179,True
0.53874756882062835,15,1.693898900074712,True
0.57707116191063401,18,1.6580994235280258,True
0.48335380784506904,16,1.4518248121514068,False
0.51733970880902935,17,1.4997412245977313,True
0.57711953157699092,19,1.5629746687816066,True
0.5610871537775598,18,1.5448790800716035,True
0.57664720006810943,17,1.5157809979395565,True
0.6045527714869201,18,1.5536755682037813,True
0.62676768566781327,20,1.6725850946385572,True
0.54801079508343464,17,1.459531796631174,False
0.48564449698009815,16,1.3861542185378466,False
0.57401405951262996,18,1.2664026411122991,False
0.53152021322962917,17,1.4026669308812016,False
0.58183058901526075,19,1.3077966798003533,False
0.52380920196139014,17,1.4174204829417123,False
0.56067005467293152,16,1.6250338025430715,True
0.5528481587058679,18,1.6423552583882677,True
0.59893305872736968,17,1.433046187781311,True
0.57534861885495059,18,1.6187227607951304,True
0.51423777983187235,15,1.6070756149771266,True
0.62234047513069013,19,1.6040018192388061,True
0.54844725718305998,16,1.6536147374971257,True
0.54076527688396892,18,1.4421222172324386,True
0.56524109568548797,17,1.4749148825156786,False
0.60346675739722488,20,1.5742279701759618,True
0.55052684720059741,19,1.1653640135101708,False
0.47958576850268447,17,1.2501627706886498,False
0.61815950591268853,21,1.570126757197684,True
0.51434755977336311,18,1.3026425867640028,False
0.50311783934473908,15,1.5599177565345284,True
0.51089808552571636,17,1.4085957189075287,False
0.48990873507928351,15,1.5630650225846103,True
0.55438641167308433,16,1.6517977532724779,True
0.54387390699402272,17,1.5453248511451922,True
0.60237768949321147,20,1.6169411921414238,True
0.53869426846827229,14,1.6791276172950533,True
0.51278375920848962,19,1.4638461779572989,False
0.56993200946056344,19,1.1690191016323075,False
0.55722935959178344,17,1.5036782727485443,True
0.52202291451011595,15,1.5669029864390902,True
0.54989935210392671,16,1.5420248628068498,True
0.50715104548195278,16,1.5707347325509757,True
0.56191811911281353,17,1.5143148160274897,True
0.54343282929562264,16,1.5760084442695481,True
0.47248209346272396,17,1.2600282348434075,False
0.51782724670098246,15,1.6131560708944237,True
0.52529014335315694,16,1.2089903293023647,False
0.55611826117103358,17,1.5448958140219644,True
0.56504064604857873,16,1.6121829680401925,True
0.55641720083922297,15,1.591243103051543,True
0.58089148425892601,18,1.5412938421566786,True
0.56152822489186516,17,1.5861936864813255,True
0.52768428345944973,18,1.5578617140852429,True
0.54724548854426625,17,1.5445295757336832,True
0.62729654922975775,19,1.6412483494224988,True
0.61136129060733424,20,1.6834911727203061,True
0.5848075778303663,18,1.5555457583627184,True
0.59493015455204579,20,1.5956053763837281,True
0.50469517635123573,15,1.2094456033813359,True
0.66318156886765123,22,1.4759402000180655,True
0.61171182302053939,20,1.6422107287996659,True
0.55270871718254455,18,1.5706712324684173,True
0.57971302722199047,18,1.4587200870346282,True
0.55733240066506162,15,1.6565186722890179,True
0.54838855890815175,16,1.35898532722425,False
0.54462646442559592,16,1.6381974305784426,True
0.58939473799871955,18,1.4154921911280554,True
0.56694005268652781,18,1.5239282603671622,True
0.57764053466420495,19,1.6185982983872624,True
0.57074127445449685,18,1.5851914801605858,True
0.52804292990126611,17,1.5542754638560612,True
0.62102706268486618,21,1.6339477671919338,True
0.55779652846457284,16,1.5744247251125012,True
0.49434034764088169,17,1.2534044125191657,False
0.51774983528089313,16,1.6020374720578858,True
0.56984802489092268,15,1.6525741894837813,True
0.63543288842419399,18,1.3687873426104245,False
0.50495910959853896,16,1.4218872321210005,False
0.53384505264426718,17,1.5496256196985756,True
0.52201070353592283,15,1.46265550351216,False
0.54105761991735779,15,1.6743366905250026,True
0.55796310046201125,17,1.5594345789731783,True
0.65024576441927129,20,1.4711457434694781,True
0.62846742697065217,20,1.6296784829064943,True
0.56208778979581175,19,1.4239635167316385,True
0.65248254002287154,21,1.5303055521959417,True
0.53482774226840757,16,1.5739537297830866,True
0.78248360347305057,25,1.5315835290761159,True
0.62141975918146419,20,1.6212370164344356,True
0.54046122835721,17,1.4185852032981443,True
0.57335552026787495,17,1.5427621018224089,True
0.55265819840082964,16,1.6610785674429294,True
0.64387189708341686,21,1.6426779011951302,True
0.70925201034537089,22,1.5496040567202438,True
0.57073802894087977,16,1.614681270417023,True
0.5534702259366362,15,1.7070162459465725,True
0.50031851744192113,16,1.5568661377431814,True
0.53177384176144149,18,1.6273720485689118,True
0.69687697269234539,21,1.4217451758026964,True
0.54489711933847884,18,1.4475684979954657,False
0.54033196479330525,17,1.5263649170956193,False
0.50359995760773335,16,1.6044325385022717,True
0.55413841794354557,14,1.441291702929494,True
0.56313195708271979,18,1.314551475129317,True
0.51820117697985457,17,1.317979640110412,True
0.53999644136769209,17,1.5295563538024191,True
0.49822111550839954,16,1.4932995855563627,True
0.53039321758161195,17,1.5420607329363873,True
0.49560921297031835,16,1.4285182485514452,False
0.51705551883171363,17,1.464527261219509,True
0.46156495069351217,15,1.4422526085221481,False
0.61084984828971711,17,1.6239921660650039,True
0.50558737372359452,15,1.5713157581287003,True
0.53118759764259238,16,1.5301978518116859,True
0.69209898001980408,23,1.6415165566585839,True
0.63907045038965504,20,1.6219970161194961,True
0.53450327411775411,16,1.6304473669202457,True
0.63768994537908219,20,1.5773738722191015,True
0.50157806243235559,15,1.6389591574685567,True
0.61357756576583777,19,1.5728142636541724,True
0.56932672078371804,16,1.6210776951113368,True
0.57371248630135363,17,1.4353183324719201,False
0.58670992710800962,21,1.6282791523915048,True
0.58740130975050309,19,1.5049573286066769,True
0.61079586243808426,18,1.4808752267861955,True
0.53464686926107829,17,1.534493678381359,True
0.51381524924028621,16,1.4995835417922814,True
0.58487663976925486,18,1.567300255645186,True
0.53992549070407425,14,1.6914526879861638,True
0.53922450755211138,15,1.6342552357573052,True
0.54077514245721625,17,1.6571452309059074,True
0.54233789431938062,17,1.555585504472677,True
0.62711255385816056,19,1.7016081724904584,True
0.60764044720589405,19,1.5592087988132366,True
0.56985677810216151,17,1.5792883584014306,True
0.58086356084413604,19,1.3842641529843405,False
0.57148714308459081,17,1.612208388095671,True
0.52539885814988285,15,1.6093559009126976,True
0.4988770612614451,16,1.3867611820171224,False
0.53533855830017441,16,1.5302494614381756,True
0.52009622524561716,17,1.3849300344078515,True
0.54864185437487956,19,1.4507932121099656,True
0.56917011868481604,17,1.5913835241729926,True
0.57838747273831648,19,1.5285281176449095,True
0.55518441678889496,17,1.3886941684623668,True
0.5504677280904462,18,1.4182704042973098,False
0.55651514687986925,16,1.6067117409251339,True
0.53577847601217632,17,1.565797964782387,True
0.56019971390393064,18,1.4920418681860765,True
0.53513124820012459,16,1.6216957887080867,True
0.50977806776747103,15,1.6040594062644125,True
0.5601675732040845,17,1.5193093720521607,True
0.54301270279101355,17,1.5837221672731376,True
0.58488109074088934,21,1.6476754097638613,True
0.578166483525141,16,1.6860331393736294,True
0.54082947583854624,16,1.6573939083709395,True
0.60320128685190189,19,1.6208027787244352,True
0.52900199987768459,16,1.6279757582812562,True
0.5695275529902063,18,1.3748073168881412,True
0.55939497346854716,16,1.5566082286206624,True
0.51220581618963434,17,1.4651426786884314,False
0.55528374189574148,15,1.6917295616033405,True
0.53723997705826598,16,1.6598194809965665,True
0.52251846456419637,18,1.4664229667830853,True
0.58605870351193867,18,1.6825791396521816,True
0.51514304255239785,16,1.5539914021183943,False
0.54156243861828091,17,1.452863674755142,False
0.57857247488881014,21,1.535953604736751,True
0.56343401405049554,16,1.6203811213038888,True
0.56790009106668915,19,1.2284924820398673,False
0.53928799283528084,18,1.4617279260794858,True
0.55786962219033798,18,1.5852191183029918,True
0.6504413563072915,21,1.583823499210115,True
0.52553211986983495,16,1.6141298767562091,True
0.54942197748190325,17,1.5544608363483587,True
0.55278054924468722,17,1.5551508392918092,True
0.55048524528496767,18,1.4913105089089467,True
0.56898023918212592,17,1.6636856975305137,True
0.56104333861800582,17,1.5733315216594226,True
0.50265119033699568,16,1.5128730127732282,True
0.52494772907238008,14,1.5937369586355974,True
0.54436090218864031,16,1.4684881956119167,False
0.46111541824403574,18,1.1571182115870871,False
0.47418898220929045,15,1.401397168425248,False
0.52996096974807816,17,1.4598746482619573,True
0.54925279237741009,16,1.3919545938131772,False
0.55908919380035826,20,1.5793886393783134,True
0.69328199665493484,20,1.4034281224384111,True
0.57080184130176914,21,1.5084356589449208,True
0.52907495437194718,16,1.551630942836419,True
0.52634615673909835,17,1.6095223843390298,True
0.53757092946549978,15,1.4024876141972928,False
0.55760891410925384,17,1.6220011104595273,True
0.51167236985597742,15,1.6320593861115156,True
0.62849468709130307,19,1.674250243439809,True
0.5384998462457069,15,1.6391933107631744,True
0.55227966990802602,15,1.4688980134329777,True
0.48968475558312391,17,1.4080044829017129,False
0.55189276235141338,18,1.5045822042766284,True
0.58682983535735223,18,1.6549275745677099,True
0.55706380960276702,16,1.6724399960422702,True
0.54372590922989061,17,1.3024728159289545,False
0.51097577778940784,17,1.3386352434245314,False
0.48356463019852547,15,1.1771177577290359,False
0.59122699357182662,20,1.5787548440300696,True
0.56530455238032751,16,1.5178788089493742,True
0.51278682312508861,17,1.4745737095612836,True
0.53680565324077389,16,1.6055833711872911,True
0.52358454961172607,15,1.5050072943518931,True
0.5671407728174902,19,1.5819977291447123,True
0.51943626766682749,16,1.5283671835458048,True
0.52638186770699191,15,1.6531039857226839,True
0.56512274575726629,17,1.5535654039929758,True
0.55499794499372279,17,1.5080150294835089,True
0.51181081920741267,18,1.5365099574171179,False
0.47696606104237582,16,1.3306782826668182,True
0.54170142539776889,18,1.4255655516471313,False
0.51254059024286991,15,1.5505453019653668,True
0.62965228972698217,21,1.5438106806778797,True
0.5120700963635284,16,1.5193607757912067,True
0.47260699732796002,17,1.3157452903279401,False
0.51805494239419536,17,1.4494857609017611,True
0.57294156612616853,17,1.5734926004708392,True
0.55691800771222955,16,1.5792448223417883,True
0.54728791135222044,19,1.6694522744032896,True
0.56097541416735774,18,1.4551196532257813,False
0.55930375895918638,16,1.6057370004522453,True
0.55279723412152082,16,1.6430052116015248,True
0.58644257239472597,18,1.4570230383800107,True
0.49849414569687678,16,1.5687611934097361,True
0.53200127817334852,15,1.4646542170230927,True
0.57281901539150815,17,1.6635793239892984,True
0.52661918049998491,15,1.4597463725566948,True
0.55676847943736429,17,1.6709323318249925,True
0.56797458917300481,16,1.6508920623798895,True
0.54333395132929696,17,1.4203453381378863,True
0.57720802115716308,20,1.4582640425270585,False
0.4811950248023017,16,1.4577979363682387,False
0.53352276901410689,16,1.3983235039675022,False
0.51167771293023945,16,1.4801309495603729,True
0.60487039340949467,20,1.6028863214530289,True
0.65037717118355931,20,1.6016201038567759,True
0.59531987122591856,17,1.4500372341972658,True
0.57174121256621879,16,1.686353369927184,True
0.56302832459960805,15,1.3639163877087876,True
0.51650599436992983,17,1.455325771207338,True
0.53444554901522856,15,1.586158077553067,True
0.51272748262891266,17,1.4129875052887626,False
0.56771983384754676,16,1.5987412039904509,True
0.56200990072068324,20,1.4132116487366007,True
0.58353098791342006,19,1.5034758122822338,True
0.55550147079069112,17,1.2036377265974267,False
0.55936911209590712,15,1.5221085513462438,True
0.57677465559265506,14,1.5112447977411565,True
0.52675955755785786,17,1.4881996821849584,False
0.61375576954548261,19,1.496806138404851,False
0.50820295268701965,17,1.4609080386332474,False
0.44823485286072795,17,1.1208651678106432,False
0.55873135952391217,17,1.6433303507369073,True
0.55869744212895334,17,1.674085343369935,True
0.53783661382243353,17,1.4860026822289165,True
0.5406939657581713,17,1.561375224550436,True
0.62093404470408953,20,1.4207153898304807,True
0.65718372576042561,21,1.5672291793441187,True
0.52816324657900138,16,1.6320780132074115,True
0.61292498438967158,21,1.4266273618552283,True
0.56623076485081392,19,1.4452767190312801,True
0.57965294237449294,18,1.56566465319952,False
0.52589982791683509,17,1.4994422915883723,True
0.52002252366119106,16,1.5480376811420258,True
0.51533843270929247,17,1.2591512511979319,False
0.50281662973884911,16,1.4764220717427328,True
0.56920636991585183,18,1.5131095775529166,True
0.62713985674734041,19,1.666701741780938,True
0.53847194621253336,19,1.4418649130566865,False
0.54529008791037459,17,1.4334007416090888,True
0.5276569627043054,18,1.5228169250953547,True
0.5172860120656414,14,1.5282508148188199,True
0.53585311687400483,16,1.6099891427061492,True
0.5339414704148715,16,1.6007569572015878,True
0.52666573047404586,19,1.4621618106166405,False
0.61367510818736737,22,1.6480173798897901,True
0.56359147544451837,18,1.5529310330501269,False
0.57781871551316633,16,1.537712627901163,True
0.65515012706578102,21,1.4886824949023261,True
0.50139525701012,15,1.113658452555595,False
0.50922852736428692,18,1.3266018777838366,False
0.61707079796666242,19,1.5976906906175683,True
0.52402577629917313,19,1.5309462576355031,True
0.58692317916145276,18,1.510815547109317,True
0.46770294219324787,21,1.1519346138640822,False
0.5101805990832986,14,1.5225468622572078,False
0.48459542429628771,16,1.4085285063342723,False
0.58606189618292315,17,1.3802910043941319,False
0.53835409533093304,17,1.5536545567215916,True
0.57084342084388495,18,1.6596589448716808,True
0.54611795887675818,19,1.4789617980770922,True
0.53808521725232716,18,1.2821302513835358,False
0.56914263212091221,16,1.6052727497676678,True
0.54909749743203062,17,1.4776040048647383,True
0.60749027668585798,18,1.43288587957906,False
0.56551776616200955,17,1.5720475866187118,True
0.49013145453063395,16,1.4311605288585638,False
0.55496234924351151,19,1.4116178646271289,True
0.51575262442263536,15,1.4382971173821855,True
0.58239399275879078,18,1.4810212119092614,False
0.66256237354332548,20,1.6812882186547473,True
0.56139013806339022,17,1.6809167048410163,True
0.53632245618475094,18,1.3512130300840191,True
0.54514440912545037,19,1.3282221603999846,True
0.47490047471525637,16,1.4188919304365015,False
0.57614577603529404,19,1.6388348346774491,True
0.55487445566221738,17,1.4662290526966868,True
0.53366852184907532,18,1.4728316536881831,True
0.51241464000234915,15,1.3665322452732274,True
0.55577073981417036,19,1.6493356730023339,True
0.52055488305824338,16,1.6005967760886983,True
0.542760210511672,15,1.5826892922127165,True
0.49677365767243525,15,1.4495943297983311,True
0.50221043200381121,15,1.5533070930305437,True
0.4847324211703295,19,1.2178678950069908,False
0.58546470051629362,20,1.5522108992321073,True
0.61063493772134747,18,1.5104243097319492,True
0.5254694818313761,16,1.5818231889647336,True
0.56977828026296506,17,1.5302865056320434,True
0.60666908452573998,17,1.5390773219566309,True
0.59234100330887773,19,1.6440692824641521,True
0.55311625591611724,16,1.5057360533063417,True
0.84011498274106766,27,1.6584341519048988,True
0.54588677259008933,18,1.5305050831693308,False
0.54988557528451387,17,1.5585594248657419,True
0.62672289180045204,20,1.5766778419172249,True
0.56637969872868399,15,1.0744686419563274,False
0.63254330420944249,21,1.6480119202048589,True
0.59351421568275664,18,1.5586402783072981,True
0.55486726910842554,16,1.4598096701841092,True
0.58758075361630657,21,1.6134873158056242,True
0.69128211892213443,22,1.681334102545039,True
0.62834166443766726,19,1.6726792599049718,True
0.55348496380877255,19,1.5158566201995063,True
0.55103063952814135,18,1.2299722910463153,False
0.573790760799049,16,1.3805255157744349,False
0.60753875152638981,18,1.4887752248722144,True
0.51093876167996155,16,1.4925215636272238,True
0.5541382223925253,15,1.659616469938227,True
0.53817307917307755,16,1.4445518490821747,True
0.52608184646159495,16,1.6345145005922863,True
0.51875995312442902,17,1.4159708366342587,False
0.56424218059650921,18,1.5106850030834387,True
0.50506449290607969,15,1.6114487029563305,True
0.53595761554503984,19,1.4341236186944124,False
0.61163475545983437,20,1.5789736973725761,True
0.52795414415542308,15,1.3602632012936386,True
0.57944409051904444,20,1.3071265198008188,False
0.55968824958812446,17,1.6356085819275441,True
0.55092731332820177,16,1.5959920215972747,True
0.56621392039389495,16,1.6702826467265686,True
0.52914473102721027,17,1.4133081017417091,True
0.64503695951105633,21,1.6629310718754622,True
0.54532817468547967,15,1.5743149677815973,True
0.55768050622445919,18,1.5556886590561985,True
0.54504536063603326,17,1.5421952747677212,True
0.50533414063100746,15,1.5317921323406785,True
0.5101107514512887,16,1.5948863320091855,True
0.60201860545336994,20,1.5891516331637547,True
0.52572264713770367,17,1.483693263094958,True
0.57385039856828779,16,1.6703172298864031,True
0.59789178986821268,18,1.6800564214212663,True
0.55699644723191932,15,1.3095704186626658,False
0.54990333279018311,17,1.6592722444800485,True
0.5653301808166552,18,1.6136323597716771,True
0.57670962337297949,18,1.5548901069255203,True
0.53869770259930583,15,1.6003618687221748,True
0.541470227187827,17,1.4687061173217251,True
0.54006710284051529,17,1.5158558037075365,True
0.53711532897329828,16,1.6443460270590597,True
0.52400782701605919,18,1.5654916138379298,True
0.55258909677403623,17,1.6464015231483138,True
0.49679049806238712,16,1.4073411232647519,False
0.53597118488598627,17,1.6192153871616366,True
0.52790421271108967,16,1.6135602230039376,True
0.56434092168246619,17,1.626053003869675,True
0.55476359708948308,15,1.6708018552929631,True
0.57663557063756576,20,1.5114755120281245,True
0.55984778581340677,17,1.4808368914567458,True
0.56605203024916084,16,1.6610592016253924,True
0.55843756077538254,17,1.550069166734366,True
0.51063412114829598,14,1.6427190393154838,True
0.54347762189209414,18,1.5279035896977595,True
0.59497717712000331,20,1.5559088046743126,True
0.81526314857613047,26,1.5244595989422332,True
0.55985323729341829,16,1.6259021902192623,True
0.53321106644636074,18,1.3485280517203688,False
0.59998826785342507,18,1.4996283033458431,False
0.48037968129776426,16,1.1931673269827019,False
0.53621779607237419,15,1.5966833137193497,True
0.55004604910870769,17,1.4785108628019186,True
0.53366515999033537,18,1.5552624305194505,True
0.51988031462286455,14,1.4059890688723971,True
0.4980672176066962,17,1.3421905269629244,False
0.58179613516659257,19,1.4129142117176581,False
0.59528107397871866,20,1.6529512118154039,True
0.58497744632782633,17,1.1595871977753001,False
0.52644328098680593,16,1.5837425925155981,True
0.51818562348511843,17,1.5054726805958234,True
0.49709226460388278,20,1.3525144730110981,True
0.55898183529038892,16,1.6744129519754938,True
0.59123340311610617,18,1.5856206799708639,True
0.52401965287527585,18,1.4536785005989978,False
0.51991945931390993,14,1.5081444831374051,True
0.5402998424058969,15,1.6414366569127983,True
0.68876290911903149,21,1.5751620586688366,True
0.51077141139910531,18,1.4795340095088159,True
0.59254812003881996,17,1.4877925917730117,True
0.58669037637802923,18,1.6049009273067769,True
0.86100553699783511,28,1.6834102267071438,True
0.50609122845928256,15,1.5788657978166238,True
0.56523192930854504,16,1.6785594782766298,True
0.51509202331973492,15,1.3580681136772808,False
0.53355381883042308,16,1.5763955950540161,True
0.53739727821757499,16,1.5454354511488888,True
0.47900260681816931,18,1.2208955406262481,False
0.53161300903617392,17,1.4837532788260679,True
0.58224855176006796,20,1.5912568942733349,True
0.55934573218760075,16,1.6003373109396506,True
0.57494579778386934,18,1.4586417591277938,True
0.54459043860775591,18,1.5642308233473854,True
0.52828455123252072,15,1.5622512201743799,True
0.58086845890843708,16,1.6410779161753175,True
0.47691568195644357,20,1.2651384085562012,False
0.55945797224439342,18,1.298520268624239,False
0.56404970379494923,17,1.3975207070253468,True
0.53790773102987433,16,1.4965954933707015,True
0.5516063368908235,17,1.4303068430441073,True
0.5489028414816044,16,1.6638694286988138,True
0.65853822252746497,20,1.6976523594060318,True
0.57065207210780622,17,1.6482362482731767,True
0.51163602332306024,18,1.3522681131746064,False
0.65310616286265188,19,1.5627407661523534,True
0.53297786912943301,17,1.4555665389253101,True
0.75424651723725944,25,1.6677101580660456,True
0.60750510664084501,18,1.2741313181823763,False
0.56575753380039351,16,1.6258939178385399,True
0.57459196730903217,16,1.5347076027198907,True
0.4728280716804012,15,1.2558194065994175,False
0.51596040303647217,16,1.5560551084276919,True
0.59199107007941265,18,1.5751179644544926,True
0.56039724676543901,18,1.5472072550530633,True
0.57089007440561323,18,1.5001100372538916,False
0.79022577311369591,24,1.4153423717961284,True
0.53818604118544699,16,1.4963935664941097,True
0.57091980689665978,18,1.4518256787959483,True
0.57215637307076994,18,1.3064971949369284,False
0.50958750732338143,16,1.468516852246365,True
0.53751644034986334,18,1.5033582158898389,True
0.49503744208768002,17,1.4932826377927209,True
0.52375429459497125,17,1.5736030138418107,True
0.55248911098736542,17,1.4812943062591721,False
0.6037498941112055,19,1.5609627744863566,True
0.60117782327918012,19,1.5110159015994884,True
0.51647633965126805,14,1.3677674818741026,True
0.52072875315506983,17,1.4648974327515327,False
0.52082180078419982,15,1.6370667629632278,True
0.62541886338070485,20,1.6773502161007172,True
0.56871411689053797,18,1.5642809190383327,True
0.51577492057669383,16,1.6358808608159261,True
0.62539788851396994,20,1.4947341035471573,True
0.56394075084287809,17,1.5503550949288896,True
0.52786283288995972,16,1.5579376534143108,True
0.48347302440467549,17,0.98518216952307924,False
0.53407873742842582,16,1.5032445213482017,True
0.58158639234028309,20,1.5986236425757319,True
0.51720539007560673,17,1.5193031726784438,True
0.54458697794116417,17,1.4354525887579572,True
0.55826234472012726,14,1.5483614897457505,True
0.51853773546809423,16,1.3728857307098272,True
0.5093904325728027,16,1.5597040155312487,True
0.53852577640858457,15,1.3869883950939732,True
0.49197520796598526,15,1.4957669955576089,True
0.56574805503239345,15,1.4806985820537679,True
0.50493550342202786,17,1.4510462437317924,True
0.54180447779378382,16,1.5972603954875253,True
0.5543023286510862,16,1.5706827994327319,True
0.57592358237070929,18,1.535103137841304,False
0.53100091290749207,15,1.6613754673801298,True
0.60089170965496896,18,1.4876156730089118,True
0.62807902685437034,20,1.6854729339885717,True
0.55711503593007883,18,1.5154108963568391,True
0.5282651240671099,18,1.3915908913161732,True
0.57850339772315018,17,1.4197487983131751,False
0.56436951448411232,17,1.5142163980721668,True
0.5902131839215945,18,1.5055264820433658,False
0.58292114958637675,16,1.6659381085863654,True
0.52059540171404228,17,1.1883632532226835,False
0.59205574043792919,20,1.6066192978846086,True
0.52343035830337836,16,1.5846684076428283,True
0.53186066129390874,16,1.5419911351305557,True
0.54944313851910886,16,1.5344733012462308,True
0.56904735294328901,16,1.4376214791182991,True
0.54029996746506936,15,1.6838891480604603,True
0.57779079886907858,17,1.6236828199054154,True
0.52115057131078313,17,1.5350391180040623,True
0.56790176913334611,17,1.6387314234129253,True
0.56909111803157597,15,1.5769955972216374,True
0.56747032799852215,17,1.5575013837431402,True
0.58083333260821857,19,1.3411108513678369,False
0.55096880900197331,15,1.6795723016276645,True
0.54234914642386667,16,1.4641959866884855,True
0.53637238172953072,16,1.6038133569155641,True
0.5533659773281715,17,1.4013102779392248,False
0.5028917537425297,17,1.5393591300710316,True
0.51581241605768613,15,1.5684720177613636,True
0.69507171290322867,25,1.6120442188751234,True
0.54549073588117736,17,1.504737312574052,False
0.62035929983635063,20,1.5712389588147693,True
0.52376652664835721,18,1.182700515786431,True
0.57913565587552363,17,1.4089364082205049,True
0.65023624564152405,21,1.7030857059433835,True
0.58103072779475828,19,1.4775511699028976,True
0.64404532961720296,21,1.5651737608828615,True
0.56588715365776543,17,1.6266274914503904,True
0.57800868708853259,18,1.5334688279244317,True
0.53371117913712562,19,1.3638865641833886,False
0.54526049419693368,16,1.6551992247183516,True
0.56065264537977966,18,1.4328951890575417,False
0.54149407758760892,17,1.5893480403473692,True
0.57319202989269935,22,1.5858157809970437,True
0.54425895738760777,17,1.5170776971839968,True
0.59792340643756081,17,1.6148963570479573,True
0.61120967206113463,19,1.4903821464075699,True
0.54867261628057973,17,1.5488347903428232,True
0.53315212025931635,16,1.6537167804554764,True
0.62307778195728758,20,1.5805912730677871,True
0.58605192745899237,19,1.5500859521284309,True
0.50393814112749136,16,1.441337267656728,False
0.57350058360918388,17,1.378637984794072,True
0.59956600570325591,19,1.5297301023217087,True
0.54662702418981013,18,1.6575696864666689,True
0.54627701925910954,16,1.6077596421096836,True
0.62627125906460457,19,1.4707386071323372,False
0.54740015052437641,18,1.4781439047660285,True
0.57686759502358476,19,1.6688491768105504,True
0.5937447271953219,19,1.3439265164143228,False
0.57172964598102438,15,1.6149266352896159,True
0.60750424004911496,22,1.6409075688417425,True
0.58278246911189346,18,1.3994801587812995,True
0.49129877713472342,16,1.4545653620313364,True
0.56893340283494698,18,1.4844455819781854,True
0.6447328877106463,19,1.6591996039124004,True
0.75939239709027551,24,1.5820038978293209,True
0.62533525793730482,20,1.6593916835283125,True
0.55980985507657566,21,1.5395154680574781,True
0.53284341692998904,17,1.4206792727228426,True
0.55081783263346673,18,1.3923354155756389,True
0.65496380862584747,22,1.630650142628193,True
0.48613562257246595,18,1.2249681106967694,False
0.53561292099643409,18,1.4042143465778749,True
0.59249238795473302,18,1.6403850888753728,True
0.52918553663071499,16,1.6012245310110207,True
0.68037091917750392,23,1.6804191725271251,True
0.61290401041008657,21,1.5896356728775287,True
0.61292308856430355,19,1.5099872229989535,True
0.52288057355999851,16,1.4882481859378749,True
0.52489317576134331,18,1.4152592769021859,True
0.5871586306899429,18,1.4271932982485165,False
0.546727022161,16,1.6725014022078466,True
0.55454964848264443,16,1.6876029457232122,True
0.55476188615112842,16,1.5580215819313976,True
0.54550911881312536,18,1.5550739288143751,True
0.51135571561397419,16,1.5446837943946743,True
0.52201873391333653,15,1.5564087950551129,True
0.5411493179942255,18,1.3509609557586988,False
0.55851888501719005,17,1.6251500182943621,True
0.76656063726938961,26,1.6935106513383134,True
0.56751868270309003,17,1.5236240641094818,True
0.4981707569071922,15,1.3015015170184163,True
0.54015126037510308,19,1.306347607521914,True
0.50332807955742209,19,1.264189343544732,False
0.66732457122358446,24,1.5745122873980923,True
0.524786684849601,17,1.464722171613428,True
0.50823655214765218,16,1.5396105881890321,False
0.56545866850330917,17,1.5622826949045456,True
0.56937856808240495,16,1.5360343452826681,True
0.54885355043139672,16,1.6691794890879721,True
0.62599978777679388,19,1.5549336128943025,True
0.53992554812984783,18,1.1645821850268039,False
0.63349962127242265,22,1.6879902711509771,True
0.58096838391524819,20,1.294432938111401,True
0.51105928836416969,18,1.2487280149805431,True
0.55936159057226931,19,1.561721608398791,True
0.55675056690300029,15,1.6633704172800259,True
0.56653055078428605,15,1.6662915652585073,True
0.51762810409018911,14,1.558927343595121,True
0.49156522008912407,17,1.4839820957973204,False
0.6035070683323519,18,1.5012334659411077,False
0.74109729116308942,27,1.6724382886688229,True
0.62143307886145982,19,1.6112747646771077,True
0.6086721386723517,21,1.6395102936643033,True
0.68256739311530945,21,1.3346314402682213,True
0.52484684252437164,16,1.5796709068193562,True
0.55818346120602391,18,1.5011856646453401,True
0.56948730900652322,14,1.4894464973313066,True
0.56176782168381201,16,1.6305759465426444,True
0.54051046815933301,18,1.4383035318410811,True
0.59110869720229642,18,1.465114914670306,True
0.54674109530973058,17,1.5992175559583508,True
0.59851413599915892,18,1.6329601175510937,True
0.58479813914921053,20,1.5517882252910526,False
0.55178314038942644,16,1.6098844155695293,True
0.5539509791469065,23,1.5595932399710351,True
0.60195774564692228,21,1.6831092791049003,True
0.52686387000301416,17,1.6045046286668083,True
0.58668666436671912,17,1.3606237763645845,True
0.56782603201843118,18,1.5245461894311338,True
0.56735251210605397,16,1.6180732422161208,True
0.63701345414404176,21,1.6277822530671664,True
0.52838594362244606,16,1.5162418491255996,True
0.51839354840598395,18,1.4227747753875035,True
0.5787938195037462,18,1.596155156124621,True
0.6030857119053421,19,1.3956052540706247,False
0.73013264773031128,22,1.5879720909281203,True
0.51853626330210112,16,1.5664292319226496,True
0.54159585200534976,17,1.520689091875133,True
0.53206960457630226,18,1.5768150650150861,True
0.5423630576746139,16,1.5877396696353647,True
0.52951605573344518,15,1.5091361888936405,True
0.51878733342026329,16,1.5347809103464292,True
0.55816567336217116,16,1.6933620939423839,True
0.5588661076431336,19,1.4511726681769248,True
0.51883154078469862,17,1.4495493112360518,False
0.57352195466875699,17,1.6307125591678566,True
0.85706553066711688,28,1.6764092878878711,True
0.57519045764334775,17,1.371894538002087,True
0.55724792649961252,16,1.6813760015565122,True
0.53159348680992391,17,1.4096084427551665,True
0.53844383177577071,14,1.6920454406724565,True
0.52872701561208157,16,1.5608160700884632,True
0.60076186874967608,18,1.6639486829364099,True
0.54272854584778174,17,1.2335641792041872,False
0.45601440210392818,18,1.2310569758600454,False
0.64575777371230525,20,1.6215355631006436,True
0.71717288318131345,22,1.4733715439332966,True
0.57587934782812411,16,1.5963007683591195,True
0.52980445477587612,19,1.2243347754313538,False
0.64764491993007045,21,1.5973962398923078,True
0.56714698443545963,18,1.5733398307348043,True
0.60368567803757922,20,1.5938777136253461,True
0.65378552870086215,19,1.6768329581158377,True
0.5286825470524833,16,1.5744581065715477,True
0.51683439647499463,16,1.572135651096183,True
0.55004211531776137,18,1.5162566005931712,True
0.57321323174011152,18,1.6096640252566787,True
0.53641866287336637,18,1.2882596818596088,False
0.54236949707277982,17,1.6273433764886147,True
0.52854442625756981,15,1.4648966466867959,True
0.52226346786892464,15,1.6014008687589216,True
0.52560327513878025,17,1.4542024907124742,True
0.50702718056486007,17,1.5249020199333232,False
0.65318321015788072,21,1.6296182632610112,True
0.560802542424924,16,1.6563704775365669,True
0.56334698204647193,17,1.6043482429226901,True
0.70987696047270232,21,1.6988884258269941,True
0.58445090949016709,20,1.5935254047039036,True
0.5458641539600636,16,1.4886444423612106,True
0.57385205939583295,16,1.6198418458059221,True
0.54507584090035854,17,1.5731392386920222,True
0.55580540317376581,17,1.4362215501164945,True
0.62567303183038547,20,1.6655616504197184,True
0.54531378063725744,17,1.5313388273770647,True
0.54525980299536914,15,1.4056269702894986,True
0.52821057299036023,16,1.5856701926484686,True
0.59086072979434068,18,1.3514051776619718,True
0.57911741158757268,15,1.6785414861231276,True
0.60721067837193976,20,1.6188571371290581,True
0.56465915136894884,18,1.5478323657218205,True
0.57317973879595807,17,1.4633749188445635,False
0.57847203678079806,17,1.3345345554243229,False
0.54467912005882135,16,1.598035148185935,True
0.53762884956776946,17,1.457472600997209,True
0.55437692275626715,17,1.4772207327718361,True
0.70069041571138801,23,1.6160467496891284,True
0.56083010203535522,17,1.366606118328195,False
0.51253810110175091,17,1.4883459010587996,True
0.54786123889943461,16,1.6510476418824176,True
0.53025919860679316,21,1.4476779954146082,False
0.47634501276649449,16,1.2945561460382637,True
0.61434999909994248,20,1.4602142041628459,True
0.5546124739992051,17,1.648635687697914,True
0.52866440464879028,16,1.290757359492207,False
0.54507901250968227,17,1.5513683809728664,True
0.5422710284946719,19,1.2378914026037029,False
0.53132796766671841,18,1.4102100038460559,True
0.5306853384989525,17,1.5674552731255156,True
0.56149857250753166,17,1.5862193751139226,True
0.5546820061674248,17,1.6284798466021577,True
0.55606863088798286,18,1.4958543706745082,True
0.57118101489913331,18,1.5017339519790662,False
0.55535677773451786,15,1.6591220643083555,True
0.56221805102412059,16,1.6127495689253215,True
0.51389636216115664,15,1.5582113287601591,True
0.54977252007627075,17,1.5990876305455755,True
0.51815225084595351,15,1.4811331673949579,True
0.54163470337563657,17,1.545917062986065,True
0.62844747132790346,17,1.4522006335436102,True
0.56374553050575271,15,1.6623271388356771,True
0.56983641630413595,16,1.6365905442918824,True
0.57889304028672173,19,1.5062042892652272,True
0.55989672957542136,16,1.4648851350248466,True
0.51025259026542424,16,1.3198970793022469,False
0.5616109935445196,18,1.5351456417527061,True
0.60818963067531051,21,1.5348817499207841,True
0.52904894981079376,15,1.3072496072999009,True
0.55545978545359831,17,1.593437505252727,True
0.66773784818158999,20,1.6249464674229892,True
0.58426613372116698,18,1.5115939482678262,True
0.5811561955921003,18,1.4694113747096598,True
0.65529868237362643,20,1.5767485089261575,True
0.56654904596960109,15,1.6092106455545478,True
0.54603411149749381,15,1.6980788861334692,True
0.55154374356733937,16,1.6502685546110383,True
0.55415890464024042,17,1.6351080415127055,True
0.52536677412634858,14,1.462569493947282,True
0.52705667818703228,18,1.3465424543291655,False
0.49469218121747932,15,1.5292772213936889,False
0.56086367111486601,16,1.682515055861177,True
0.76876159521489107,26,1.6398764336910043,True
0.55882886089090233,18,1.3853008194458114,True
0.60368924834829463,20,1.3875980545315845,False
0.52852890455998858,16,1.597177074192434,True
0.54680461843766881,17,1.6343222759156584,True
0.48080644665012612,18,1.4227573878711612,False
0.5546795327681272,17,1.4922074584277716,False
0.52434702584978943,16,1.5148216276706636,True
0.57646981959682042,17,1.623283915670819,True
0.5844926645927998,20,1.6412804801938472,True
0.63688336604542839,22,1.6204421284301207,True
0.52931223866445265,16,1.54731418046316,True
0.70021658510953566,24,1.6405080262312626,True
0.50155272273260409,18,1.2104081185241726,False
0.53213805868211339,19,1.4087647615429904,False
0.55169784834073698,15,1.5205830042523032,True
0.55848673051127407,16,1.5497538554527455,True
0.53649303177172647,16,1.6059313385299268,True
0.68271016160840226,21,1.6433115310389177,True
0.52060303703403488,19,1.3724926689011641,True
0.55007778869905155,17,1.1030719841958689,False
0.55037596090992824,17,1.637658959857814,True
0.53630405771210066,16,1.3141035991565178,False
0.58251710289154135,17,1.5608818462833451,True
0.57073578807783365,20,1.4676417128992056,True
0.53088302368641127,15,1.6647902027140971,True
0.53279106195492199,17,1.2694951372663486,False
0.52455315459155116,17,1.4637200528203655,True
0.54869217590017039,17,1.5924368810401097,True
0.51934324534435972,16,1.3516499870913505,True
0.56136922997694716,15,1.579768171364222,True
0.49501534087351562,15,1.5480938439503751,True
0.55512747360598069,15,1.4771326508443694,True
0.53952630441149441,16,1.5826564388356228,True
0.53101762012758336,16,1.6221339801082628,True
0.54531625975779663,18,1.5204449819441836,False
0.56756083059302687,17,1.5213175916405277,True
0.66274261025713321,23,1.6859747149160067,True
0.63343142292654953,20,1.6310629408949542,True
0.56912345756868721,17,1.656472641507641,True
0.54960095819699439,18,1.4355528467797583,True
0.57348626493128085,19,1.405712351912271,True
0.55540751850435621,16,1.5772147586349234,True
0.54891195680677396,15,1.7114357139242105,True
0.52672708875518293,17,1.5137393533242711,False
0.52977650883358518,17,1.4630931577410056,True
0.55238727692585143,15,1.66978919606753,True
0.5580716658772894,17,1.5210919276626262,True
0.72727836311033156,24,1.5824489906300421,True
0.59629446281864762,17,1.6543521402299379,True
0.57457770392223462,18,1.5571579682756806,True
0.55400078795030838,15,1.6435705384536692,True
0.57834071794421704,18,1.4569447715119257,False
0.55120725987110009,15,1.6956821800522162,True
0.61225224153295255,20,1.6210977938095252,True
0.55445768419885566,15,1.6715526918904478,True
0.5449944874448871,18,1.6271175597036716,True
0.95394869509351976,20,1.6678326495678195,True
0.57332176045788696,16,1.6021892863081348,True
0.52103638388215134,16,1.571455022086742,False
0.58732969088897002,19,1.592013733467984,True
0.55734735204537023,17,1.5573087544642568,True
0.5232005434698086,17,1.4053056265221009,False
0.53517304443444369,19,1.5458182276192525,True
0.55741734179369395,17,1.6421300848586899,True
0.58926344299898903,18,1.484839904098894,True
0.54719182080738127,17,1.393107763553221,False
0.51628575118507891,17,1.351486412498782,True
0.55713197654636581,18,1.4805829113607176,False
0.55945742893457184,15,1.5978991533177835,True
0.61333000039043539,18,1.4869108120885401,True
0.55315817834507786,17,1.6600671260297384,True
0.51251206722560583,15,1.5532664186211267,True
0.54768217468441471,17,1.5936441714048413,True
0.53830988203726637,16,1.4386422388079043,True
0.49989621674656137,16,1.3645136417373434,True
0.57204727647804465,18,1.3333737596628032,False
0.5682705973032649,17,1.4570404529378136,False
0.85569530584469955,28,1.6203163143762924,True
0.52442925699988274,17,1.5827572609408604,True
0.54840319822819472,16,1.5235263843643407,True
0.5497499809589681,15,1.6913991454121877,True
0.52639814812523567,16,1.5909876885573644,True
0.51767905822072424,16,1.5506464593574634,True
0.49730636964639341,17,1.267892058065637,False
0.55788127246250829,17,1.6785598539587245,True
0.52939314109582458,17,1.4631718677763816,True
0.53412072942523814,17,1.5144018645892128,True
0.57401596875512895,20,1.5025682470552322,True
0.57811416190957576,17,1.532935901357281,True
0.57258744140649309,18,1.6572987397442023,True
0.55296641983520489,14,1.6147772924487953,True
0.54008058946360749,14,1.4443363639588809,True
0.54327490078612128,16,1.5751925409413392,True
0.52849759393133811,18,1.1225080961180296,False
0.60520211921457079,20,1.6227149805915524,True
0.51974097504162819,16,1.564016111124179,True
0.52691235854698693,17,1.516699765204053,True
0.5558357882679924,19,1.4596830517490207,False
0.5467626019647166,17,1.6254791333385346,True
0.5850171770052548,15,1.4501963623290641,True
0.4831173545770216,17,1.2601181185746018,False
0.55352116914245064,17,1.5691263331078624,True
0.55335616101140073,18,1.5546308607576114,True
0.52377097472116063,16,1.53357483055091,True
0.55912943900700973,18,1.6342273853556084,True
0.53306238656581462,14,1.5845954612520379,True
0.57481708453692237,17,1.4522998866485803,True
0.52431565497470445,16,1.6284512725977232,True
0.54140273738655265,16,1.479704265933919,False
0.52439333726143389,16,1.633485455359313,True
0.53974227510765116,17,1.498622056155966,True
0.59250538129458985,16,1.6551376180160045,True
0.5354590322117605,17,1.3028441720704835,False
0.56343290693380399,18,1.5177686343378125,True
0.52657517900890671,17,1.5042446084123526,True
0.52498005145457816,15,1.6695742177740736,True
0.56807986645591024,16,1.6692287730489874,True
0.6005795125327148,19,1.6588942524418502,True
0.51949097560334789,18,1.3164301993951977,True
0.55280642683967118,18,1.5432913705731839,True
0.52341806613290398,17,1.4636628272184162,True
0.56211028023612719,16,1.6818653653212581,True
0.65457685422737366,20,1.4535693099694016,True
0.63639874146111031,20,1.6270415425879001,True
0.50203575298924541,17,1.4839418562970359,False
0.53645366806720174,18,1.4610280084652272,True
0.51019662809310828,17,1.3188812832271033,False
0.60537853143523324,20,1.6024858100641137,True
0.60881163104364122,19,1.5353624039842695,True
0.54403409309586404,17,1.4500084843867813,True
0.52064349323331116,17,1.6121637363825916,True
0.62114208920221159,21,1.5961781771238217,True
0.5964979050592305,18,1.5431640863175877,True
0.51797425909105177,16,1.5185570125103987,True
0.52239449922749193,16,1.5851972058626009,True
0.55717493861500311,16,1.5884502190697245,True
0.49327704080498153,16,1.5184119721234002,False
0.57740459325618565,15,1.6129886219325111,True
0.55003208262819769,17,1.5433354112055893,True
0.51732696253937693,16,1.5240648114957358,True
0.58316304604832792,17,1.5636246186533624,True
0.61455852122177801,20,1.6592090929336962,True
0.52314085556252832,15,1.6972074535094015,True
0.53999332762513641,15,1.5268995086303272,True
0.63444620736261059,21,1.6571361212328741,True
0.52647497497907458,17,1.2889372743884613,False
0.67258198685676374,22,1.681783542388539,True
0.55920700062810902,16,1.5795711078570198,True
0.47144053437525518,16,1.2044997995758164,True
0.58667249584031289,18,1.6124771645305496,True
0.56565865682419258,17,1.5273162609754072,True
0.50483095332995542,15,1.5956346361220315,True
0.6182406457689974,22,1.5776625201846592,True
0.5718981292284705,17,1.6481797112655714,True
0.65305126213481324,21,1.6280424281923813,True
0.55610457763806598,15,1.6273743460911545,True
0.63764884782568476,21,1.6192999202568292,True
0.57224315646640767,18,1.5099471291150921,True
0.51631997256472717,16,1.5010141857982604,True
0.5039677587782988,17,1.4593569231794967,True
0.57498188154901309,17,1.4536191221323529,True
0.52971934465470627,17,1.3453621749463376,False
