0.54329669113222523,23,1.4994925270392394,True
0.58242263255374993,22,1.4876575857977297,False
0.5561131931204043,23,1.6511554790716398,True
0.5109997707945334,26,1.5119905761189494,False
0.73326619207405408,45,1.5654721062813115,True
0.51479696986092038,17,1.4879416020604455,True
0.95832415204725452,75,1.5925643569354071,True
0.52379804080059233,19,1.3423800245544435,False
0.59049638803486248,25,1.397039770328139,True
0.54064831321240592,27,1.0957393848772505,False
0.68574401542400099,31,1.5522851141191738,True
0.54245142527368417,18,1.5355892768445174,True
0.55765938646181223,15,1.1471315306109764,True
0.67969989884886095,33,1.5881674568717972,True
0.52041335911739772,16,1.5043059995348143,True
0.47390277554201882,18,1.478246671788022,False
0.55503817219450391,18,1.3540148093587629,False
0.57193344931045065,23,1.6428145579832898,True
0.54405815363656995,21,1.587687551258554,True
0.56607337375552147,29,1.5310992702359909,True
0.56882484460730942,27,1.4504834690914721,False
0.50627623197038119,17,1.5837639655227072,True
0.54653045618708185,19,1.5928259380317564,True
0.53053798882902869,18,1.6200071927667443,True
0.6918943400683164,28,1.6120393587317128,True
0.57388250252948125,21,1.630822551873351,True
0.48744157753367329,23,1.3000358827416103,False
0.55568704295770266,18,1.673514776221162,True
0.58729031528008258,23,1.4390377757185762,True
0.55195414554097677,21,1.4807475327069282,True
0.60932904552423117,23,1.6513483554287332,True
0.51366340082794459,16,1.6010478894610394,True
0.55143399949401528,27,1.3157389076461654,False
0.51611668781381848,18,1.40864845825625,True
0.73471927765037637,34,1.6071162757187694,True
0.53761289699228609,25,1.5289084219492253,True
0.56458904231055351,17,1.5337852331547819,True
0.63265930339041421,18,1.6394959184211684,True
0.56099511956583825,22,1.4500668080223538,True
0.59538006717382896,23,1.6352177821887124,True
0.5508335706462465,24,1.5296078344524413,True
0.53984341443899486,20,1.5942044839587004,True
0.57919671333761169,22,1.4751255057562014,True
0.71858964937321368,27,1.5849872330001793,True
0.57031686397280246,22,1.4050476786391282,False
0.52244141667640498,19,1.3397764328808714,True
0.60666944328954164,23,1.6203579438413331,True
0.64616425303426739,26,1.5551628781506313,True
0.57694305488449871,20,1.5439714600642263,True
0.60771948103967921,27,1.5006358579059271,True
0.54019143960752369,16,1.5460007002429292,True
0.55936767583496205,24,1.5471395804028756,True
0.5157656720167112,22,1.425898468617445,False
0.64096530640584382,35,1.631686635155482,True
0.51886443750103184,22,1.5263756465823544,True
0.56571529748279037,26,1.5135787491481147,True
0.66808188230205712,37,1.4842419709099952,True
0.49256772800004212,23,1.4385533909740609,False
0.57198959834143859,21,1.6778202872678838,True
0.59540587728238814,21,1.5368923030548309,True
0.59643746094991079,21,1.5583871232892701,True
0.72500762500293248,47,1.5545926121598057,True
0.50758886319718266,18,1.3579268780669063,True
0.5430521992692996,17,1.5611723799053705,True
0.55564220271899178,20,1.6614266482706446,True
0.94817677547741575,48,1.6698899038046657,True
0.59352035675721759,18,1.5830598909702391,True
0.60989754391152129,21,1.6704674596144098,True
0.50036093699208395,15,1.5198499911360084,True
0.52587505366291154,15,1.5906533859326415,True
0.65057375858771993,30,1.5270924966358403,True
0.58066510016867601,25,1.3547363179517451,True
0.51236439336207684,17,1.5406671378378272,False
0.48960565828622721,20,1.4566324955370846,False
0.53838955696237756,20,1.5521336867427411,True
0.45268156660810172,16,1.3311788980941293,False
0.66689792614764842,22,1.5892408280433075,True
0.58412718799717134,24,1.5720600670833527,True
0.53683134707109559,18,1.5043410141217559,False
0.58612815850106481,22,1.6721319471845375,True
0.58084893487154188,27,1.0735876462045284,False
0.70351564532649991,31,1.6158639783836233,True
0.58608114080796492,27,1.5375289170904658,True
0.55680904657959285,23,1.5877009911861171,True
0.5521812356211564,24,1.4633793669554798,True
0.56119878135089518,14,1.6857459710353007,True
0.51665063927833188,21,1.1051404907954174,False
0.60663650552815684,20,1.4839321379703954,True
0.5598767382136417,15,1.5496167928022035,True
0.54647009240027145,16,1.5193282910354189,True
0.53691216935611408,22,1.5323996854294095,True
0.58895261649210795,17,1.6572652268900776,True
0.73917874609268852,32,1.5744351219112422,True
0.56359179840097884,22,1.6278183821369157,True
0.80678797907627964,35,1.6092062015688202,True
0.95015006793314982,58,1.6526057431032721,True
0.51695571376729033,20,1.576373084427098,True
0.6125892917563398,28,1.3097098758883707,False
0.57805355235560629,24,1.6345300017816518,True
0.70632111704506517,42,1.6444615217330174,True
0.55248947074391619,16,1.5460875327213488,True
0.56084934559609367,21,1.6894703081450833,True
0.55660691048363953,21,1.5467203641411644,True
0.54251211495021179,23,1.4625015612104597,True
0.56278967224655541,25,1.3890039753476591,True
0.60726811601924058,24,1.4696262306889969,True
0.62406063319329919,23,1.5885188920552034,True
0.58239384832868712,22,1.5929209285228267,True
0.55192997727064885,20,1.6297355654782828,True
0.56345270615272269,18,1.3115121663973439,True
0.54411095605692106,24,1.615577115505616,True
0.55937639437990128,18,1.3747698414129546,False
0.55447346724765523,17,1.6123556034331386,True
0.74837749294380551,35,1.5483727963120291,True
0.52843072163315086,16,1.5846203024964847,True
0.57114842197189064,24,1.3455583732825651,False
0.5132214551198776,19,1.5481143280343497,True
0.56141537570676836,22,1.4196492322847578,True
0.54366575602914435,16,1.5801562701016805,True
0.73452879278984617,26,1.6509072845432813,True
0.54059042047147621,21,1.5021010850497427,True
0.64143207174258821,30,1.6777496677430852,True
0.53055549847237549,18,1.341909998372897,False
0.59167601346310716,24,1.4916396905853035,True
0.50470879843032002,22,1.4202767620569883,True
0.54668170617176981,24,1.5074376105278406,False
0.95029619279239119,62,1.6203565632944106,True
0.65674964429851934,21,1.6002638509731586,True
0.59340697103638329,19,1.1571794025224644,False
0.66781488318244409,37,1.5026070418834394,True
0.57992554194452606,19,1.5501197126937025,True
0.58053823771098323,21,1.6027980740171526,True
0.51237826530197506,26,1.4586069801134272,False
0.5666782183208332,19,1.5824540472028612,True
0.61157133293084764,26,1.2550326962069387,False
0.57574617413185636,23,1.5913771468909419,True
0.57252675184109025,20,1.5789895093240178,True
0.53081329946539801,23,1.6121574358660833,True
0.57916563346923255,23,1.3882907033721796,False
0.63369756417660528,25,1.4838060735982765,False
0.56905881528289104,19,1.6843686439858163,True
0.58882137295986048,28,1.5056838043160348,False
0.52977186388743902,20,1.425605368911363,True
0.60507155037275295,20,1.1993730180918707,False
0.59014555577590444,20,1.6963009134046545,True
0.53968270838612264,20,1.5720872310613581,True
0.60010579243928042,19,1.5018553688421667,True
0.54141832240061805,17,1.5625047446591629,True
0.62937079735750356,30,1.4461397587763398,True
0.65494858492263108,31,1.4749357777324961,True
0.53121780454476397,22,1.1075014502505414,False
0.68339222151557677,28,1.6594781799156175,True
0.66154789646899204,29,1.6399190870253595,True
0.54633572076498049,17,1.4647584099577509,True
0.71780877235238782,36,1.504418794493027,True
0.65179707395611453,30,1.6262330467711046,True
0.56658894601751342,27,1.4722153825182154,False
0.56387028091331504,16,1.5461908109939666,True
0.59947922314811919,19,1.6480928937428305,True
0.57373255672891477,23,1.5923259543572499,True
0.5320858976659566,18,1.408667091095082,False
0.54900917916213354,18,1.6556197897929745,True
0.57240118922855676,17,1.661910206776702,True
0.51755141175942987,15,1.3615032495571202,True
0.59172682462959081,34,1.5479891649530566,False
0.55315384943791912,19,1.5828079375671331,True
0.55770867543116232,18,1.5777499549379486,True
0.53308287141379818,18,1.5574736379793608,True
0.6595295574954384,25,1.6663893119952558,True
0.63372010173366378,31,1.3823038537742909,True
0.52597621994165789,15,1.5040599503869623,True
0.55815266811023068,29,1.4979589894652492,False
0.79417198238810927,42,1.6579586466439844,True
0.77080683247927007,35,1.675703894100691,True
0.42797378105520328,17,1.1363176171814677,False
0.52775888157676687,20,1.4665050830390609,True
0.65980444079998424,30,1.6248681593852534,True
0.5509863227709616,16,1.5905607717783756,True
0.57296207639257069,22,1.6419393849265445,True
0.65008515948309542,29,1.4479498706241272,False
0.55149036601359558,19,1.5112647702506874,True
0.69022151912188912,29,1.6763673853837031,True
0.55893580418700095,22,1.4275351391972038,True
0.55869931544020124,24,1.5679407262911218,True
0.58340319251699047,26,1.5654371833781278,False
0.49614750309481925,20,1.3017064706393262,False
0.54899565441389675,19,1.5591607570400934,True
0.49544590372774555,19,1.4373570089662273,False
0.50773788679107079,16,1.4581649378829682,True
0.59910249466234644,23,1.593088514778805,True
0.73127396517503274,40,1.6419378465160459,True
0.59360563804280109,20,1.5894412699451226,True
0.54912831612580049,22,1.4597039084222092,True
0.5850197457106191,26,1.5206078209430296,True
0.66750076876322684,26,1.5417258594919487,True
0.58399252633462906,17,1.2254321143556142,True
0.55669008532546738,18,1.6557168264739408,True
0.58652714465660594,20,1.5462547966039049,True
0.56351324752780441,26,1.6619669061204958,True
0.60177386814288591,24,1.601281712514355,True
