0.95707426542607466,20,1.5212046855001773,True
0.59770906188357553,19,1.4285139536959943,True
0.95139928114242822,19,1.4697667568022676,True
0.95006629500110595,19,1.494720798324765,True
0.95415635768485341,19,1.4657232631201622,True
0.95395314429561517,23,1.5758906542776407,True
0.83843229476891856,24,1.6652019342968729,True
0.62249126497509666,18,1.5765947348808258,True
0.95057524069075283,18,1.656097321371933,True
0.84483197317307079,26,1.6445352831399389,True
0.86467251437309578,26,1.5990404393182616,True
0.95886409915456583,19,1.5226709273225982,True
0.96091928003044824,18,1.4872259740322915,True
0.96359882737166092,18,1.4986550959918181,True
0.66697195717710667,21,1.6021228741118183,True
0.96120018953663799,19,1.6009176586347147,True
0.79111471180947157,23,1.6491557072742526,True
0.9592744622842565,19,1.6101913197372351,True
0.95106950867882234,25,1.4543229544706893,True
0.61653703980208363,20,1.5862619944318352,True
0.95338774551865013,19,1.4362803432782989,True
0.52602941287441618,18,1.4907336808343081,False
0.84556465656425317,26,1.5326726282581427,True
0.95409855474407379,18,1.691930784708906,True
0.96348701202974796,22,1.4286126790527227,True
0.74660713313975835,23,1.4180727417528169,True
0.95450351819448498,19,1.6346496078354198,True
0.96426934089143068,19,1.6264961902541151,True
0.95743200068674972,18,1.6864438423878605,True
0.69149883313606297,20,1.5390014923726991,True
0.95648754143736214,21,1.6393564394965705,True
0.68866412224953755,21,1.5046935435168127,True
0.9609139238500527,19,1.5578287387958849,True
0.9623804876269394,18,1.6735858113492224,True
0.95886471074111157,19,1.5516772381754518,True
0.96588608180435287,19,1.7043242731226758,True
0.62072597958085329,18,1.2394328821948086,False
0.87286318381200412,26,1.6818397969312839,True
0.95371158477847273,19,1.5805853429965664,True
0.96182818947451854,19,1.6363639000266914,True
0.6127967547455293,19,1.3852527170187248,True
0.95443409448287386,18,1.6555220129778121,True
0.95717278870703915,19,1.6396943296936555,True
0.74936375332145477,22,1.5564793017208798,True
0.80327899660659408,24,1.4340785671382552,True
0.95886439809815405,19,1.3573317848180406,True
0.95078597491081029,19,1.3646746187914953,True
0.85120204452849368,26,1.5232979807555183,True
0.79409466204879209,24,1.3791143867205047,True
0.52119045304973377,17,1.4288244698520913,False
0.96280879521698681,18,1.6281870981588467,True
0.96285932042365585,20,1.3465879676839321,True
0.95754310755508965,19,1.5019115692784144,True
0.95293275299450975,19,1.5971809501210585,True
0.96415345667305274,19,1.6297171010752518,True
0.49367937131450207,18,1.5491087258076413,False
0.81366092333576923,26,1.407131564843094,True
0.51537322720129886,17,1.4028930424840613,False
0.64120123250364003,20,1.5737054458168902,True
0.5841360947629235,18,1.424069477461712,False
0.9616725006164264,19,1.6697579900961548,True
0.64105007995578889,21,1.5769412418888278,True
0.96070636212997462,18,1.6760394100369369,True
0.94538046517656538,32,1.428131083525265,True
0.76594620697102478,23,1.643440332017766,True
0.62939991477859536,20,1.5705751984306473,True
0.95573216027044405,18,1.5514081639185138,True
0.5894805162777681,18,1.4470818795451492,False
0.58833841440468648,18,1.5895391331599151,True
0.96001898409919839,19,1.5634549107010787,True
0.96342262582856097,19,1.5887825910965072,True
0.95665080703371341,19,1.5972208532873424,True
0.96337813764202052,20,1.5347114434603386,True
0.66538603335057278,21,1.4308934660668247,True
0.9564280976663464,19,1.6064498478467468,True
0.95012925290521266,17,1.4696804884017203,True
0.96781153749242432,19,1.6540530125081669,True
0.95040159314727246,18,1.4941299827190981,True
0.96742076752346218,18,1.4311774601909724,True
0.95354819234005839,18,1.5474691384503141,True
0.96093778835110333,18,1.6348594666970033,True
0.95187291119539219,18,1.6542460041748428,True
0.56024022770702364,18,1.3572197219446482,False
0.95581860861616441,19,1.647774162240744,True
0.95742728126581511,18,1.4902377923506647,True
0.52399968078566239,18,1.3798507452219231,False
0.55495191798025556,18,1.5373994411477359,True
0.95760065104493919,19,1.6613453860482896,True
0.95817225659896244,18,1.599698015530916,True
0.95126394697840333,18,1.6333389194610897,True
0.95284077192354444,19,1.4641189991569257,True
0.79999392897421306,25,1.6552408392327493,True
0.50338236987153595,16,1.4559487211128723,False
0.53687416824979728,18,1.4336761481113807,False
0.78754384994377757,23,1.4107414114660783,True
0.83063796390416833,25,1.4093866908962414,True
0.87608866740962421,27,1.5670741229602096,True
0.53052672710381032,18,1.440736936892818,False
0.49680928146273201,18,0.98596495172003351,False
0.82524200869909903,26,1.4680956102769731,True
0.95390870211396328,18,1.6939707084971676,True
0.64875765905406169,21,1.4779004636268871,True
0.96114115892617347,19,1.6032438298694456,True
0.95094064686901714,18,1.5337466569319815,True
0.96026999949966663,19,1.5712878790425211,True
0.51674294999709114,17,1.4373282425288065,False
0.9146136616080579,30,1.4051458522305378,True
0.58447656681242766,18,1.5650080221595988,False
0.54741507524733646,17,1.4450314599716632,False
0.58838470021043443,19,1.472391862951218,True
0.8189343520882586,25,1.5623844016412678,True
0.8438512202714783,26,1.4889534365052568,True
0.95332920861441706,18,1.6519912741273077,True
0.95262823821905274,19,1.4541755626930937,True
0.5594543774909424,17,1.545294725700719,False
0.96071011378663296,19,1.6032726511751816,True
0.61153254375442023,19,1.4109793867541403,False
0.81167261926644718,26,1.3091076429888555,True
0.95012613769561571,22,1.6323337416796757,True
0.49715273554546335,19,1.1909068474189166,False
0.96119161026468314,19,1.4131413816354248,True
0.95884571717229838,18,1.6717399489654048,True
0.55755700974615086,17,1.3499105560706082,True
0.93690247771121915,32,1.518025272402852,True
0.95074668830626841,19,1.4669975909369151,True
0.64882143097017964,19,1.5401751523322926,True
0.56300264241763565,15,1.129526083424323,False
0.95040614308574578,18,1.6101120586676416,True
0.62529100029867191,18,1.4895966456434802,False
0.61451221486204899,19,1.5471319805682016,True
0.51796112621703483,17,1.2798402245704128,False
0.82489818248510194,25,1.3671076089252969,True
0.52423404679117802,18,1.390114556656882,False
0.82441071226696871,25,1.5047233221955802,True
0.95906803185351952,19,1.5339702654951788,True
0.53625074617997559,18,1.3249729946645472,False
0.95403107907529139,19,1.563029615065918,True
0.95129230321933245,18,1.5660623100132951,True
0.95226024295191036,19,1.5291997582289973,True
0.85143989326956537,27,1.5370624685033241,True
0.75613619953933253,23,1.5950393252853818,True
0.97284202603648906,21,1.5082751021325247,True
0.96238168905145682,19,1.5423090079982145,True
0.55167602186378806,19,1.4253085032813035,False
0.95802397218755997,19,1.5992366104336571,True
0.95546578883952216,18,1.651749702502604,True
0.75291436842333936,22,1.6832590910514353,True
0.95533552149353473,18,1.6448174966296554,True
0.63407582751342784,20,1.4415886088495413,False
0.59683215347443686,19,1.4143765577720273,False
0.96312130566952847,18,1.5586905487615601,True
0.96123461747579331,18,1.6594035904077746,True
0.69280930399086293,20,1.6160516456693923,True
0.57544222055947125,19,1.589433652737676,True
0.56090241381270922,17,1.4125946400322651,False
0.48692710728805583,18,1.3194422158400509,False
0.95635072570881985,18,1.6944318523331066,True
0.68868882861523684,19,1.6392764779357065,True
0.56483141675100612,17,1.332219621035158,False
0.48295118794071923,17,1.3733822035809859,False
0.80798586726996002,24,1.6191118882376663,True
0.52457497806257414,17,1.2565285190260682,False
0.95991936578706949,20,1.5847294332669171,True
0.57041137088862359,17,1.4358900999061994,False
0.64818130485524705,22,1.4814569416765677,True
0.95542060518111005,19,1.6833957235813484,True
0.8489698694546256,27,1.4202435809905585,True
0.78909295394548273,25,1.5514043660822732,True
0.95174967521922049,17,1.6223013756657076,True
0.55201720008616451,19,1.543037371912001,True
0.93203542090828806,29,1.6485622844091545,True
0.68737313267996947,21,1.6307752268653188,True
0.95982939055205496,18,1.2935977457667351,True
0.9318808378569915,31,1.5739373696918462,True
0.96022042034535515,18,1.5105144090936156,True
0.95220708521548647,17,1.6907121517317398,True
0.96360051344066011,19,1.6025816210510417,True
0.78625976875512515,25,1.3911010530015295,True
0.95965285515844989,18,1.6210465455454552,True
0.54704088376879811,17,1.527994039547365,False
0.95103377608709561,18,1.4985572579625019,True
0.95194861652800511,18,1.6337601313880643,True
0.96355711979736736,18,1.5688314179568517,True
0.61898517259790098,18,1.628516889077176,True
0.95604104756932307,21,1.5252104057195621,True
0.95464410000402666,19,1.6695386050527232,True
0.91410236461555949,28,1.5935929268468121,True
0.58865609672341357,19,1.6326830635354534,True
0.79123786844771615,23,1.5178912393278479,True
0.5476257640406198,17,1.4883995294834524,True
0.9640337251823361,19,1.6301682632937484,True
0.57827092824619541,17,1.5915589520877094,True
0.7112337517157663,22,1.4746262933872658,True
0.57442163001228208,18,1.5632800493050778,True
0.95125534290404978,19,1.4676390134141442,True
0.95349888946033523,18,1.6470665429239502,True
0.59831607128410358,17,1.3827755684891971,True
0.57981493819349172,17,1.4286837365147389,True
0.64586671506374804,22,1.4874968123614918,True
0.96154470717549878,19,1.5738994244689875,True
0.63956705741870301,19,1.498084093029165,True
0.95235058681201223,18,1.5704173863689725,True
0.96196679376596617,19,1.5924937300534763,True
0.95249691016492211,18,1.6447562731606691,True
0.95535122762785152,18,1.6641487545877589,True
0.95155287598185212,19,1.6178065268497051,True
0.95902783183074169,19,1.6169810857736562,True
0.50689338969127684,19,1.1872378970502939,False
0.95763186111121179,19,1.5949908503752794,True
0.59698491221531313,19,1.4532882833874436,False
0.95249238207479237,18,1.349856463455229,True
0.66900538049639469,21,1.5987264283313831,True
0.53560424213452096,18,1.2317338855259039,False
0.95180970800827014,23,1.5796328973901954,True
0.95711674600893137,19,1.6044197046772779,True
0.96641186525883915,19,1.5740515488995768,True
0.59125428371990107,18,1.5646148162026445,True
0.59778951087552001,18,1.4990172095260283,True
0.96465644089237157,20,1.4249577220483958,True
0.96147270559868891,19,1.6450982309153235,True
0.79339011975846141,25,1.5394145622141195,True
0.95914136965180774,20,1.4691160278004818,True
0.96129639052939397,19,1.5178117333030061,True
0.9519390294257668,18,1.5696029326736374,True
0.93402466498554426,29,1.6213020095715551,True
0.9509779916478478,18,1.586436765301376,True
0.68233450438490795,20,1.6782626342761433,True
0.80553770740302977,27,1.5488919960550402,True
0.96206595263946004,21,1.6149520284107752,True
0.95581088680605575,19,1.6546289702031336,True
0.96233764287037904,18,1.5828841873505701,True
0.95289011396347689,19,1.6340952190080986,True
0.95061826992150189,18,1.4941946945431968,True
0.95004426381265994,19,1.2994236584135512,True
0.91033774985330373,29,1.4222795082771549,True
0.96000217772714502,19,1.6509865115798836,True
0.95339589935162949,20,1.5720970402651278,True
0.5134555152942174,16,0.96610774962402068,False
0.95124705702246193,19,1.5942151662883655,True
0.95279730210759261,19,1.4719548694469482,True
0.96610481709460405,19,1.6554039690082769,True
0.9573730449184028,20,1.6006541267224559,True
0.96224205851190037,18,1.5919751017719219,True
0.5533870924709714,17,1.5458492961049624,False
0.51280769867004372,18,1.4396932818009989,False
0.96650214315988381,19,1.5496991506713482,True
0.47148230522439843,18,1.2868188242714542,False
0.58061515987071011,19,1.4125623915948544,True
0.55921047139863334,18,1.2254480649060255,False
0.95218708970849741,18,1.558835540150658,True
0.75170246270022756,23,1.6364356598468293,True
0.95679367229393764,19,1.5129799999529205,True
0.45718732222934244,17,1.2667123889099809,False
0.55392340049428124,18,1.3936866869788394,False
0.9579555793338792,18,1.6910429287348059,True
0.95608413711061668,18,1.6313760083893287,True
0.64750451322910585,19,1.5747425801255941,True
0.79652270186334895,24,1.6465748935951579,True
0.96276409140967423,19,1.4294911977646709,True
0.96895535750125583,19,1.6573421243406841,True
0.96177175084572641,19,1.4720065417390742,True
0.52244149482428737,16,1.2652339926931002,False
0.67472122269236756,21,1.6263475112889019,True
0.95076683010794316,20,1.58711802874054,True
0.95921997309805229,18,1.3775145772803226,True
0.95197690949889946,18,1.6250193902633931,True
0.59934294206092942,19,1.5598236320967283,True
0.96415845352237683,19,1.5709091755105005,True
0.95789519145057778,19,1.6805011337875202,True
0.67748350178551253,20,1.65351743690846,True
0.77219916801507138,24,1.5229268567690033,True
0.95410035177260766,18,1.5685656982138556,True
0.95335624275813202,19,1.5438219642606816,True
0.95037481993463901,18,1.4911823945395457,True
0.52559135541953228,19,1.304070995454909,False
0.58186854601069216,16,1.2263358309632069,False
0.96355631029874966,20,1.5913240884916267,True
0.96257656984476214,19,1.5788270644178137,True
0.96075894771388126,18,1.640725963505725,True
0.95501406294520697,18,1.6773383936638879,True
0.95676631841684623,18,1.6587851207496023,True
0.62282677913288209,19,1.2557777201351072,False
0.96627183267953509,19,1.6121223120692652,True
0.96243259811072901,19,1.5787947566827309,True
0.95615655711486247,19,1.5589171023269921,True
0.56087277640831124,18,1.2825072217144513,False
0.88559982488817879,27,1.6004914717335563,True
0.6557942953352538,20,1.4134044825638044,True
0.58412606038468928,19,1.550422260349908,True
0.85540003226731076,26,1.5957953721587224,True
0.95614415659841812,19,1.5224500385752471,True
0.9557486286956095,18,1.6629875423402722,True
0.95834242118359125,19,1.51625308758382,True
0.96220061471712504,19,1.6083374378530317,True
0.95968905670201266,18,1.6161053178791567,True
0.62457045617782614,18,1.3915760108855484,False
0.95879880471158652,21,1.4480387988952605,True
0.53041467877857196,18,1.4838592390545109,False
0.95052913618724277,18,1.521735541000891,True
0.61252023535752975,19,1.5499101950658565,True
0.58567452113742069,19,1.5900550416176549,True
0.95715642003558998,19,1.49691092678473,True
0.95105013684779838,17,1.6447196384557841,True
0.61231492357036477,19,1.2644139732950297,False
0.95646423227998645,18,1.6266093687728531,True
0.67484046205946413,20,1.6016293559152301,True
0.95937955377155215,19,1.4781007533850925,True
0.950391443893566,18,1.6325797147786596,True
0.9615324411452536,19,1.5962747172747027,True
0.92770212483911252,31,1.4880873649322146,True
0.53709842455885748,19,1.2461372587595128,False
0.51204600723298488,18,1.3491824881465755,False
0.55594201387596232,18,1.4741366902467428,False
0.59614155682643655,18,1.4142283144412227,True
0.59720816752156214,19,1.4489939682316821,True
0.96099000276277879,18,1.5183764399268846,True
0.96254185131669645,19,1.370945429266728,True
0.95975006580002009,19,1.5495262879811482,True
0.57327274963628105,17,1.4579756821690308,True
0.50591157705165934,17,1.1113457769337007,False
0.90148517834381869,28,1.471272804450118,True
0.95460935986000628,18,1.6967917378785835,True
0.9328780576870398,30,1.4339019396482766,True
0.65789429774712271,21,1.530088282215234,True
0.56935608390137293,19,1.2890920260365832,True
0.7903348574923128,23,1.6343689821262826,True
0.96320177291963471,18,1.5884539183351749,True
0.96804793133197387,18,1.4606189773140386,True
0.94922923512221313,31,1.5943206348023469,True
0.64872130839604292,19,1.6888573486274956,True
0.96475733455771817,20,1.5631768629282397,True
0.51595877188845418,18,1.3125878232578525,False
0.95027871387183227,18,1.5627762897766158,True
0.95937626360498895,18,1.5704316650794135,True
0.95312798357839146,18,1.5323591754918968,True
0.95198013186699793,18,1.6862316456512121,True
0.96200658163129982,18,1.6969645070172688,True
0.73877888125577673,23,1.5661021476189034,True
0.95102433714414303,17,1.5860000318539467,True
0.95159587992888672,18,1.6111303584810832,True
0.63597976354095387,19,1.6163694789678131,True
0.95921102406074665,20,1.5913481523916271,True
0.9502571989828027,27,1.6355016228656978,True
0.59471805398548705,19,1.5728018461769466,True
0.95514153076671082,18,1.6920622108205086,True
0.96331019668908513,19,1.6186911849847367,True
0.95331665822477463,18,1.5827733985099901,True
0.95909517468968963,18,1.5540186039151238,True
0.95310076966541335,19,1.5568947945425824,True
0.96321890730736104,19,1.5718729729317813,True
0.9264463314818262,30,1.6225385065771918,True
0.65845664566076023,19,1.6295516565159507,True
0.95753888236357765,18,1.6526266133510865,True
0.52908935481709751,17,1.5768572331947925,True
0.9570044025021357,18,1.6853657476876094,True
0.95667368788486484,20,1.5146533925204624,True
0.57700543427719297,17,1.4430482161714038,True
0.96483051964821887,19,1.6514507726463279,True
0.91197943569127538,30,1.6378103549167764,True
0.7494413887355591,24,1.504741590045086,True
0.96036581616692573,19,1.666844805277925,True
0.95923490431773317,18,1.5089922964756295,True
0.88784868021965002,29,1.5709357077560027,True
0.58504767862340146,18,1.4243723096988126,False
0.61447319960340996,19,1.3371382106496443,False
0.62806826853388364,19,1.6166274154330018,True
0.96695841602087262,22,1.5248225077861266,True
0.95969452662673183,18,1.6418296248500062,True
0.70927714640140671,22,1.3471606954862259,True
0.95192609802823058,24,1.5400888648012236,True
0.72523794548241693,21,1.5537572711115073,True
0.96377911501827174,20,1.5047801690894529,True
0.50092372377908301,17,1.3122274095708801,False
0.96007867770891364,19,1.6769567634478111,True
0.96259493991384659,18,1.5978315020666789,True
0.9665055377457612,19,1.4113575364979718,True
0.95095512358706724,18,1.6045718245541409,True
0.51786690905545751,18,1.4564806484422212,False
0.5642733646547935,18,1.1359095813746125,False
0.82727815295365659,24,1.6306619432326481,True
0.81348018003279066,25,1.5507111139550829,True
0.554773847765479,18,1.0812918325092988,False
0.95122765398565845,18,1.5158395108259741,True
0.96291894127025657,19,1.5620478675183489,True
0.49445683584329481,17,1.5083838302327877,False
0.95913501988828798,20,1.4683567371529838,True
0.96329280412608931,20,1.4753108564318929,True
0.5476104976585493,18,1.5448969837680633,False
0.85049022244739114,26,1.5485567324133613,True
0.95677557518851852,19,1.6445777248622631,True
0.5491543997924746,17,1.4867682324116951,True
0.96011593510822946,19,1.621921776712191,True
0.57297672492464491,17,1.4459097715267479,False
0.95759624602099691,18,1.6473554309903724,True
0.64056330659812222,18,1.2230022865918213,False
0.56749299788485297,16,1.5116944816598992,False
0.79239436877952496,24,1.6038980143221349,True
0.96196680119698841,18,1.2854327105799359,True
0.918025046525489,28,1.6352503534343592,True
0.95443997181740836,18,1.5499244370025491,True
0.9629219680887724,18,1.6967404300136397,True
0.4474224375711825,17,1.1477531792355045,False
0.70086760756699362,21,1.6425564307476905,True
0.59366604835281978,19,1.3092596902354017,False
0.95412672502528639,18,1.6266533374269752,True
0.85333985043431571,26,1.5863268819790546,True
0.53912385812824792,17,1.4203156764456113,True
0.58232379390716393,18,1.4055862434826669,False
0.95510809276427699,19,1.5864569131319473,True
0.95464064002805571,18,1.5714702328243979,True
0.95500832894364807,20,1.3925298417705703,True
0.63980008521924847,20,1.4810792817920304,True
0.96046212941091669,21,1.567148145145395,True
0.70785184417848424,22,1.6144644631326315,True
0.69578161810301564,20,1.4077964565764387,True
0.82105268781974294,25,1.5518274947884818,True
0.53542243690500035,18,1.2552780279078255,False
0.57265839352617487,18,1.3048934742180271,True
0.95069832958233469,18,1.5031916462761312,True
0.55461084141350891,19,1.4742802614877286,True
0.95106837426668667,18,1.6258188468633745,True
0.53486447217431432,16,1.2804809473311065,False
0.95905818008840804,18,1.6943529770151518,True
0.95232205907357537,18,1.4664610182819164,True
0.95672304694562371,19,1.6719821613022141,True
0.95074570551354687,19,1.5850281572529439,True
0.50200176117117123,16,1.4736849191265797,False
0.6088726029256073,18,1.5052275977067444,True
0.95020514441895776,31,1.6397063178218536,True
0.60958344009662679,18,1.5648794003309052,True
0.95014308650815904,18,1.5851627092261278,True
0.95799121605472326,18,1.5858756648643537,True
0.95632313841885719,18,1.5856082120053416,True
0.95273116205634545,17,1.6646625706615039,True
0.96678298451073197,21,1.3349115693430755,True
0.96155162739512401,20,1.4285581995057024,True
0.53504969995960439,17,1.474100463176524,False
0.81877542635364498,25,1.685353905797818,True
0.9504105086621778,18,1.6296518326894212,True
0.96481138865358829,19,1.6169953756301463,True
0.74321769735585008,23,1.4279067050133569,True
0.5670987421954512,17,1.5320715244611456,False
0.61015311687265861,20,1.4881477874091225,True
0.6500410877564663,19,1.6159844482995567,True
0.56754510951997594,18,1.264780373933164,True
0.60388228639457797,19,1.4845849305413219,True
0.57957828617862384,18,1.2689455896196218,False
0.50991097585091716,18,1.372102422368465,False
0.49841596389831744,15,1.6269322708243874,True
0.95850365668848203,19,1.4462899586221429,True
0.55653032261420499,20,1.3637509097385168,False
0.96162016369047698,19,1.5217585472974289,True
0.52795223938704194,18,1.2648085387162034,False
0.95137943687304316,18,1.6698178324469137,True
0.48782074813616921,18,1.2188376848071478,False
0.95853521824784838,19,1.6343603747704276,True
0.9648807944435549,19,1.6673000662700193,True
0.95537956197438367,18,1.6487454597821123,True
0.64033179369594728,21,1.5867525939009941,True
0.53631935698400035,18,1.3651385245932517,False
0.9624293257290395,21,1.5360792966142245,True
0.95310782609680444,18,1.5269554732531687,True
0.48789415011701276,18,1.1438491654373946,False
0.95292237379139366,22,1.661096384342317,True
0.97091271212413621,18,1.2704519584009675,True
0.52398975787902735,16,1.4556369764752797,True
0.95193997262419183,17,1.617024822661822,True
0.56702528938116781,18,1.4193606617863628,False
0.64131940510616348,17,1.6895700691784044,True
0.5817515491305576,17,1.3820352464097481,False
0.64182262699084391,20,1.4250673517607746,True
0.52832290383585878,18,1.4925079279310058,False
0.53315508743514617,17,1.488079816535234,False
0.95963749746671478,19,1.6158504193419672,True
0.79703993948149987,25,1.5973445818258858,True
0.89249605290320666,27,1.6765305953376988,True
0.95922026287375328,19,1.6404653034443113,True
0.95648285404514899,19,1.5928090709642606,True
0.4951518627824823,17,1.2022045823771288,False
0.91485802579286346,30,1.3612942189911004,True
0.62530758724683566,19,1.5899125245959167,True
0.95646031099490214,17,1.5575476581575607,True
0.95379721074121193,19,1.5021067765132561,True
0.958704740307739,18,1.5684543754021369,True
0.7910948636342765,22,1.5268629163089367,True
0.80539857061876119,25,1.608588592782259,True
0.74551919110161835,24,1.2867595448175777,True
0.52969610856837124,17,1.15861650755927,False
0.96312790289161654,19,1.5527472543978114,True
0.96376908571106279,19,1.6418087073435328,True
0.67633997175250915,20,1.5944202302138317,True
0.96350239603856336,18,1.6245317250478062,True
0.56321812492076218,18,1.4255452215870008,False
0.547967756812621,16,1.4443730211531447,False
0.83905846971424958,26,1.388384419095853,True
0.59418381470106518,17,1.4995043892878326,True
0.75223650506698381,24,1.5725389190504337,True
0.94963767206872851,31,1.6223509927905857,True
0.9519942158141167,18,1.6309664531409487,True
0.95798834486833273,22,1.4713485796307686,True
0.55579013999661298,16,1.5047073258255574,False
0.96388185720622821,18,1.6975316527781537,True
0.96041723353119968,19,1.5958440125643707,True
0.95838532447678682,19,1.394543125840727,True
0.960856386809395,18,1.6612055966871375,True
0.96353160221290823,20,1.4865413417552999,True
0.94210728620296691,30,1.6745198231439162,True
0.57388478900345363,17,1.5759620700046579,True
0.96109898214362388,19,1.5781378182265191,True
0.62758110028298608,17,1.3825451698641986,True
0.95158732120352651,18,1.6125949269123927,True
0.75766682138787556,22,1.5344746755531971,True
0.74115104119578967,22,1.532415492820582,True
0.85891707596231071,27,1.5229924541427873,True
0.95948808692348464,19,1.4883409454971572,True
0.9624843919827144,18,1.6890374761758702,True
0.95409250843449167,19,1.4444651188010571,True
0.61121327531535341,18,1.2531000961466607,False
0.95265513594293905,18,1.6855725808363666,True
0.84302090328151591,27,1.6380540226247151,True
0.79046882088906323,24,1.5759178315303548,True
0.62555592663416848,19,1.4535780399579983,False
0.88411082445626277,28,1.4854154314750287,True
0.95366400318408406,19,1.6205420109321012,True
0.76580268125192696,23,1.4986630175630502,True
0.96930300054835616,18,1.6764748780156338,True
0.56713964342600331,17,1.3831713423763128,False
0.96192317038341979,18,1.4587516777801119,True
0.95409186498145238,18,1.6263742428783785,True
0.96193245886014245,19,1.6209549746278178,True
0.95482493498849119,18,1.3736931621189312,True
0.96349443308448701,18,1.6592811955040576,True
0.95431890295391764,18,1.5556051650716778,True
0.5939898919746136,16,1.4510237173050378,True
0.96350777514148123,18,1.6840023907796855,True
0.95029904786662833,18,1.6330178038329226,True
0.96284198444052516,18,1.7069546369515163,True
0.95454189833457204,19,1.6448974597053179,True
0.58054801721450233,17,1.4777699017745549,True
0.66116690004827072,21,1.5392376938132508,True
0.580609796648617,18,1.4211767536679238,True
0.56650027821603077,17,1.4928825201360647,False
0.95180276732806002,18,1.5769161029877494,True
0.66950211122278847,20,1.5769066935922675,True
0.96645325682551242,18,1.5165433833176485,True
0.58158648631809029,20,1.4079680794711205,True
0.55304316679176158,17,1.401243153876035,False
0.95599504503247246,18,1.6441014224222168,True
0.95747416107352779,19,1.4776904040922603,True
0.8218113090584378,26,1.5747782088595212,True
0.57646216891016078,17,1.4852282157965457,True
0.96409210098817988,19,1.6016711293528794,True
0.57703315395469057,17,1.5394989676341753,False
0.80176242799405806,25,1.5917410871293212,True
0.96336199798983413,18,1.6736026061230369,True
0.71617358893011063,21,1.3906297336873739,True
0.95285561002090668,18,1.6763901456210826,True
0.83935001951094323,25,1.3632963249548782,True
0.56707601762280968,18,1.37708575157874,False
0.51117950834725201,18,1.3224855569276701,False
0.95226365883741382,20,1.3432033532324881,True
0.95414778812975676,19,1.5621642762097325,True
0.46876788238231332,17,1.2497867077766838,False
0.95376989644920174,18,1.6001884932751482,True
0.91194384497139169,28,1.6797206549107409,True
0.96066081352049371,18,1.4177408716860918,True
0.94933800222237352,31,1.5031161316637509,True
0.61984130204833399,18,1.6399173469628554,True
0.60371358845581569,18,1.4196184820194757,False
0.9510287351062483,18,1.4912646711471393,True
0.95430201969543083,18,1.4994857843244103,True
0.52820636364430729,18,1.2588315297117159,False
0.95874018930594229,18,1.6429710141889653,True
0.5060201990767621,17,1.5182465772031644,False
0.53795529157974442,17,1.5441993632695168,False
0.9512588921975389,18,1.5533504425968907,True
0.65415463187960932,21,1.5623457922622499,True
0.95335992393301006,18,1.6489545586453238,True
0.48401026515526735,17,1.4684237650425018,False
0.95079172584333183,20,1.4683355412325063,True
0.95696044632909794,18,1.6775785250504769,True
0.76197494953215905,23,1.3621561813767638,False
0.51956648913017145,17,1.338530472781829,False
0.95837009759407155,19,1.5325864200841324,True
0.95667811979401329,20,1.4374130448572815,True
0.95565659147962334,20,1.5408204423098344,True
0.5481521487704617,16,1.0135223201732111,False
0.55704980594444309,18,1.5377689083364181,True
0.96049343014795141,19,1.4812359845131331,True
0.55534808539873493,18,1.3397134498192891,False
0.93245986086845445,30,1.6098419513066615,True
0.95667434562517406,18,1.6271592231284646,True
0.95794186888934241,18,1.5040611920167064,True
0.89596140770160237,27,1.5435746263720322,True
0.63171554643261052,19,1.3830030920866905,True
0.60328451219104506,20,1.4706059511542446,True
0.95192342012061149,20,1.5906056605329821,True
0.9578046173001995,19,1.4239274993275108,True
0.53053909760079621,18,1.5190182265292334,False
0.57374049025469165,17,1.387539145285414,False
0.96165609240472461,18,1.6284537213480992,True
0.68832905571020753,21,1.6346362663211673,True
0.95073246009655277,24,1.4631387845380932,True
0.96419245112700813,18,1.6533624066979411,True
0.95839434829686443,18,1.6292674675484755,True
0.63981014674898518,20,1.3692377582265658,True
0.46103458712635964,16,1.4461368688953051,False
0.95920131622960469,18,1.6097463242009633,True
0.95282309258372899,18,1.6984652857037408,True
0.95399657225313161,20,1.5949306889152999,True
0.53409630274089515,18,1.5162057250046959,True
0.74161092302470888,23,1.5583217372325646,True
0.64239898095373016,19,1.4241930305221533,False
0.96494668814385909,18,1.5740859220642083,True
0.48013559678663653,17,1.5718944340973435,False
0.55268012290727841,18,1.4215503542083252,True
0.57791057164963278,17,1.5632103043597154,True
0.55940908868199901,17,1.513750960843725,False
0.46947073869447564,18,1.492048639250924,False
0.56252463121302876,18,1.2400005241470817,False
0.58698704460737416,18,1.3015785693685189,True
0.57783543849195962,18,1.3536639101656436,False
0.58841241291062574,16,1.4878591488765223,False
0.95954792376322673,19,1.3962496852001811,True
0.96277436261222638,19,1.3877703054165149,True
0.76062399983973572,23,1.642097270334268,True
0.57262038635151036,18,1.3682347660383534,True
0.95811984501272152,18,1.6341460152466394,True
0.68138280446776955,20,1.5512795062986877,True
0.55333330868963693,17,1.5727047027612091,True
0.79668856738163574,26,1.4099013649392997,True
0.96008310974226285,19,1.5530257034764987,True
0.7698248658760678,25,1.4374486341691175,True
0.95902059133195383,18,1.7129442243265227,True
0.9679134890686284,20,1.5775470993739618,True
0.95704399561829434,18,1.6692378678439657,True
0.55371825513977313,17,1.2888244334427388,False
0.96095401620253251,18,1.5721734825888272,True
0.95721205755941163,18,1.6138936075166539,True
0.95450062108729306,18,1.6605416907883788,True
0.95707273095931344,19,1.5734298778628377,True
0.5865626883708851,18,1.5626443586696439,True
0.95369287128275748,18,1.5726682487935681,True
0.45787596448524986,18,1.3547855661191075,False
0.8643119707506477,26,1.6430654138652654,True
0.92190940010541911,31,1.4646043006982439,True
0.96225432540938172,18,1.674496395493287,True
0.59352339811005772,19,1.3245953362434404,True
0.64651228865538068,21,1.5411351770775721,True
0.96534634315128975,19,1.5845733962501478,True
0.75094665446786746,23,1.6069199288781324,True
0.57423248799133264,18,1.4052107644728564,False
0.95561058885119721,19,1.5017589811389815,True
0.9659058827012994,19,1.6453217683953527,True
0.96467516158890532,20,1.5209430622861788,True
0.95206521320963722,18,1.5693524719541092,True
0.7275333382161312,21,1.4976022749756872,True
0.96216143377969077,19,1.5137955086776438,True
0.96304636999602389,20,1.4566686391919581,True
0.9563030468604824,18,1.5437733805272476,True
0.95100753311716213,18,1.6156479727617814,True
0.96174189127480125,18,1.660082799127756,True
0.49544240866970163,17,1.3949915818061265,False
0.96043124162921745,18,1.5081303864886668,True
0.57857105658213959,21,1.3955839645941293,False
0.96039701125405796,18,1.5980907418659838,True
0.96044327778510241,18,1.5712315946828102,True
0.95364132189922168,18,1.6460591739968262,True
0.96054107582832515,19,1.6516539146589861,True
0.96169539351519961,18,1.4392597742827209,True
0.95430935173176523,18,1.6815210086254975,True
0.90554077133491195,31,1.5529122325072051,True
0.73149994203461821,22,1.6217956578282224,True
0.59547730078122041,18,1.3267834785143451,False
0.95088892688636939,22,1.6568640953627884,True
0.93711298390686515,31,1.4580829977962506,True
0.96018987823043289,19,1.6195840449000867,True
0.83182497360188401,24,1.5787624811429046,True
0.82689597579787821,26,1.5483683868686104,True
0.69468952327274514,21,1.5183698927507108,True
0.59332999294928301,21,1.5306261794018674,True
0.95649372594662563,22,1.4298933472321342,True
0.9597604035566909,19,1.4588785156512605,True
0.95979323605450162,18,1.5683874137659384,True
0.79421961306967603,26,1.4480175420822796,True
0.59763529650480351,18,1.5783220975212491,True
0.96135364128180678,20,1.503146743806367,True
0.58664054138988131,17,1.4151735740499474,True
0.96592062575691506,19,1.4886569642325489,True
0.54674994527100895,14,1.5611667127023945,False
0.95685580470148512,20,1.4808523370070998,True
0.9548112414776323,23,1.4637045379723257,True
0.95581675196990112,18,1.6369705245342556,True
0.95166380032419773,18,1.5671726123235614,True
0.94856083589234186,31,1.5827764856928361,True
0.57210240518598598,19,1.5398450752900203,True
0.7700582572883119,23,1.556424058213979,True
0.95703868512577961,18,1.6667668552246606,True
0.5194208418067543,17,1.4171577047376784,False
0.9569910863056279,18,1.6173763013777138,True
0.96174182775110406,18,1.5166089442418014,True
0.67612282247133448,21,1.4903113613990027,True
0.55382360624460913,17,1.0464340679066941,False
0.95913230662120663,19,1.5289103249438585,True
0.56636086190771628,18,1.3880002210290625,False
0.58576837923948599,17,1.5193447576046941,True
0.95658998243614735,19,1.5974805874287297,True
0.60184216543530433,19,1.5463825971225236,True
0.95927629062333264,18,1.7024217000251658,True
0.96106328650973682,18,1.6576667200943751,True
0.55454769308133423,18,1.4983037538352124,True
0.56119678893011593,17,1.5206117740636569,True
0.96110289233000823,21,1.3451804030037569,True
0.955001542834503,20,1.4772128671806652,True
0.53966563935765355,18,1.5838300356341559,True
0.62101725957949561,21,1.3537889378661314,True
0.96431705542316482,19,1.6165630977975665,True
0.96458797034950061,18,1.5929154215948595,True
0.95165536388470973,19,1.610777071103453,True
0.48944095375199503,18,1.3689403220778056,False
0.95565694946685076,18,1.5902733636017106,True
0.59456752323197049,18,1.3805709185855544,True
0.95198774445266177,18,1.6415295920394966,True
0.95668807915711473,18,1.5493582174683629,True
0.95490773531049278,19,1.6316994147423853,True
0.70123980053602819,21,1.5710666514787457,True
0.95245832297982858,19,1.5442270521940318,True
0.51505386920811247,16,1.2740193770474053,False
0.48843100336720091,18,1.3633839840440647,False
0.96201525596810289,19,1.3906289177886573,True
0.57593607409825365,18,1.5752126961812956,True
0.59355629955584066,18,1.3484236904892786,False
0.95986229399284295,18,1.5071300078325442,True
0.95164943813685055,18,1.6244395852735178,True
0.95004165685151354,18,1.6666542016107895,True
0.95767144900288681,18,1.6190018621641413,True
0.73251044751798844,22,1.4182259169135878,True
0.78710611862795166,25,1.5328160225862537,True
0.96552511901997351,19,1.640211942427495,True
0.84994651525836451,26,1.593147086004894,True
0.94008169236370009,30,1.5110713083463423,True
0.45598744988008139,17,1.3285205690543425,False
0.95337877425701312,19,1.3553940806957328,True
0.96622619046837466,20,1.5198169929648353,True
0.91613733525442398,30,1.5997239621153028,True
0.45153398643737414,19,1.0436095816778936,False
0.95863087334415253,19,1.5778886147348616,True
0.95252216515874111,18,1.6879518438756473,True
0.60530116684501245,20,1.4930871182427876,False
0.94584338484880226,30,1.5824283272495336,True
0.77990216332326745,25,1.3523336520700835,True
0.96119167232842362,19,1.6489887482092125,True
0.57029326661845892,17,1.4027458544405571,False
0.66145205494643478,20,1.5374141216010175,True
0.6110051696130927,20,1.5406523316145058,True
0.95335178004359222,18,1.6569836720917204,True
0.95858823237415325,21,1.5055023524043663,True
0.47494435624250103,16,1.4626068396940901,False
0.95155989610934166,17,1.6037573832477674,True
0.95655850474300663,20,1.5687861476798017,True
0.67348574423535312,20,1.6636895085891814,True
0.96343472757325122,20,1.4814514235310381,True
0.96044968280363152,20,1.4952277134563035,True
0.72275327409154877,21,1.6799484624867422,True
0.90832352318167486,29,1.6531569816114875,True
0.62390610501229604,20,1.4251270037473331,False
0.87651837498371454,26,1.460928729646692,True
0.95772721795666527,18,1.6330573152275163,True
0.95061063963702386,18,1.5773548469097041,True
0.95311564966317375,18,1.3976433277917115,True
0.95335400820378102,18,1.6957085144279054,True
0.95905829900599315,18,1.5120854758945401,True
0.95104116091754176,17,1.6890906542121147,True
0.53140842214448669,18,1.407211778377554,False
0.9538400943968729,19,1.5520155590898854,True
0.55107253276273815,18,1.6056085175784565,False
0.55079700347900828,18,1.3918759636770024,False
0.90184776544559764,28,1.5877401879377886,True
0.95698793959320594,19,1.5809792275785668,True
0.78830496275952622,24,1.5547631028747639,True
0.9575495507041738,18,1.6480007360330784,True
0.95569805000507468,18,1.6855756198605365,True
0.96158004893383364,19,1.6322112396825534,True
0.62156230409212365,18,1.4123292506903335,False
0.50237425303638006,17,1.3688295393961782,False
0.55619264001995139,18,1.4087445175156881,False
0.53218189710905306,17,1.248603490668341,False
0.95421223454976933,20,1.3914255842725918,True
0.96229834674830583,19,1.6681203698117919,True
0.4956190697792191,17,1.391669076823761,False
0.9611430293960751,19,1.6853321880537733,True
0.95528981722225159,18,1.4623403956576375,True
0.95844368021990789,18,1.673992964767248,True
0.96092158361648738,20,1.3197899733092497,True
0.95899263662973455,19,1.5457072055124055,True
0.71471489658114939,21,1.5779267258355889,True
0.95114586193826589,19,1.5691276089302402,True
0.7153291187173787,23,1.3021667221725881,True
0.95822650246158725,18,1.6618671914974947,True
0.95230965033123516,18,1.4656740231462118,True
0.95876707699586416,19,1.5992882758629372,True
0.61592705189062658,20,1.5139083132043381,True
0.45881945778045025,16,1.3516996814207958,False
0.73458955231777034,22,1.4903218107697538,True
0.5595602070604383,18,1.5575517390497291,True
0.96467763511466131,18,1.4802384529805832,True
0.50907946633473389,17,1.2808403598601601,False
0.95113819496084218,18,1.575798492826517,True
0.9660110177372635,19,1.663795743544825,True
0.95321613837979768,18,1.6615412470608628,True
0.95745397905701046,18,1.5845325489544961,True
0.96094341558299468,19,1.6204097721398099,True
0.57048991680218519,18,1.4388322835038754,True
0.95424417270339801,23,1.617662136558059,True
0.92829292885455339,31,1.5350195306735124,True
0.95937513053204315,19,1.608557631379421,True
0.52460204043180714,15,1.3443108522342029,False
0.95701844485437404,19,1.5986609247539028,True
0.56103424183638972,18,1.355100445461827,False
0.95490463434072759,18,1.6222441630426874,True
0.95099090728673241,18,1.6012851540297826,True
0.96137260148718373,18,1.6948849496251142,True
0.78900843130788911,24,1.6655714871655545,True
0.58759230444796451,17,1.5562406659149468,True
0.95626534749465486,18,1.6910454449265899,True
0.56244915198066225,18,1.3998874470938907,False
0.82637053834752039,26,1.6119063463635608,True
0.9609441294284482,18,1.633293389603192,True
0.95403894767830233,19,1.5440735759580131,True
0.95847930013320759,18,1.630092896733851,True
0.95018764833373326,18,1.5302331156289386,True
0.95902521449381695,18,1.6732831320522472,True
0.79023732264458102,23,1.5949285388712857,True
0.53426375208224763,17,1.237831629791283,False
0.95961897347728331,18,1.6729532060982841,True
0.63369981431953626,19,1.6077937790033661,False
0.57168981155825582,19,1.4181692014151022,False
0.96536264582895492,18,1.6222284335783075,True
0.95932710407343369,18,1.6560370263422013,True
0.95665943865404945,19,1.6404372368859104,True
0.73583813498798489,23,1.6747169910508108,True
0.72383306338311526,23,1.5305868087853343,True
0.78041445849390112,23,1.6416306857117766,True
0.9604771057124003,19,1.6116470300313672,True
0.4687579181216176,18,1.2573956821173558,False
0.96527660640359725,18,1.6544694899860291,True
0.5294167118065034,17,1.4383141734251097,True
0.51904471640377015,17,1.4202696108089092,True
0.9613454511410493,18,1.5469104746699371,True
0.70472979811742298,21,1.4512651355193393,True
0.57656419553016047,17,1.3303834302366939,True
0.57720638047060724,17,1.2534107686189118,False
0.90944586644071268,28,1.5967129495307484,True
0.96222761760806008,19,1.5827321209752525,True
0.70229806474558787,22,1.6495817008952565,True
0.96530989525106281,19,1.5689130084087695,True
0.85585400335921846,28,1.5865234111900575,True
0.9614177658557751,20,1.5729949270439563,True
0.9681103076788462,19,1.4764217487908007,True
0.95956568236390094,18,1.6670465905434122,True
0.96805115720351398,20,1.6608108867631823,True
0.96627329910467774,20,1.5014336059760487,True
0.96087580989961163,18,1.5867002605614409,True
0.9546906312690544,18,1.5263195702938497,True
0.52151807201402056,17,1.3162858826128783,False
0.54218922622306298,18,1.3762394415609405,False
0.59353171329990728,19,1.3193786897924329,True
0.6447340698904952,20,1.6470827972398183,True
0.9603061503529704,18,1.6790612431528655,True
0.5338491384313131,19,1.3787822668159833,False
0.95962313199841942,18,1.6919198642732243,True
0.65064106754116113,20,1.4169394076418265,True
0.96450105403860031,19,1.6175886996933682,True
0.96215865048988625,17,1.585702528894041,True
0.54773099029408745,19,1.4670394867055523,True
0.95576429686586428,18,1.6703498497869731,True
0.96530399625775276,19,1.6523924743086349,True
0.81879981017419767,24,1.5592751108740037,True
0.50313068562392849,18,1.1921744885948142,False
0.57484803519931305,20,1.5630310094015623,True
0.96040072122190068,19,1.6454649991630141,True
0.96273790804703085,18,1.6992839083935478,True
0.95467367138512316,17,1.5059032246170216,True
0.96342751923835168,19,1.5245825883310975,True
0.96102708303618867,18,1.6449793544828761,True
0.96051651385418724,18,1.6688063594670692,True
0.95190634783157335,20,1.4517190542292371,True
0.95585693320104115,18,1.5397684246743519,True
0.95902951666652614,19,1.593796467492556,True
0.61217285393510279,18,1.5749133995355546,False
0.95072060622742749,22,1.4453748167992622,True
0.95019294174268865,19,1.5758266909017726,True
0.71970335575640854,22,1.3941366652393437,False
0.95667340479050478,19,1.5906757373168445,True
0.66799607376435932,18,1.2210170301735965,False
0.7091827029696286,19,1.4693632269758781,False
0.53388565468673577,18,1.5567915497670459,True
0.60750328147902244,19,1.5342568577004518,True
0.46955651684878147,19,1.36690722112972,False
0.95670272352916463,18,1.5933283685981192,True
0.95187460663357859,26,1.282910104056227,True
0.96430416176891098,19,1.5498762097141383,True
0.70360010282006569,22,1.4039957424879956,True
0.81600146168321064,27,1.5150339868332192,True
0.6284928014517609,19,1.5287814626234666,True
0.54549110111933918,18,1.517866912317511,True
0.67650345612096852,20,1.4448425774137199,True
0.95618900152218511,18,1.3703964049005715,True
0.96495282802222215,18,1.5407484830835201,True
0.9654768537197943,19,1.5299961611728756,True
0.95433459778011165,19,1.5802705688921606,True
0.96624956875700274,18,1.6385150386883769,True
0.96497330898151112,19,1.39569968086501,True
0.95667106460260853,19,1.5595039277018583,True
0.9536988438275209,19,1.5417180797240424,True
0.95302489590005146,19,1.6147781161564632,True
0.95189519542293177,19,1.5615990585696997,True
0.6923712044729341,20,1.5075606256805003,True
0.96808752379320162,19,1.5623603926263459,True
0.54794436320121331,17,1.5389463714103135,False
0.83724234111648255,26,1.5820402358230512,True
0.96125581641502289,19,1.5443750488029766,True
0.61144667275165687,17,1.1010845259321269,False
0.48150755662842182,18,1.3054687407865035,False
0.56265541646968753,19,1.5586667932693652,False
0.908427925458832,29,1.4512914498284124,True
0.96369638696583049,19,1.6372172996996226,True
0.55644385763413051,18,1.3740835784698737,False
0.95069482915428205,19,1.5616484513077005,True
0.63313146344631277,19,1.5792037183813716,True
0.66422272197656751,21,1.5618459115098697,True
0.90283089345892154,29,1.545146436652955,True
0.95100507748705809,19,1.5869712689616875,True
0.95682601631198405,19,1.5237677496674906,True
0.95281008383758947,18,1.5703607108868725,True
0.95805388462798702,19,1.5194304534710643,True
0.95406876726402212,18,1.6615503567611249,True
0.96094649785487307,18,1.6623320587649115,True
0.95573529048281247,17,1.491375426217284,True
0.87868808550924438,27,1.4953937908204833,True
0.96485366292718577,18,1.6778480650336023,True
0.95849387833156996,20,1.5325558802749586,True
0.7812979792446153,23,1.5989361889167317,True
0.77174020297993662,24,1.3672478038633842,True
0.95277417786503282,18,1.6359513216106327,True
0.95660949375499094,18,1.5978461837137763,True
0.75783567470594426,23,1.6102521749813232,True
0.5413485070728481,19,1.2815081327604878,False
0.6445617848894083,19,1.3870955440908697,False
0.79113333644547779,22,1.5207107673147442,True
0.95555635498145519,24,1.4892916914007397,True
0.95488352307273072,19,1.5278925328675588,True
0.54930900292971219,18,1.3730043638657794,False
0.97340496860525916,20,1.3440920127158027,True
0.95871420348674885,19,1.4491906839170261,True
0.59473230541703703,20,1.4306628170038835,True
0.95057493902501944,18,1.4465589163617809,True
0.70480299899412879,22,1.4967842237669697,True
0.96065242000918161,19,1.6287914758900472,True
0.95829516003873816,18,1.6113675079872758,True
0.50225355059406496,18,1.3274469359248158,False
0.95696659250682536,20,1.5003433387689487,True
0.95306984606160638,19,1.2368039140954348,True
0.87032889951894088,27,1.5430350918173132,True
0.62203256390816419,20,1.6224486261739828,True
0.54773316849892129,17,1.4198452740733798,False
0.95390610272688614,18,1.5727463139051439,True
0.95812570276832254,19,1.5879521492857489,True
0.95538785718967045,17,1.5276923060041923,True
0.96224109217387777,19,1.5233818267751964,True
0.92137371911062427,30,1.4996306770936441,True
0.94082968137875045,31,1.5512068617146579,True
0.95290685502710715,19,1.6094099680944216,True
0.71938054207650548,23,1.6658309455661482,True
0.60844078846506577,18,1.5506197974797797,True
0.95390490743767264,18,1.6459122426348409,True
0.96218961107240586,19,1.6457232490793194,True
0.95240888418133041,19,1.5417489954507932,True
0.95745778977120599,18,1.6621782070271109,True
0.50895915322449703,17,1.3930084665904447,False
0.95024741721387496,17,1.6319286992721944,True
0.95131480942157798,18,1.4432104931108758,True
0.96287409158423609,19,1.6037923881071994,True
0.95483617424079936,19,1.6614082279234541,True
0.95764381058233883,20,1.5063817433053355,True
0.50017131857678743,17,1.4855347935413776,False
0.5716589689016337,18,1.497869673931032,True
0.95648208619426378,18,1.5278000246254479,True
0.95316302174759993,19,1.6359694921328629,True
0.95911533737772725,19,1.5846998162492787,True
0.95627418596852398,18,1.6584018466360628,True
0.95066287857028597,18,1.4744137012909986,True
0.85565375836413238,27,1.6124941768019843,True
0.95168076955934955,18,1.5378398966196496,True
0.79335419899837412,25,1.5657343515658764,True
0.49369927105926892,16,1.4082821721505192,False
0.96022654628121507,19,1.5994242297000929,True
0.95637851370744342,17,1.6733013577102165,True
0.5137180581729931,18,1.4533747081861597,False
0.95813832039805269,19,1.4529186103067007,True
0.96376539687314977,19,1.4608095144265614,True
0.95346392600409757,18,1.6066734665824747,True
0.96156230701527523,18,1.6708698774930182,True
0.96620230239333016,20,1.5772673629796026,True
0.8502910277498219,26,1.6423800859315696,True
0.95507477552886555,17,1.4750983041723418,True
0.96350599651667612,19,1.591328448671034,True
0.91406230763668217,30,1.4075994232577267,True
0.55977199691884727,19,1.3032551012395541,False
0.95533646085408175,19,1.5366046915743241,True
0.95702346283840045,19,1.6625788571274769,True
0.61689470186047457,19,1.531768208744227,True
0.96115180771336639,20,1.5491150420183308,True
0.57520814031786871,19,1.5601786996751261,True
0.962441288347053,20,1.5811693251609069,True
0.64171038193290975,20,1.5537242800055866,True
0.54888063627389094,18,1.4599083265283936,False
0.7594526003132106,22,1.6005910814366631,True
0.95420581069534871,18,1.4780862906213641,True
0.5214671062274826,17,1.4143924147341171,False
0.65315472210883796,19,1.4848125772273786,True
0.95813711511809896,19,1.5842255904760618,True
0.95732174902808853,19,1.6350660522073206,True
0.95247875576943564,18,1.5528978270263316,True
0.95174673745974969,20,1.4921627132635047,True
0.95065000645067232,23,1.5704939882252744,True
0.95997550644539287,18,1.7002473432217289,True
0.95749557880512204,18,1.6567090633858192,True
0.90394604605789963,25,1.4945815243007883,False
0.61652309773101399,18,1.5568088462212566,True
0.54580179798833406,18,1.5003454185934013,False
0.95387986703177863,18,1.41272803547417,True
0.96218006097543141,19,1.6227232017220783,True
0.58854722853101293,19,1.4329905320295167,True
0.78736840834153488,24,1.5375748968989313,True
0.51414808904407827,17,1.4096448126380152,False
0.96359961389184035,20,1.5019458559839809,True
0.9604433108705045,18,1.5885531596041094,True
0.57694458033464124,18,1.286269295691165,False
0.96198399522836797,19,1.5618619159181044,True
0.95362608090390766,18,1.6401534810999532,True
0.95361770287549597,17,1.6603694574694017,True
0.92709910073589619,30,1.5045674491618155,True
0.71099540923991966,23,1.5452609931826351,True
0.95639270114038466,19,1.5951496512306591,True
0.65617768476229454,22,1.4583771336403568,True
0.80094407377432797,24,1.5236798588612559,True
0.89209119130443859,29,1.4002062390344514,True
0.95386493844571674,18,1.5910773032097385,True
0.95600859205173983,20,1.5057946456111588,True
0.51825804149579013,18,1.4495816553101895,False
0.59034120834901971,19,1.6312591007593202,False
0.85995159810177346,27,1.4983580165033445,True
0.58976295319452399,19,1.5558035920297053,True
0.52786556279104968,17,1.5423049567670282,False
0.55422053512502745,17,1.2105536222515965,False
0.95097127149511163,19,1.6004863287577926,True
0.95242244947734167,18,1.4392951231824138,True
0.95657020314834063,19,1.5379873603113809,True
0.57763376580406178,18,1.4926060203782325,False
0.69226860683837832,23,1.5009391533388623,True
0.51296965915786985,16,1.496416711279031,False
0.96041426959236298,18,1.6358912337757143,True
0.54407126408528883,15,1.4244757691772598,False
0.60945074509671915,19,1.4889458138820992,True
0.9585461547400177,19,1.6043345034909069,True
0.53513597035667226,19,1.3916892095089115,True
0.66592261050273827,19,1.6247119634460923,True
0.76567606100557406,22,1.6004253399590971,True
0.53207384318487183,17,1.48695669671265,True
0.95748559620288709,18,1.4396000025517071,True
0.95509491743570241,18,1.5098324376236689,True
0.59132674083086023,18,1.4019862024723435,False
0.8951200283055466,27,1.6581119678391099,True
0.6183644893883693,20,1.5604660768101644,True
0.966212288489527,20,1.5183713322921299,True
0.95871764691151329,20,1.6292273905927697,True
0.96117841815865435,19,1.6128247433138385,True
0.95952915546295747,18,1.4829074067364243,True
0.60081263091875836,19,1.3685183790073241,False
0.58892809971667326,19,1.2827298652619554,False
0.96179413447493678,18,1.6365118029330239,True
0.96269061810127421,18,1.6725672401870384,True
0.96218261670646055,19,1.5470900168084909,True
0.68449524769715264,20,1.5632759760482144,True
0.77155396069974891,22,1.4898413065736498,True
0.95032093654063676,18,1.4767812659521158,True
0.95427514868165231,18,1.7015099231090287,True
0.77978999145035011,24,1.5499151434850422,True
0.95843366948728892,19,1.482727008209485,True
0.55630821786127482,17,1.3645192119854219,False
0.6526240517783285,22,1.3569620910473061,False
0.96302506716084446,18,1.664875696124082,True
0.51904115105130744,19,1.457159036071648,True
0.96382998449880741,19,1.4252094690926325,True
0.63762121431228969,20,1.5750681327418941,True
0.95500859012988382,18,1.4023850691332649,True
0.53894305464862957,17,1.2747268537646081,True
0.96214191509407432,19,1.6869413140224745,True
0.55996457430375135,18,1.5030288343607074,False
0.95521530691726386,18,1.68279803989949,True
0.51391400558544253,15,1.5474026678391284,False
0.96110719180093884,18,1.5251937243538325,True
0.95115152260897318,18,1.5723208783983114,True
0.78687985245870806,23,1.458020316211504,True
0.95469510480089137,18,1.5704246837698486,True
0.56520615260587859,16,1.4981754540942591,True
0.58106576315344094,17,1.5524849600862924,True
0.76396334400722166,22,1.6108408010925568,True
0.76136531131493601,22,1.6308709007850817,True
0.55695973355186834,17,1.5468169486102767,False
0.95612344443518982,17,1.6753553333864757,True
0.95741130785959205,19,1.5992116903692764,True
0.95649781086779928,18,1.6536392991563567,True
0.52316782352168212,17,1.3081164032506305,False
0.96663450475009782,19,1.5240851583258523,True
0.95948384705661893,18,1.6050144605629677,True
0.56885497679632291,17,1.2883454133399002,False
0.95875774497372968,18,1.6919734335340608,True
0.95816123580734092,18,1.5929863613573165,True
0.63766864256879763,19,1.3600615261136606,False
0.57963534989687859,19,1.4428306285197443,False
0.7813007654437536,24,1.6117348977572861,True
0.95206162077870704,18,1.5637979874375854,True
0.95451527918010448,18,1.4441691497608389,True
0.95831500462300367,18,1.6977778044862839,True
0.58597660478796343,19,1.5906293510614915,True
0.93240883172045586,30,1.5613157656007079,True
0.96332153880229632,19,1.5862663412588278,True
0.96091895551895079,19,1.5612217370320625,True
0.95061417690668293,27,1.3931075143651659,True
0.95508593143595799,18,1.6448147580018662,True
0.47904434014114389,19,1.2250663211383781,False
0.96083568037359091,18,1.6496442187696776,True
0.49607047620838857,18,1.3933851249258351,False
0.64619529060257519,21,1.5672022793279272,True
0.63758613287250965,20,1.4262519983094111,True
0.95694879777494335,20,1.5248304547010492,True
0.59481571563380586,18,1.5124496056754253,True
0.79470649862594211,25,1.4475606796369513,True
0.62667763269728649,19,1.5710119989968834,True
0.95131381780510826,19,1.642152997345607,True
0.95722591849273531,19,1.4299778646736436,True
0.54936561588800192,18,1.4426446770962138,False
0.96074722507875698,18,1.4755623505223936,True
0.49604553431402704,17,1.3698414861304962,False
0.50321249404697033,16,1.3368989531691997,False
0.49613081366383988,17,1.298127385853846,False
0.589969619301419,18,1.4619077783773906,True
0.96015244085060669,18,1.3728731857464336,True
0.9658026345710452,20,1.5104586510828133,True
0.95854800796930739,21,1.3531652523626128,True
0.9498380549649913,30,1.6171017934027905,True
0.95024657091615516,18,1.6740001733353798,True
0.85334510556152909,27,1.5021905125220618,True
0.78331594385317627,24,1.5713997769921415,True
0.96016861588355618,19,1.6097485076887657,True
0.62279372949659462,19,1.4443060050484307,False
0.47937798532703291,18,1.0256373198478317,False
0.73341153213742716,23,1.4432174025037685,True
0.95294569237506666,18,1.5313001042199081,True
0.96397301620084785,19,1.5398408087905784,True
0.95575515237841724,18,1.6561134969355413,True
0.53722393011514491,17,1.402979653105612,False
0.63974408466195121,20,1.6173664488342625,True
0.96623395859430616,19,1.5396842540745026,True
0.75057265783766358,23,1.5048987947391443,True
0.60898931465097328,19,1.6057529163114683,True
0.95733054461476985,18,1.5352260051307209,True
0.77043597174322387,24,1.6048752158875095,True
0.95918773443535488,18,1.693990338913862,True
0.9618020795734824,19,1.6385785696639841,True
0.58977962485235425,16,1.2560729378816051,False
0.52083817130201993,18,1.4265682485501334,False
0.57458064609956794,20,1.3495573522160926,False
0.65723187488707446,20,1.6256545716845712,True
0.95193588579498134,19,1.6434470766639466,True
0.95509486883317307,20,1.5089908777958272,True
0.87221075771056145,28,1.5985575019652196,True
0.78785572729922393,24,1.498571376065994,True
0.96303646023408718,19,1.6849278234731808,True
0.95757668831207088,20,1.4569911612526221,True
0.65531845248425358,20,1.5316860863678436,True
0.85288633267103964,25,1.6102179684360733,True
0.95722093741220671,19,1.6030835635615652,True
0.61700387623898656,17,1.3165974533475773,False
0.52470193411464683,17,1.3386431006731723,False
0.89522773521270937,28,1.6697644830780347,True
0.63394391676067874,19,1.5831987016893767,True
0.73030447884805572,23,1.6071888476386398,True
0.96263585781492378,19,1.5842845641091294,True
0.53229728475756066,18,1.1264967107461554,False
0.55191775161041989,17,1.2968952455539098,False
0.90032933778902713,29,1.4539798111291553,True
0.56036758020179811,17,1.4732143595386029,False
0.95544311090011447,18,1.6385134478150816,True
0.95428863920126672,17,1.591696671188533,True
0.61978622015687101,19,1.4413777977428461,True
0.9611421481597231,19,1.4832224483455951,True
0.72173060678573742,22,1.5199101235266239,True
0.86345213367302687,27,1.5958410958528459,True
0.96491824022215988,19,1.5915697630218741,True
0.91173341695790144,28,1.6078007593711612,True
0.6602187126475223,21,1.5089416144176633,True
0.87129376557165505,26,1.6189273134032773,True
0.56811476557842888,17,1.5381133056036342,True
0.55123999095126075,17,1.1350951865307797,False
0.96007698864626012,20,1.5442132050450426,True
0.95939801530598157,19,1.6982750397273987,True
0.96668546712967895,20,1.4941359780046877,True
0.89486793347727522,29,1.5931703810544702,True
0.95873897378972917,19,1.6593940171158477,True
0.95446723574388359,19,1.5054673536810785,True
0.96236210248832255,19,1.5297570344818716,True
0.95248400270347944,19,1.4735400623578352,True
0.95082821315261912,23,1.3652542064674751,True
0.62161484842803549,19,1.4683141248342075,True
0.95086218059963235,18,1.629696987488449,True
0.80986433675442415,26,1.6548191416799267,True
0.95115411243182124,19,1.5892455455318533,True
0.96572766587841197,19,1.6583789019979804,True
0.9520422304968974,17,1.4522102393162313,True
0.95136816575425276,17,1.7081679135726822,True
0.70325778967099817,20,1.4578558171428748,True
0.57610454835929215,20,1.2950599009173724,False
0.95360695651785476,18,1.6194805657193632,True
0.95040558096649674,30,1.6822707010007794,True
0.53923471928312405,17,1.3901874213500001,False
0.88045839415165017,28,1.513341100625633,True
0.95055246738271915,18,1.6648520267055746,True
0.76329517660220703,24,1.4210096337929821,True
0.55525553909194303,19,1.4260006195527792,True
0.96443302369879169,19,1.45999978507211,True
0.96337444415675677,19,1.5673229170267851,True
0.81081615043399513,25,1.6251183839481671,True
0.96127814991804739,20,1.4117320297584735,True
0.95514963686556953,19,1.5523473222131856,True
0.96234844344094439,18,1.6535480048817306,True
0.54538521567226239,19,1.3600219154246065,False
0.85762653406788736,26,1.5972183847250092,True
0.57849051833068932,18,1.3284793228651706,False
0.59841341971759154,20,1.4809831171726753,True
0.5756771121210581,16,1.5955225167374203,True
0.95162186972988705,18,1.5460510635088389,True
0.95816914366488393,18,1.537573791381867,True
0.60677240433765456,18,1.5311295375184364,True
0.96190799425064344,19,1.4909914958048078,True
0.833626203207122,26,1.440628207453164,True
0.9562551352540678,19,1.6326487255582496,True
0.96130849579320532,19,1.5855000513685829,True
0.93348458815439983,30,1.5858890697563113,True
0.53302155990477562,17,1.326561887194907,False
0.96049092435073435,19,1.6675913365310395,True
0.53185005606941327,18,1.4312703338025188,False
0.77827006593677517,25,1.1906951975845861,True
0.55786561229791054,18,1.3846146754883399,False
0.62064810534884352,19,1.4343861097442716,True
0.76931930528087888,23,1.4152341173617999,True
0.96314182512767443,19,1.5411879128947443,True
0.7008671452928219,22,1.4767988969891697,True
0.95209321023974913,18,1.4342600514258266,True
0.96270774730498743,18,1.5063450852425513,True
0.68217609406725987,20,1.6347438196531654,True
0.83563765625574371,25,1.6969378752988753,True
0.95890163765512215,19,1.5299024458271766,True
0.6859496079801779,21,1.5437524765727026,True
0.9573043595718167,19,1.5722215459120794,True
0.91121604357469099,30,1.5495935064380839,True
0.95283602915635757,20,1.553180674467213,True
0.95958051157799917,20,1.5235015263620437,True
0.95393025553335264,17,1.6630282628771491,True
0.59161540590008355,20,1.4139028904173541,False
0.95098648299391109,17,1.6768449654008963,True
0.956718895857395,19,1.6686692659063527,True
0.95740768092283635,18,1.6157043987425022,True
0.8343737754570888,26,1.5576428697084828,True
0.96221263503495535,19,1.6509699038721559,True
0.9676170680472107,20,1.4697211857920567,True
0.95729276766358562,19,1.6110584079989745,True
0.95315446584904395,18,1.6872310923036515,True
0.54924319386381637,18,1.5041838836651644,False
0.95434390453899287,18,1.6822767136596724,True
0.85833922880487623,26,1.6180708236255748,True
0.95601279234239001,19,1.6627046010791739,True
0.95225066212347942,19,1.6110988625342462,True
0.80853318678434605,24,1.5779335486782935,True
0.95174028846705161,19,1.4513771040156058,True
0.95510020085716052,20,1.6026886694746521,True
0.95089153139832294,19,1.4952247323434014,True
0.50738940633306595,18,1.4242694819592872,False
0.95047240793951882,18,1.5360730003027729,True
0.57954876339512795,18,1.2286532115877964,False
0.96047144037217957,19,1.4885550383183421,True
0.46962807980174254,16,1.2991456922357689,False
0.9533823263931398,18,1.6274422992447752,True
0.49610472914427334,17,1.2161993460300591,False
0.96927459381953596,20,1.4235321681784936,True
0.50001490162883389,17,1.4508129430525802,False
0.63552074536459524,20,1.5764711510523162,True
0.61354596498978076,17,1.635612788973611,True
0.74601929454085814,23,1.5924541672849639,True
0.9561224202655102,19,1.582670113250281,True
0.95109041466405408,17,1.4837681988110669,True
0.54409518237079746,18,1.4766621950511829,True
0.95967093740438847,18,1.6305801079905273,True
0.70359551022705547,21,1.5678282474922889,True
0.95238329355922069,19,1.5309759322812257,True
0.83137654372751157,26,1.5483961033178606,True
0.95595561143446406,19,1.6173330425004553,True
0.51028977174643486,17,1.4516411410108241,False
0.60405831570906232,20,1.4386561665920028,False
0.95814921693705479,18,1.5068707904490835,True
0.9606961546855759,19,1.612950612565146,True
0.61324754505247703,18,1.3544168094189197,True
0.54071811986755614,16,1.4731093317521022,True
0.59495929260352076,20,1.4824074676946275,False
0.95087679929392666,18,1.5953764279924558,True
0.84518359404777865,27,1.5440871561077225,True
0.53242988013565262,18,1.4642621840855656,False
0.48667952247263246,18,1.4986931451591983,False
0.65498152370814777,19,1.63048456465874,True
0.59962092545809509,19,1.4315281563674547,False
0.95666012216022234,20,1.593179738354918,True
0.96236806667410169,18,1.6177439183569016,True
0.50130946729509329,17,1.3791287072866225,False
0.96062782951246262,20,1.6738552588819058,True
0.56582295957985285,18,1.3367756061258129,False
0.95857811804542548,18,1.6476845853611397,True
0.66091552324401848,22,1.6399785377113238,True
0.95547782772327117,19,1.5105626839786708,True
0.95425198190651317,19,1.5051630357009704,True
0.7044327125410722,22,1.6324816083058844,True
0.683515970612392,20,1.460574809951936,True
0.95733388257067664,18,1.5559541557398047,True
0.95338561271996314,18,1.6288977503026933,True
0.52704520397726051,16,1.4317357843402132,False
0.6482770833104069,19,1.6276165545336665,True
0.95303122243794036,17,1.5336313737372911,True
0.57535110078855256,19,1.3610858326816162,False
0.95504372403576587,19,1.4591817008067838,True
0.96325667075172949,19,1.5645364920491642,True
0.84961381529120683,25,1.6081338204307969,True
0.5496257001265985,17,1.5125947361324048,True
0.97198210724525924,20,1.5385466981718385,True
0.96287855605828598,18,1.613745974052808,True
0.96555183298041114,18,1.631231682441791,True
0.66767305867182403,21,1.6066316848482041,True
0.90859024877789729,30,1.4780606401949024,True
0.56857477769533704,18,1.4575635845359898,True
0.54508479926422282,18,1.4705014112234644,True
0.96037392114927345,19,1.6106431855819052,True
0.95884595157547847,20,1.558574697358176,True
0.95856051235325501,21,1.4439642679140539,True
0.55302499648683823,16,1.191526939053815,False
0.95822395327691579,19,1.5601580060182623,True
0.95686394770862926,20,1.545134349411706,True
0.96278321021011071,18,1.6769489997324143,True
0.96276084726154265,19,1.540873336152367,True
0.96101664408870047,18,1.6456724280038757,True
0.95621121696874312,24,1.6265261148334638,True
0.9634440829692541,19,1.5688492772966895,True
0.51760368040228688,17,1.2283245287955211,False
0.95944710662912513,20,1.493816461140856,True
0.95428590231313459,19,1.3659086006527787,True
0.95128034322561195,19,1.3710239444133252,True
0.78279103468612132,25,1.596390963633995,True
0.95328646214959223,19,1.5374094676357595,True
0.53111818103905417,17,0.94634713936834503,False
0.57115573351726834,18,1.3026806909431023,False
0.71803191965758828,20,1.3005210860216132,True
0.70693972485586132,22,1.6285424969289484,True
0.88934602633914039,29,1.5722304110232488,True
0.58017504150068555,18,1.5032087125156297,False
0.60726768286744415,19,1.4382426998418305,False
0.95999338728739925,19,1.5632950883491397,True
0.58998225977722984,19,1.5117630930268995,False
0.52906826833354959,19,1.5384688798769417,True
0.62092484138239212,19,1.5044110663125676,True
0.95699396030724726,18,1.4166678117928728,True
0.92059485808237018,30,1.4867413580500748,True
0.8572740673094349,27,1.505063110657386,True
0.55928401480681855,18,1.503775508585758,False
0.57280342757547331,18,1.4605153086705056,True
0.96225123181513006,20,1.5877005830859272,True
0.5654100723659875,17,1.5551695936527825,True
0.68805631308900683,20,1.6851740989184976,True
0.73868281639912181,22,1.4553657073523889,True
0.96243782560159441,18,1.6937440175840266,True
0.96174421764623419,20,1.5482146913835615,True
0.95035789281031646,19,1.5079715721950395,True
0.95030022258684743,18,1.4467937500083776,True
0.6373004001578203,21,1.3895327216865478,True
0.63098162637895505,20,1.4833593388013147,True
0.9541560011784016,18,1.6261501886561278,True
0.95304764577794299,19,1.5006012549882548,True
0.61049294352424643,19,1.5550734385906861,True
0.84060655501698101,27,1.5472869358393875,True
0.95034205352787404,18,1.6108768706039709,True
0.60011326174855995,19,1.5838641258356776,True
0.95271408574881578,19,1.5519462614907567,True
0.96126963558352085,18,1.6815880563984618,True
0.95922988588099711,18,1.6240633440869834,True
0.59862556476600637,19,1.3754707463289766,True
0.55124999929774976,18,1.3977425977187874,False
0.52318262722311282,18,1.2946216166877444,False
0.96263758519118114,19,1.6607454263659021,True
0.96013941689743521,19,1.5153592176405266,True
0.52634579682550398,18,1.4346645967669143,False
0.57894043978150334,16,1.5906501204190358,True
0.59586915164740828,19,1.5074530292404194,True
0.9553590381408722,18,1.5924914743671237,True
0.95421444809530209,19,1.5761578290655418,True
0.96364525440094384,19,1.6358323691687244,True
0.95982635939152861,19,1.5350669218699229,True
0.95582127927253624,20,1.5160971899980018,True
0.96305497851636346,20,1.5881769230185092,True
0.61449034386387991,21,1.4267437584714291,True
0.95814253300438246,19,1.4102950743342841,True
0.84777051741737408,26,1.5102586998860694,True
0.96169839973986027,20,1.4668031224533518,True
0.95561506501005244,18,1.6766194187023442,True
0.8736543364414564,26,1.6492564404884815,True
0.95491612568409268,17,1.6740212381683266,True
0.5306822775262634,16,1.2487811273148801,False
0.79065218198769205,24,1.4349105671857521,True
0.95139474634071819,19,1.5020890606741193,True
0.55740813567849545,17,1.5331907272299621,True
0.95803473697291452,18,1.6708931333670713,True
0.94071273467546601,31,1.5605061549708417,True
0.95879939287114435,19,1.5459134897385127,True
0.48066110006531376,17,1.4009016099739084,False
0.82899456616673128,26,1.480852877049291,True
0.58708653214052398,16,1.4533434877995857,False
0.60129687239862262,18,1.50519156657713,True
0.88897143031559467,28,1.519053882550276,True
0.57995656251387051,17,1.4777841505605269,False
0.95787065251042769,18,1.6339252869534941,True
0.6357231760938119,20,1.5695348970876066,True
0.67496507487800372,22,1.5713700779247464,True
0.54264585506939034,18,1.3521471702040619,False
0.66277437919747439,20,1.5857098009332073,True
0.84381106814977835,27,1.554137558596858,True
0.57466678283150641,18,1.4779148503349022,False
0.96034510008219887,18,1.621568167855747,True
0.55829068046118513,17,1.4932765342964178,False
0.70187814092613843,20,1.4910969319460741,True
0.95525203293924654,18,1.5973548986827659,True
0.81765764866723745,26,1.4592031515275721,True
0.56413915335315756,18,1.4433963146735524,False
0.67624667770144165,20,1.5133916082656971,False
0.60734647623801052,20,1.3898564410468761,False
0.76390962180900901,23,1.6155240935818913,True
0.53001520037602345,18,1.3749415484114478,False
0.60409500528682136,19,1.5691808249445969,True
0.49574278808985744,16,1.3353977113726851,False
0.6070146105146198,19,1.439093893366475,True
0.49854896450068109,18,1.1116869251679009,False
0.95990234657925422,18,1.6766447334858907,True
0.65396061953595053,19,1.3614190821405781,False
0.75773381860054068,23,1.6127047410768587,True
0.4945513641156038,17,1.448419432128657,False
0.95251293619961208,18,1.5586973737147363,True
0.95391645307141448,20,1.4494843577232248,True
0.6903005615739024,22,1.5513251780841586,True
0.95814140579678075,18,1.6458781185639952,True
0.95005501190937525,18,1.5701850451395327,True
0.95234214064913392,19,1.4637165798924148,True
0.96011869018628315,18,1.5463940486311514,True
0.61030415280451944,17,1.6462545562588977,True
0.95321273968331133,18,1.6788403498594051,True
0.8741027583519797,28,1.5744221556342637,True
0.60352092835069926,19,1.4450619808517859,False
0.77435244398034109,23,1.4926020618329083,True
0.61828336229615377,18,1.5090253634269444,True
0.81800721784799524,24,1.6545792404985706,True
0.9566308370906268,17,1.4983103411745182,True
0.61086468995619847,20,1.5565088045064603,True
0.95516886564243431,18,1.6123112957414669,True
0.77618314621148599,24,1.5440019177761763,True
0.56923430782456041,18,1.190793959148208,False
0.54186539119681676,18,1.0836326618329302,False
0.90497656165905271,28,1.519309581095178,True
0.95137402103692159,23,1.6129870333657521,True
0.58182227061500258,19,1.1864135783107805,False
0.54203244910277049,17,1.3674694831288361,False
0.8525936728381206,27,1.5943486443854709,True
0.58682729986338977,19,1.2619255353206935,False
0.72774972295416496,21,1.3350065064602268,True
0.95011873863519947,19,1.4290980957563231,True
0.96420151486415506,19,1.4884668669862684,True
0.55755273905030112,18,1.5083993653898842,False
0.87148472770485841,28,1.5995863869282203,True
0.96266409113606,19,1.6294663204466429,True
0.60415272121406405,19,1.4058420542332939,True
0.95402897169913059,18,1.6856461275451931,True
0.96278158470645858,20,1.4591962069106084,True
0.95749440042571288,19,1.5278496725830633,True
0.9565972906467004,17,1.5475551487617865,True
0.6924538942035291,22,1.3548640617222369,False
0.96109813740862049,18,1.6850861456077164,True
0.85606100706873545,27,1.5213063532030207,True
0.95095096211094021,19,1.602847635895029,True
0.96014513036334392,19,1.4947131682985075,True
0.95668374809433265,19,1.5161910865498678,True
0.5850069212190554,17,1.6650712796308935,True
0.95900847561841485,19,1.574914288226231,True
0.96012319514927069,19,1.5173945495084982,True
0.95881964774060324,19,1.4913683029453062,True
0.67634873106222715,22,1.2888366294597762,True
0.66729481308481775,21,1.4844796472924733,True
0.96943886852087668,20,1.5486548194181404,True
0.96156548468687197,17,1.543368611104541,True
0.95992804288603084,18,1.6577642594840865,True
0.96475621088755315,19,1.6182462207246855,True
0.49702947386013863,16,1.5797103982750511,False
0.58799602473868262,18,1.5649987467915385,True
0.68133976648752259,21,1.6150075257383849,True
0.96200902311788827,19,1.6377606446307909,True
0.96414053628369989,19,1.6484761979894718,True
0.95253688684137916,19,1.6032243720750785,True
0.9621635683833889,18,1.6331597688909174,True
0.9532385257011855,17,1.6528676216788569,True
0.48392350969141895,18,1.3147360059523914,False
0.96226979669626989,18,1.6474220011755774,True
0.95346437614750645,19,1.5436294831014938,True
0.49024701874265092,19,1.44976675331095,False
0.54529431362545033,17,1.4975679489372782,False
0.95009083507946235,18,1.6207114485259324,True
0.9565842894290254,19,1.5393023850798475,True
0.96673436031634541,20,1.4892370682671177,True
0.96069781520965958,18,1.6693238695848422,True
0.48798863106288815,18,1.3432568287302764,False
0.53710694097824452,17,1.4862228478547719,False
0.59576700751709299,19,1.4269788817721469,True
0.95132477876948518,27,1.5793633907702953,True
0.95090438179171943,18,1.5809175075870618,True
0.49746154207812643,17,1.2293141080571246,False
0.95431593588997177,17,1.5636587759855618,True
0.61825919932079176,19,1.554871465934341,True
0.54685934910862288,17,1.4429746337600531,False
0.95323702162074742,18,1.6370777639886105,True
0.95914022317767,18,1.6387102167666883,True
0.52893658038446756,17,1.4752981049036935,False
0.58972153723818976,19,1.4331828978905241,False
0.95890222259212154,19,1.6314312128770854,True
0.95337985310142692,18,1.6657334232341034,True
0.95798013932845427,18,1.6449539889574825,True
0.95807366136626904,18,1.520850564559159,True
0.51969585476635494,17,1.3044453672574821,False
0.69254188481616663,21,1.3954476373871001,False
0.95556476976309113,18,1.4819863627929557,True
0.95756429173147062,21,1.5583095756422052,True
0.61600324146165086,20,1.2400831820032421,False
0.83838649166703849,24,1.5092354513061081,True
0.9409958157894357,29,1.5872322946324791,True
0.71390460143362189,21,1.4665225887950166,True
0.95164151622703019,18,1.6218885903788696,True
0.95111763405017802,22,1.6842799918541171,True
0.95618161648835898,19,1.6092637521256961,True
0.56249068299520744,17,1.4077546103532519,False
0.9599973868853291,18,1.6176637421588633,True
0.95635182694232679,19,1.6249750365715192,True
0.95922230627819738,18,1.6341964753573768,True
0.95634409932880537,19,1.6074132631339486,True
0.96326043716368115,21,1.4439764112114428,True
0.96231233802117755,19,1.5966494149653234,True
0.82779826050066341,25,1.5753891695366482,True
0.66685656681373096,20,1.4708545998184399,False
0.75886375957860097,24,1.5447230817419366,True
0.96526459167807011,19,1.5758502841083504,True
0.51047929614321053,17,1.0177809866461049,False
0.48503557344565418,18,1.3133980317426361,False
0.95021742271396659,18,1.6158485933958981,True
0.50713445421768633,14,1.4023745393395519,True
0.95884865277606013,19,1.602073403913606,True
0.96273698705285093,20,1.5883341634671577,True
0.95308499413119485,18,1.6175835937998733,True
0.95581934329866358,18,1.6480477293018156,True
0.93782349651753094,31,1.4371854911484576,True
0.96205312325817738,18,1.6578003155473555,True
0.96307187186771515,18,1.4875970131689351,True
0.56994913220463661,16,1.4960489738810892,True
0.57114025999601481,17,1.460891053530152,False
0.54541655177600201,16,1.2154784889567916,False
0.96051822496084482,18,1.6181699951472008,True
0.61592069443464947,20,1.3801357999745831,True
0.95150656144389167,18,1.6391737746867607,True
0.51511318272759865,17,1.307251573426305,False
0.95752864547605343,22,1.5690308465549005,True
0.95076495643809744,20,1.4900211196307629,True
0.95796576731911176,18,1.5152922083903979,True
0.6595712243331413,20,1.5833425223666966,True
0.95354579984193311,18,1.6079850035991645,True
0.55239294035159436,18,1.3851024739298854,False
0.59842543029944784,20,1.4121286185857713,True
0.74903401536571379,22,1.3000166797956896,False
0.95007272552747601,18,1.6184455097951171,True
0.66777624683374104,20,1.3677087683556348,True
0.89492488027688832,27,1.5761068949495951,True
0.74913767319521685,20,1.4491038140264041,True
0.96193495204322743,18,1.5635545673010101,True
0.77095489493590486,24,1.5218181348010908,True
0.58877889617259138,18,1.4071876355742545,True
0.96045762608283924,18,1.6364910855239054,True
0.54245691686292152,18,1.409636777557566,False
0.96125768389914201,19,1.5283159644797486,True
0.96094255224887315,19,1.4962872853712161,True
0.75971941847307367,24,1.6422997033596936,True
0.9543599968076858,19,1.5523526609506177,True
0.54285281491492499,18,1.442424237080167,True
0.96032953840462232,18,1.6074564635209558,True
0.95194547655691109,18,1.6840931373499299,True
0.95579584571521647,18,1.5681666251623585,True
0.96585806699438526,18,1.6422579966006248,True
0.55712636042501762,18,1.3750807401412259,False
0.95774531534169827,18,1.7003118730119544,True
0.96050290596046661,20,1.3313312781718567,True
0.56595438882539661,17,1.5778871710500633,True
0.96180880766489119,20,1.5435287500576824,True
0.58162283567462114,18,1.335808732545638,False
0.52964035734093662,18,1.5815883626865526,True
0.95642005106123007,19,1.5184201247339801,True
0.9508783882813393,18,1.6177571612989605,True
0.46974536823907587,19,1.3484302573156843,False
0.95139526847511358,20,1.3975016924711197,True
0.90139928509606271,28,1.513739147441745,True
0.9631415802394544,20,1.5086664057247459,True
0.96208159648463476,20,1.4811270691604237,True
0.83603434103329133,27,1.4247627190244541,True
0.8602994871471954,27,1.49484681406638,True
0.58731426258972175,21,1.2235569751064537,True
0.5173683926130942,17,1.2536659080505894,False
0.96233159922799472,18,1.5544305955789985,True
0.95772301743835264,17,1.4285737527051623,True
0.9622192458553217,20,1.4923434531356792,True
0.66820376066845633,20,1.6657645106374328,True
0.63484996663085247,20,1.5796984176732596,True
0.78326797668284409,24,1.5298320674072257,True
0.95231417571603738,18,1.5849175385056782,True
0.50496851440251311,17,1.5313645952143058,False
0.50203886854137958,17,1.4360618031203318,False
0.95144414823455614,18,1.5990533314199569,True
0.9542069323682334,18,1.6284960667057615,True
0.46089484598155639,18,1.0959758009624645,False
0.95801558923442942,19,1.5157312684306128,True
0.96591386536954427,19,1.5984853738450353,True
0.52933062844588663,16,1.3826399503180726,True
0.56195084047681421,18,1.4820540183445436,True
0.9539664341657994,18,1.6098456488697963,True
0.57323661799918613,17,1.5119492796062701,False
0.95531387498344311,18,1.4528099706073028,True
0.96176206846425749,19,1.5785423086077528,True
0.95844818376068885,18,1.6555611188404817,True
0.96065854166670539,19,1.6140386077095807,True
0.76413063429457417,23,1.6388454289323742,True
0.91747814430825636,28,1.1968646322985381,True
0.63237316870571691,19,1.6147803605212847,True
0.65051840110510595,20,1.5538446284866474,True
0.96641271274178464,18,1.6456268966452547,True
0.95776609693023873,18,1.5157924085610717,True
0.7130069753155982,22,1.6037234355771126,True
0.9502351359291884,18,1.6777157292614611,True
0.95553893442725557,19,1.4542635405619921,True
0.92355733969816589,29,1.4005299765486883,True
0.95632123104726863,18,1.649755470479835,True
0.57872692606346499,18,1.5908988626224378,False
0.84814033616967477,28,1.5478138668808308,True
0.96233005751838419,19,1.6482463469613946,True
0.96157491494694669,19,1.5660104006872317,True
0.54094432117710367,18,1.374889731558667,False
0.96203488205403143,19,1.6094150749396299,True
0.56514550138873931,18,1.32335493519341,False
0.95467169209920777,18,1.5493731617410924,True
0.96073844512040607,18,1.6023053064900972,True
0.65605012594898227,19,1.6957016207840983,True
0.95250001941465046,18,1.6504976226021797,True
0.60217267466140212,18,1.3606400617114474,False
0.70349820314099831,20,1.6179244093175857,True
0.54058681143499576,19,1.4774406139852432,True
0.54922253189380865,19,1.2789935535358983,False
0.73925584956395241,23,1.5078152084113563,True
0.96484397379525821,19,1.5664841188059793,True
0.53985617872210323,18,1.4477045058390814,True
0.87207885839474286,26,1.6361163564094139,True
0.96059514407489321,19,1.4217022896354345,True
0.57193046157609684,18,1.508426207002344,False
0.51234875797524204,18,1.4333362701017067,False
0.83611868562427416,28,1.4990662893852476,True
0.95292818274018054,17,1.6952369105501703,True
0.95881854590511406,18,1.6737226941916845,True
0.95585130750489755,18,1.6583341320949421,True
0.96797507984815057,19,1.4947580053631937,True
0.51610338454123661,18,1.3294672926929705,False
0.83536747584458559,26,1.4742003323625985,True
0.53034169219845428,17,1.4131886362488613,False
0.95314980486579437,17,1.5531556843572003,True
0.96707253289278883,21,1.5100229525584905,True
0.51918100635636488,18,1.4259552869812031,False
0.96144575190025627,19,1.6013772637445234,True
0.60751122244923128,20,1.5061881671766817,False
0.90332045847250486,28,1.5386187927978436,True
0.58746087703048422,19,1.6196656028649152,True
0.54108963660523857,17,1.5419176813986335,True
0.57521227083885274,18,1.5831788337824377,False
0.95748150546476563,18,1.6468599290187897,True
0.96148368731449407,20,1.524210620166109,True
0.77906814125094426,24,1.4767049414559084,True
0.86631938512604278,28,1.4208720299621758,True
0.95045474005447095,20,1.4432618543424383,True
0.96639043769401056,18,1.6613880808965453,True
0.77479255126824154,24,1.4820230712453883,True
0.57658149689343186,19,1.4448768555546123,False
0.71591293300805259,21,1.6377298047264925,True
0.95433234343001705,18,1.48692515111593,True
0.95499252271374724,18,1.6299871659252927,True
0.95409098836893935,17,1.6521120684452588,True
0.91181035767012752,29,1.6287339040456452,True
0.96671451921073193,19,1.6309162273773381,True
0.55164090441360059,19,1.4345730729221142,False
0.95009547356460511,18,1.5630020336063188,True
0.95344858147770306,22,1.5803361793397082,True
0.7296838528597267,23,1.4507720615821644,True
0.5442953200398799,18,1.2757915895480343,False
0.62862309957925044,19,1.5058176680997795,True
0.61327375868469103,20,1.5190971231965329,True
0.95219403996686081,18,1.5627385961703415,True
0.63703292583311089,20,1.4364716773707202,False
0.67665614045565914,20,1.3352491407552951,False
0.89358424049913876,29,1.4837371470068175,True
0.58496385871716106,20,1.4612918153717771,False
0.95412966356556561,19,1.6373477033016206,True
0.95388371173053055,19,1.5673089191662639,True
0.95382694997438211,18,1.5321472640589864,True
0.53441418938262508,18,1.2928014176718585,False
0.6431215398050254,20,1.5677983361634973,True
0.96279681985190413,19,1.4789803068896517,True
0.53724461366885568,20,1.2412741220936394,False
0.61666782405696063,18,1.4777415413943475,False
0.61038153874153267,19,1.4411392149941065,True
0.95176396509024952,18,1.61710675329072,True
0.52512658190349892,18,1.3143609174165551,False
0.50522377789040107,18,1.4117808160891829,False
0.95866711388638992,18,1.6763613551408585,True
0.96516467435083042,19,1.5987168529925431,True
0.49371432982219654,17,1.1162602352402624,False
0.53291084874812822,17,1.4341740690056557,False
0.96295655185787654,18,1.5870326840207758,True
0.82260093927106814,27,1.33235289964836,True
0.95996973906429972,19,1.6653864685732676,True
0.90823218289519836,30,1.5367879310060835,True
0.95738589508681171,18,1.403375867604147,True
0.95266801273163038,19,1.4154872750865033,True
0.95506364602211136,18,1.4884361578264964,True
0.95807451633632856,19,1.4328844939302861,True
0.69119282806896021,20,1.491641645288271,True
0.96402201212890404,18,1.6176075909287868,True
0.95884908879738306,20,1.6271263591606659,True
0.96544504091829442,19,1.6207515724813157,True
0.95617054442397331,18,1.6571096827941572,True
0.50599999696371789,17,1.5579838585894716,False
0.96379874437313195,19,1.6252147361306319,True
0.9612252802167992,19,1.5175258497791235,True
0.59403035958456329,17,1.5095738945465702,False
0.95022164297170475,17,1.6274555908368142,True
0.96130946266140682,18,1.6383152181558105,True
0.61301975190237323,19,1.5421535504135704,True
0.89689869954200363,28,1.4456368378659983,True
0.58334654962805221,17,1.4476385236350837,False
0.95175573849929673,18,1.4722261150251483,True
0.95426212282946399,19,1.5134237103586956,True
0.58681158736332839,20,1.450487671446868,True
0.95526236649815588,20,1.4960644941386754,True
0.49797041950674215,18,1.4727034814538513,False
0.96111633913218497,18,1.6596236513606233,True
0.8735873905294862,26,1.5851561822344189,True
0.95690829455696613,22,1.4660722135820976,True
0.95529100399162792,19,1.530930296364424,True
0.63522211508077986,20,1.4880208630871241,True
0.58849102222208427,18,1.309342067293219,False
0.95379344218863982,19,1.6405247972647392,True
0.96579095830705575,20,1.4181971595037155,True
0.72818558714981585,20,1.4358907967155072,False
0.71480723214590836,22,1.5484266476370607,True
0.6076240179317639,18,1.4715179154340177,True
0.95105190117195137,18,1.4500601732980516,True
0.59228252915966317,17,1.6045612540528869,True
0.96227394331975324,19,1.688353388226469,True
0.51914929469942761,14,1.5238434032478918,True
0.95356141307336995,18,1.6669583972470181,True
0.93733565458822621,32,1.5893378628238146,True
0.6165268939198858,21,1.5065141016120192,True
0.95230090163167946,18,1.6247991751773014,True
0.5668264136495833,17,1.3276704000615187,False
0.95547646622966964,18,1.6593292589345954,True
0.56427784684053084,17,1.4308612066286419,True
0.68180461663888636,21,1.5340109827086836,True
0.95073080508813046,17,1.600121264315322,True
0.57679906641508483,18,1.3672055472252131,False
0.95262816925181815,18,1.6633833547473431,True
0.59365771300995962,16,1.4587015910969685,False
0.56776513800748518,18,1.4652512204440558,True
0.76475351704993366,23,1.4999986605087849,True
0.96399921724733806,19,1.5343323085399161,True
0.53608360735692595,18,1.4134241129713732,False
0.84397388053815414,27,1.4279510147874808,True
0.57016546076676855,18,1.4929591258915487,False
0.95882409178226269,20,1.6463928916924206,True
0.66024622681672807,20,1.4357883031033383,False
0.57664170797838421,18,1.2775063528552209,False
0.53785395745746756,18,1.4617894005639249,False
0.55209670665003141,17,1.560963637891033,False
0.69040961730537986,21,1.4620878355904898,True
0.77180329273330028,24,1.5139187341611808,True
0.95273714237046292,18,1.6431849355218509,True
0.96060763458351961,18,1.6383092237965617,True
0.95955307399587109,18,1.5881150147288257,True
0.96261712533617183,21,1.5539311666236693,True
0.60630839836035599,18,1.3499223354986278,False
0.49339615281892035,18,1.4686299355005792,False
0.95667400407259873,18,1.6323401281520236,True
0.96620503709782046,21,1.5962939390987951,True
0.80648608024943857,25,1.4627488435927356,True
0.95003776071798685,19,1.5589259965935169,True
0.695003100202229,21,1.6389239434301961,True
0.51702432387983954,19,1.5107526880016764,False
0.83825848403047298,26,1.5534494928334448,True
0.96185184442818361,18,1.6985455215656196,True
0.6693145782919937,20,1.53864607516801,True
0.96254472646361255,19,1.6585671346360427,True
0.9671380335401405,20,1.4964325649285075,True
0.78544963087926167,24,1.5566106541280258,True
0.95813547354040951,20,1.5056091944934842,True
0.74879319573475434,24,1.1634076852366555,True
0.95362853622312083,18,1.6897624364105126,True
0.95347730324278679,18,1.6106206557447817,True
0.951841808519024,21,1.3160459831829883,True
0.95444853632758941,18,1.6676603350304948,True
0.74661688410270499,24,1.3629472255879569,True
0.57680461003261929,16,1.3021982015758087,False
0.96092697394457061,18,1.6773388159851828,True
0.80603205342754003,27,1.5686866168100841,True
0.95393420908548632,19,1.6032270177021888,True
0.54687731357400104,18,1.2290885312789024,False
0.95394143383728158,18,1.6479502091738349,True
0.6124189578028485,18,1.5988869725222707,True
0.95305808631899636,18,1.4152832118299374,True
0.95095924751741745,19,1.5506546336419746,True
0.95852737744831118,20,1.6534451556447136,True
0.95417302387811342,19,1.56325346199507,True
0.95677577701327599,18,1.6023874549086057,True
0.95893427947490761,19,1.5871775299141457,True
0.96575522905528566,19,1.5197988193506555,True
0.95471236955329231,18,1.6506966242272072,True
0.95884114654243024,17,1.6005385104244303,True
0.95169854535661746,18,1.5382795606253685,True
0.96344590040629918,19,1.5047902598198095,True
0.95840669286674285,18,1.6634813135970949,True
0.95706298492980668,18,1.5293038813286999,True
0.95689220994593627,18,1.6784531645312746,True
0.5646382672334056,19,1.314650940887691,False
0.87423215427541423,27,1.6192119233941118,True
0.5416694814159615,20,1.3171193781102288,False
0.54510582232015448,17,1.2344224372393464,True
0.95610577602363567,18,1.5592074818451507,True
0.95260105192164812,18,1.5596967344525872,True
0.95056826523318838,19,1.495016016614324,True
0.60199925617861905,20,1.4602491408170732,True
0.67898402735412322,21,1.5231880591157034,True
0.96500426584114918,20,1.4287497635095021,True
0.95052864101613554,17,1.7012718524495714,True
0.55842305587624219,18,1.2769656707589605,False
0.96015862996003065,19,1.4969728315119051,True
0.9660942199927065,19,1.5811680361638647,True
0.95059648970260258,18,1.4660208360031428,True
0.71633155375432866,22,1.6667106363767323,True
0.95785333599763378,20,1.4365822952445086,True
0.95827147198076623,19,1.6198336727827818,True
0.6720456812890504,21,1.5162447115057713,True
0.73817167092631508,21,1.6628670608274314,True
0.96161269212273315,19,1.5493824179941529,True
0.95334658059301025,21,1.6107400002484435,True
0.93104773808575647,30,1.4932690635218036,True
0.95266797387853985,23,1.4579818981450039,True
0.95310914352137899,18,1.7015872061364152,True
0.68434160884226647,20,1.4346760340295239,True
0.70997698660265629,21,1.6567922351214068,True
0.79679084462759686,25,1.464483151523776,True
0.65156591028664745,21,1.5714848201111611,True
0.95339104449768153,18,1.6398354598794425,True
0.59456364414837926,19,1.3696241217023437,True
0.96247656108597512,19,1.6114425313368517,True
0.49560002419026106,17,1.2990881338289544,False
0.5165868159771505,16,1.5728807912209852,False
0.83651198935718929,27,1.6064703527017006,True
0.67917023643110197,20,1.571278331257991,True
0.9607961624444058,19,1.4440702949560043,True
0.67677029785645315,20,1.5491316917188778,False
0.95082121590515578,17,1.5882127721188104,True
0.95072649472040871,17,1.6824009327151788,True
0.60445082620922541,18,1.5023351802373326,False
0.95086681470919776,19,1.5440219306506486,True
0.58406364010092371,17,1.5628540813606464,True
0.96533424655363065,19,1.6381069319244606,True
0.81526900115253009,25,1.6045215969452451,True
0.63847737058495257,20,1.2283491961384401,False
0.92908387374962709,31,1.433109907167855,True
0.96495569630064171,19,1.5642591695383594,True
0.55817840242795735,18,1.4421104108518166,False
0.68999805795867897,22,1.5050166100674118,True
0.96011571352975311,19,1.6754369453929814,True
0.52352515872589467,18,1.4208695808767358,False
0.96363121768808657,19,1.6746423658845206,True
0.9559421905104809,18,1.6024641527312804,True
0.6225525539172917,19,1.3357040677109504,True
0.95574744705830583,18,1.5559273271611773,True
0.70190037318410081,23,1.517914432969738,True
0.95929866356382432,18,1.6422838240019078,True
0.9623203148149746,20,1.4363850914072864,True
0.54790443124742794,17,1.4878313540931756,False
0.81019217514900765,25,1.6555296729986453,True
0.96581661135460317,20,1.5733529034387068,True
0.96020658710364171,18,1.5819135707019998,True
0.83176264644136244,25,1.6278420120154584,True
0.5967137241737035,18,1.476786492421168,False
0.55594776926461165,17,1.2350057953721845,False
0.95909921603286796,19,1.5884340028462529,True
0.95360059451343315,18,1.5287850241532224,True
0.9359325169569277,31,1.5720475807762224,True
0.96493163586183373,19,1.5048079969783992,True
0.95136301579170279,18,1.6003735438988564,True
0.95196440882226918,17,1.6736893608457459,True
0.95010797017429494,17,1.5345623759324212,True
0.95277052798052575,22,1.5286608453782615,True
0.56073302823009119,18,1.1819822011388523,False
0.49008599038702949,17,1.3809337924466369,False
0.81840786144243804,26,1.5136631767677509,True
0.96490435463783264,19,1.6466101049691988,True
0.95873724058372423,19,1.5810234559950334,True
0.57930182524559259,19,1.4938106991121782,False
0.96342492171321958,19,1.4532018242973663,True
0.5207061731080973,19,1.262875730146263,False
0.9526542699856958,18,1.5546146774657021,True
0.58001446050483019,18,1.542452137061596,True
0.9593071782176017,20,1.6270246216680486,True
0.96813120995074764,19,1.6258724261454383,True
0.65026127414338497,19,1.6013554976613762,True
0.91138496941631986,31,1.506388603625415,True
0.96357591742590099,19,1.6334181894699944,True
0.96009110849044044,18,1.626260235259223,True
0.60161283813234967,20,1.4135991031698345,True
0.95184965288777668,18,1.6404187421651086,True
0.95678352031638347,19,1.4929279172674563,True
0.95371413872227706,18,1.6222797877646911,True
0.96625230352486802,19,1.6939503931944535,True
0.7774233774391982,24,1.5151063065293096,True
0.95898220789948607,18,1.6946638453771687,True
0.5387512482803184,16,1.4074095052318463,False
0.95259543517234668,19,1.4194019644902502,True
0.96131336672282564,18,1.6099821217279899,True
0.95610663624386905,18,1.6491418619310929,True
0.86587707925912494,26,1.5939526353348412,True
0.68838805886344601,20,1.3238887436252942,False
0.60043294096638855,18,1.5366878921477354,True
0.96431996122726604,19,1.4689547899010613,True
0.9550375935925719,18,1.6394776822944632,True
0.66654910041143711,21,1.5640494251411825,True
0.65711421470975273,21,1.4431191860919161,False
0.96133732044743569,18,1.4328649696044822,True
0.81582373847729805,25,1.4262071390009747,True
0.96031658862976621,19,1.6266686194622244,True
0.54422995355968529,16,1.4475351002037078,False
0.51603236662318308,18,1.3489691573311235,False
0.68913193920196758,23,1.3387642658122532,True
0.95161083249271505,18,1.6171310712118854,True
0.95539311782345682,18,1.6658437979733469,True
0.95319622097723133,18,1.5654196282894917,True
0.57533336433383464,18,1.4079442970613383,False
0.65780156904293174,20,1.4488310699907909,True
0.61004045103177351,19,1.5777151753181682,True
0.54595557357234592,17,1.3524678937423948,False
0.58915329018410734,19,1.2882507802065275,False
0.95490948986816437,19,1.4522519952186017,True
0.95593089355790561,18,1.6659859006715989,True
0.67238195992747452,21,1.4869258425600795,False
0.83730537009493433,26,1.519093564093511,True
0.53422912200230988,17,1.5049192002972176,False
0.53747124554684322,17,1.5391711350292154,True
0.95100620763297117,18,1.6618140402193893,True
0.53610274055564999,18,1.1861868537229001,False
0.96482621884831032,20,1.5794340176334303,True
0.5771270546426247,18,1.5501690381900184,True
0.96077155347905296,20,1.2448458625165557,True
0.88681779485153145,28,1.6475867609318422,True
0.95380870919100402,17,1.6977592001607111,True
0.77841979896694513,22,1.553926541675839,True
0.96422133297541268,18,1.6566425725138831,True
0.73211144371133663,21,1.4499084605111279,True
0.96678194891461577,19,1.6584054371482579,True
0.71078236050360932,20,1.3593249418754711,True
0.76234038883404431,23,1.6702732388594825,True
