0.57008210443283358,20,1.5835521596896374,True
0.52859494063189572,18,1.4946272161580023,True
0.50578577857917895,19,1.4235315089950367,False
0.51536903942302548,17,1.5766855832594979,True
0.56894327674409884,18,1.5566856190820946,True
0.52400379654642237,22,1.3597810584460015,False
0.67175662959174043,22,1.3600879953734282,True
0.56123611266024442,20,1.393212168644467,True
0.5207102499941344,24,1.4205323109513923,True
0.52081353419264642,16,1.6021473139570237,True
0.49919458777941367,19,1.4635244597341299,False
0.53410970485115117,16,1.4792578233495381,True
0.49488487998621178,17,1.3834455154852943,True
0.59538638602335969,21,1.4079434357196663,True
0.49928135170365523,16,1.3824669034849204,False
0.5531561353782305,18,1.4048022142877066,True
0.51583553380616665,17,1.5011366904059056,True
0.55034514344106211,19,1.5857852228673801,False
0.54843118526814061,17,1.6667658210905936,True
0.4902449699467224,16,1.4759190866338141,True
0.51412759381448281,19,1.470935473951414,True
0.5639218947025002,22,1.3681706694713562,False
0.52283099967681013,15,1.5980804623411562,True
0.488278893446775,18,1.350193886486613,False
0.51959114049177024,14,1.6075399497395562,True
0.57589103255120977,20,1.4908806894232642,True
0.56251621040287725,19,1.4397812953508886,False
0.57580069626550534,19,1.4276040508871521,True
0.58659323313141198,21,1.6575080788338583,True
0.62744106965100344,19,1.6193683081426031,True
0.55102836269099009,17,1.4675432661716945,False
0.51824499997088247,16,1.5138981443092996,True
0.48146709752413497,16,1.5275828920822894,False
0.5620598978973117,20,1.4958498635726658,True
0.58907196477232349,17,1.6468324109171915,True
0.54405234467419639,16,1.6498525746497541,True
0.62775061882873673,19,1.5213108668289181,True
0.57097001193901353,19,1.4258454886070002,True
0.679706814275986,25,1.6956190133616593,True
0.56733907305790821,21,1.4908689307026306,True
0.59072952370278253,20,1.4207182806021184,False
0.53308546180072358,16,1.6036933285690944,True
0.51453263434759622,15,1.3648709038135824,False
0.53219343772024208,18,1.5565085494081039,True
0.88038633564537561,51,1.5857443879997344,True
0.5346570926351647,16,1.0972433156836661,False
0.50704844437122387,15,1.555843170744116,True
0.54963745018037446,17,1.4867624710906502,False
0.56440115238215927,19,1.4564752239241032,True
0.58041461560059349,20,1.4839967735577564,False
0.55284362074440152,17,1.5596284822192672,True
0.60311465842360923,20,1.5698867000859269,True
0.59435619690276531,18,1.5437400234652787,True
0.58348904842314298,18,1.6354772439092824,True
0.68262685097366227,25,1.4962550969498642,True
0.56981658119837153,15,1.6155129097869734,True
0.5203453863475842,15,1.5375201849123423,True
0.56403845053149637,18,1.5960338890804802,True
0.59733610803245607,18,1.6035338289023977,True
0.67186689756715534,28,1.6670670291393319,True
0.55127620456640691,15,1.6630949874900318,True
0.5496999305167799,17,1.3195428793325601,False
0.52960061283161708,15,1.6435357037440161,True
0.55556721183223545,21,1.6287505377917753,True
0.6316808631325026,28,1.5479742171983213,True
0.62983090503489458,24,1.4595465299576027,True
0.53428292125784405,14,1.600011840150056,True
0.54981186022228989,16,1.4925488800751234,True
0.58901641769159629,18,1.5522296649668006,True
0.67480704572500627,24,1.6019632582720564,True
0.62495874391044104,24,1.66520919126077,True
0.54976386645883235,16,1.6500663996669371,True
0.56908172555224779,19,1.4862014219492725,True
0.67417498260686648,21,1.5951420416968152,True
0.56491447564675445,18,1.6364255307817137,True
0.57098622192964399,18,1.6340275101190604,True
0.61107387617502051,22,1.6809107013651281,True
0.56357025715366083,18,1.5098202707529955,True
0.55164792519659356,14,1.6844490582453697,True
0.60785551068526733,21,1.4455331150477249,True
0.68830085143150732,22,1.6719930529953966,True
0.55063210830138543,16,1.6334962169854688,True
0.57211221296540182,19,1.5304618001304464,True
0.58452950197452347,21,1.4017671593039049,True
0.5103695149242905,19,1.4791636811824485,False
0.57050811131568269,20,1.5591390441281403,True
0.55402285534848694,19,1.0362507726952945,False
0.55276231171877366,18,1.4924498435101479,True
0.56949750942528543,20,1.6305060845312416,True
0.54956911114607865,16,1.6409685926335265,True
0.5630088686496324,18,1.5474779201002735,True
0.67623784149106514,21,1.6387160776112317,True
0.51623808496774626,21,1.3855065960426727,False
0.54104711622273716,15,1.6814697001325496,True
0.53182112906828116,19,1.2029234417766634,False
0.49649204075104841,16,1.4678927816915071,True
0.71527385468528804,26,1.495053066217346,True
0.51009649200582829,16,1.477006692688313,False
0.56162770534571382,15,1.6415839956572609,True
0.50290587497365258,18,1.4107960528837955,False
0.55148158272789649,19,1.549194024780592,True
0.57147642177551095,19,1.4411316659045723,False
0.57577804731977,20,1.5717962632075513,False
0.55259541381310029,16,1.6097811647250624,True
0.63627202028402241,22,1.5357168339160912,False
0.7541706738333076,25,1.6423329275289527,True
0.65206036662822686,22,1.6566319222914718,True
0.56918523145621691,19,1.5447097839078958,True
0.55946907863101047,14,1.6647250970705949,True
0.45488427640158963,16,1.3206802736817929,False
0.51757985250434801,20,1.2955041637735567,False
0.5048970164091563,17,1.3893685197586385,False
0.54039615350535974,19,1.5221472057886363,True
0.54427742970564763,15,1.6466276789566898,True
0.56507367169892508,23,1.5380492067551166,True
0.56243822308471147,17,1.6172810119237016,True
0.56232905195827831,17,1.4752589841283963,True
0.55503822699230709,18,1.5439624786114248,True
0.59297899497034201,23,1.607536545437134,True
0.56059865191194214,19,1.3999200304505792,False
0.56181505039032498,18,1.5970551620015259,True
0.60578976537464402,18,1.6697928920120479,True
0.5616436801582626,18,1.6441041851685896,True
0.57232751042312935,19,1.619570398327866,True
0.57867130834749392,20,1.3945858443972692,False
0.60977536218016337,19,1.6626339448469518,True
0.46927908129168511,16,1.4013896978285481,False
0.56088340689505367,21,1.5698628085034436,True
0.5353535170133914,18,1.5183222698985555,True
0.56301671273142206,17,1.4966889701040362,True
0.56325699229255777,17,1.5978920471782165,True
0.54522628090691727,17,1.6298666511854207,True
0.53262202750536825,15,1.4488397927647807,True
0.63545776679185917,24,1.383493231719668,False
0.53540936121590021,20,1.5554859126043883,True
0.51583867465419619,16,1.5245977535900945,True
0.53558989772778953,18,1.5884424122577649,True
0.55955908814060329,19,1.6215625000517708,True
0.60137811238194594,25,1.6188198719641194,True
0.55828749470513772,17,1.6855180646265351,True
0.58927034019347746,19,1.4037521767634515,False
0.53280528669284977,17,1.5268310404124052,True
0.55451635270271438,19,1.6014132422170131,True
0.52629478803621577,16,1.5883599777332897,True
0.55660742704180077,19,1.4864985383148526,True
0.55343616458971123,19,1.6313675027801895,True
0.53974533644586109,19,1.5495616702720716,False
0.56848554111653526,18,1.6428617970725292,True
0.58892684340207224,18,1.5271040113185823,True
0.56234073511542138,16,1.6112745796453598,True
0.56830529132536911,16,1.6257208206176899,True
0.95596885912005636,45,1.4789766772100983,True
0.51637226172518891,19,1.4403409716257205,False
0.57075622663169301,19,1.6950485706195635,True
0.58119336526911103,19,1.178549346503782,False
0.64785608389518756,24,1.6253102664597179,True
0.53138217881435523,20,1.4580311225954146,False
0.64471527088317881,21,1.6652182891018508,True
0.65095432338933357,20,1.5904878861540988,True
0.55216393012054354,16,1.4170120080649347,True
0.67344845206069337,22,1.6465546151473067,True
0.58801153862951161,17,1.6393895790674693,True
0.5499971767320827,15,1.4681661725215576,True
0.63513905750374067,23,1.5196812901404277,True
0.95032298340134136,36,1.6651835385754099,True
0.61270011687075043,23,1.3434784695306106,True
0.70357379065996728,26,1.6840940370581965,True
0.65630867364265,24,1.5822080895436414,True
0.64186614891182825,23,1.5510777374454938,True
0.57727333184688845,15,1.6606107676577766,True
0.60249553664018096,20,1.4086498172797735,True
0.5357578487104413,17,1.5674525910661401,True
0.52849184320557019,17,1.5768706643447514,True
0.57607287873748736,21,1.4149129076190721,False
0.48857058006714704,17,1.2576233055807498,False
0.57245047284113348,19,1.3000892609901606,False
0.58667558591597302,18,1.5762933445842429,True
0.59091059471324614,21,1.6684118728433788,True
0.64673365052344467,23,1.5942914531100791,True
0.55713636972905167,18,1.5988573669811239,True
0.5739614921198275,15,1.5969994699158181,True
0.67543789364704188,30,1.647596004290645,True
0.62668470121671294,23,1.4768780963535195,False
0.63209882906989423,24,1.3971553544659807,False
0.57845512041660851,20,1.7028331187629802,True
0.52324815746558617,19,1.4965207313572064,True
0.59672154510622055,21,1.5876081808539226,True
0.51691667383617734,17,1.6074693120223356,True
0.51000517830792602,16,1.5415737784279808,True
0.71217178107091306,25,1.5459252349052794,True
0.60930504805221164,19,1.4376421741813856,True
0.65667056134429502,23,1.5305878979273968,True
0.54524212748689083,18,1.5749547770461461,True
0.67692907917620904,28,1.616881261664973,True
0.57162360558769021,19,1.5150259289110155,True
0.54064251158704413,16,1.6643350669979953,True
0.54596463585070243,18,1.5470976655607274,True
0.57451083015712423,17,1.4465096220372418,True
0.57673951199097417,18,1.6417900361758064,True
0.5769619533309166,21,1.5721547022731077,True
