0.72358116778547499,45,1.3734690332184065,True
0.60248450585225188,22,1.0564869524919085,False
0.60596183567027362,34,1.4234231559569634,True
0.63419593543134289,23,1.3037093553873609,False
0.49788872294306546,16,1.5494255232482781,False
0.56050913490973786,22,1.3309902725234719,True
0.5909222931709619,22,1.3787832251176317,False
0.50276288547256076,14,1.5893513684483105,True
0.87813081974534624,49,1.6993588845049181,True
0.66622444738523978,29,1.43599086194263,True
0.57495776540997279,29,1.2938419345796004,False
0.61076466586072897,23,1.627561757566641,True
0.847978119436399,51,1.6493307417927059,True
0.81231732832147363,54,1.4268982993259345,False
0.79203928245463318,48,1.4886360320354493,True
0.61126285628055199,26,1.2450617313756476,False
0.46950945512970382,18,1.2410737844293012,False
0.59407243630811868,30,1.5034209061374371,True
0.61956052292306096,31,1.4766716785566274,True
0.55327371898507016,17,1.6608548664086089,True
0.51659007215626129,24,1.5286048862017159,True
0.78384335038665354,42,1.5719343846328759,True
0.95867230508692547,59,1.6318091532033991,True
0.64037023898034107,24,1.6939339416423638,True
0.89168362392770428,44,1.5001064008243294,True
0.56573836038990388,31,1.3126939951959278,False
0.57956786151983941,21,1.5588542319393468,True
0.56039703552190245,22,1.2785825840630554,False
0.6135979897339342,22,1.504877146134906,True
0.56102581829022113,21,1.5701146656622305,True
0.5677377036523138,27,1.4532618018602201,True
0.5614960355098898,25,1.5709817073027466,True
0.7014421973969126,35,1.4946359001475458,True
0.57676434921117814,18,1.6280995393408122,True
0.89824140230005489,71,1.6841355267220572,True
0.65960444639257121,27,1.6451381949123749,True
0.582978904023016,19,1.646058060582926,True
0.59611952697500104,20,1.2476342147835358,False
0.58672083442262313,19,1.5405899773187934,True
0.60501243099340096,30,1.591546712921285,True
0.63082514283884095,34,1.2326287265833031,False
0.50825589208598854,22,1.2684898861518206,False
0.607336642431758,25,1.6321978764887317,True
0.88934192152378211,118,1.6027236001671459,True
0.95983495404456975,21,1.6994548818566813,True
0.74502484416804782,39,1.6718702037279349,True
0.52837368484109293,17,1.465872289780656,True
0.52908569540018557,23,1.4495610953619966,True
0.71943080660653025,36,1.3330532830927067,False
0.51854631719157462,15,1.5240975013139171,True
0.59267552949110713,22,1.4371184190973116,True
0.59692682034490441,22,1.5339402531125208,True
0.57414365664219347,19,1.6072612552884682,True
0.54604580860085383,19,1.5333473122697461,True
0.51202149281493747,25,1.2385814324944751,False
0.56428071271319102,19,1.685833862140989,True
0.95104139014067601,54,1.5018566445188526,True
0.57603047343064717,25,1.5189625245240759,True
0.61988324717067878,35,1.6615269326270923,True
0.65309957265627672,33,1.497303742484557,True
0.56388946499391202,23,1.4938432903011303,True
0.57348911886926301,22,1.4642125668731492,True
0.89124873399432225,52,1.5793146486101191,True
0.56345816405912452,22,1.4567039444526946,False
0.65975349782639792,30,1.5815508857192782,True
0.55876908707202577,25,1.5056445890736636,True
0.55504053679728838,17,1.5426634119903673,True
0.73978244563466955,44,1.5342078660358138,True
0.81141862125127284,46,1.5280004624498007,True
0.64115242937142281,31,1.6269391252068293,True
0.60700235437601635,22,1.4113515731775925,True
0.66594213771699229,38,1.5635401983659121,True
0.64009137836520147,30,1.6391618807400146,True
0.56212213284120027,17,1.6187132891262015,True
0.63591950257811702,24,1.6609387279015149,True
0.58817197792413733,24,1.6451982120479203,True
0.58182140553761763,22,1.2490182787521595,False
0.59222415172090093,22,1.2943558864667748,False
0.55708398299201356,23,1.5714332895341248,True
0.55860491689092073,19,1.4486499059778983,True
0.52550648236541464,19,1.6234186320057129,True
0.53283651211560534,20,1.3994599913686747,True
0.59298850750475607,28,1.5835785949174999,True
0.6543048686661912,31,1.6124725067916352,True
0.519344424635371,16,1.5810171051321107,True
0.57511572154493307,21,1.2723285802970337,True
0.49822604072562099,19,1.374850268389969,True
0.65386115266621436,35,1.4208646435204191,True
0.52735773872158476,16,1.6284172991780086,True
0.5571464227701467,20,1.4375432632359308,True
0.65904485297103033,25,1.6388970401102236,True
0.56638003455885477,24,1.5939471667084055,True
0.71496515487349177,43,1.5438015425430349,True
0.56483803974824554,28,1.4199751663715463,False
0.76832070266420449,39,1.3352515015809305,False
0.73215621753338389,39,1.5741945771146877,True
0.59080168540302669,23,1.23588586306316,False
0.59565200199779622,19,1.4870823747230684,True
0.58134596155169072,25,1.4050361551148156,True
0.52596705364241425,15,1.6308627194413765,True
0.52154352728080156,23,1.3973694091917359,False
0.58606215109636717,19,1.5590881979087468,True
0.52078284257361251,17,1.4767271369729764,True
0.51274126126754438,16,1.5113067273491219,True
0.91603721261244075,51,1.6145113032127092,True
0.52769185364283833,21,1.5037194528779356,True
0.52984714525335896,28,1.3293999497888545,False
0.71758418426367043,34,1.5880523134508775,True
0.56470758147292754,17,1.683856637777525,True
0.62815971427285333,23,1.5965909674609637,True
0.59412532469587087,26,1.4730449873179376,False
0.54112532275622738,20,1.4868256671700986,True
0.52869626736305486,25,1.2548248592223079,False
0.9474803409945306,53,1.6719030672637261,True
0.55614754363117758,23,1.6288387266840507,True
0.6533190728906465,25,1.5552361630647611,True
0.8941671715464059,62,1.6729597254271191,True
0.91413702188527801,42,1.6467503992743227,True
0.5926062794535415,24,1.5810123844318948,True
0.50810060540457558,20,1.4141801868024699,True
0.63452458762084563,26,1.5184461504067133,True
0.59695671616270574,26,1.4017153828978661,False
0.65963978815452229,31,1.6182110236516385,True
0.54583011989484276,24,1.3604937304622582,False
0.594792593835612,22,1.5602548007751544,True
0.55156354429204812,30,1.5194618923292571,False
0.56111088139439225,20,1.5300794046021196,True
0.55079019523140338,26,1.3104758117752473,False
0.519074234585304,19,1.5166622726434253,True
0.49295174441901629,23,1.4740472357283456,False
0.57736805156907667,19,1.6090069813475054,True
0.69281452709379976,39,1.395964221695172,False
0.56746774754609952,18,1.5800530475551764,True
0.55137120916942373,19,1.5832808639369631,True
0.54140487006470595,20,1.4721460066408047,True
0.59559940302734093,25,1.5730521535820625,True
0.58051720464757939,26,1.5808475932386317,True
0.62531512760924091,25,1.4745986237896864,False
0.55698056326598222,20,1.5832974552143955,True
0.90287227042593288,40,1.5300880100827785,True
0.5549613258988233,22,1.6192320566303806,True
0.51336664520344444,26,1.3491609689632182,False
0.51492291236443566,17,1.4131502488430208,True
0.5787883414497198,21,1.4540948975040884,True
0.57333879055923542,20,1.6094629190279837,True
0.55504236263725726,20,1.4024383221221324,True
0.5881322949532175,29,1.3247566213521378,False
0.57694963490420959,21,1.2601762582688878,False
0.54194855619435955,19,1.5704139198462217,True
0.87548694432333285,62,1.6628997828371737,True
0.5118600061426658,21,1.3984478630669033,True
0.56177836678343673,20,1.635167704108889,True
0.54652383755587908,16,1.5337451371283988,True
0.5695250111175616,17,1.5379250076829034,False
0.57381472744314188,23,1.5182571900762878,True
0.61796666866057581,33,1.5119935098630921,True
0.71843113735707798,35,1.5948667874189077,True
0.77176977030261529,43,1.5706446897512589,True
0.5366485750264588,21,1.3159407371659195,False
0.57130025524852923,20,1.6372459407815221,True
0.54864850338019699,17,1.5419427724723886,True
0.53774821675801454,20,1.5562091070314474,True
0.90619687012990879,58,1.59315886357393,True
0.78041637315168344,45,1.3912996600107908,False
0.65777939036421529,28,1.5794005954386816,True
0.55378906441166387,23,1.6166784313915921,True
0.55759549887125281,20,1.3331129776000157,True
0.62486856282010494,28,1.0956341595149153,False
0.57780352914386768,24,1.4013860074098961,False
0.59948289809728261,21,1.6132560109103515,True
0.56588612156989226,24,1.505508295046518,False
0.56517307489605229,18,1.4857010604724561,True
0.56678132598425068,19,1.5243296246709555,True
0.58067976145234634,23,1.5765545545440498,True
0.62909859192386197,27,1.3899527888536731,False
0.57590664391648982,21,1.4789209676521227,True
0.5495483653976212,16,1.4344882176565552,True
0.79055422901899386,36,1.6708453911675503,True
0.55759060365741575,16,1.6266063365082586,True
0.60779376238343208,23,1.4266311183465483,True
0.58511430348494042,34,1.5370611631371092,True
0.5414079593953367,22,1.5668048052796053,False
0.76974140012211056,33,1.6374363263748282,True
0.54511245627732297,25,1.1285769848739624,False
0.89785475074141707,63,1.4448107065391214,True
0.5040139087418456,21,1.4200583887123424,False
0.53425223663664401,23,1.4125937303977827,True
0.53138140417876478,18,1.6170823561440739,True
0.59287477546233525,27,1.5728830254422541,True
0.56123346697793342,18,1.2308181339235409,True
0.5515984029387353,17,1.6358380011204088,True
0.58709954338970449,22,1.5529212278445452,True
0.57950293099650085,22,1.558093762275671,True
0.95215890392029578,75,1.6492647857971301,True
0.55250037472487989,23,1.5984989392009255,True
0.55370230787169228,22,1.5657342179994369,True
0.56497663871324377,17,1.624623264224579,True
0.55823715749828096,23,1.5563413947927707,True
0.50967286829066838,24,1.3511285511001674,False
0.56035358391502099,20,1.6629562906696713,True
