0.95666784662341953,17,1.3633907062591657,True
0.95814438358899257,18,1.674987905121081,True
0.96336099330684455,19,1.564668089197504,True
0.96143230507513278,19,1.6264659667668755,True
0.74133643625114276,22,1.6100909459004502,True
0.8152846114026443,27,1.365880721575164,True
0.95640692207812161,18,1.6628632517421582,True
0.95748644475820177,19,1.5283600541469475,True
0.55825879715679605,17,1.5702302293049797,False
0.52257458931419742,16,1.3761164648282165,False
0.95087519083709071,17,1.3998805895151059,True
0.96189549588342071,18,1.6993007696181821,True
0.96610924939290099,19,1.6003567764962809,True
0.63708408216093215,19,1.5375466173253582,True
0.55627261139481654,16,1.3828964800252221,False
0.86828141899605149,26,1.647242429044707,True
0.95791955213792124,19,1.5980250642326912,True
0.52453436906669526,19,1.1333205042786083,False
0.95563798619058615,18,1.518514718556913,True
0.96118560781465223,18,1.6835559147944266,True
0.58913260608593554,18,1.560281367529297,True
0.68577030190661992,21,1.4574772998573198,True
0.96288477012073204,18,1.6325904651145073,True
0.95048205047926837,19,1.6522172129691977,True
0.63272123325368068,20,1.502522878669333,False
0.96301195868305756,18,1.6556793997177219,True
0.956191705382887,23,1.5350211341409021,True
0.95300739149917879,22,1.4242333729243279,True
0.95154754767898597,18,1.5043889205348175,True
0.95536702141032326,18,1.4718850416096283,True
0.96007000077046645,19,1.5868941663037428,True
0.95219955081987573,18,1.6412199217373733,True
0.56205542699350453,18,1.4662418903141043,True
0.95045556476995274,19,1.6789799317955294,True
0.95875215255089052,18,1.6700825303798594,True
0.91956741654705187,30,1.6461899423185076,True
0.61638975078920455,18,1.5578115864013915,False
0.48564475800867085,18,1.3040881338716948,False
0.77064421278598616,21,1.6495731164038714,True
0.95610412114891419,19,1.5389852612437847,True
0.68064211037180877,21,1.585337756012331,True
0.74788778055933891,23,1.4483647285854004,True
0.52410610688380943,19,1.0285709731789385,False
0.95128499814529566,18,1.4881829891939087,True
0.95002960046445251,22,1.6266225059829194,True
0.96424373724453682,20,1.4328223310607313,True
0.94912110881171929,30,1.4074906390519268,True
0.8962198566564904,28,1.5895200430228544,True
0.95731916743308809,18,1.6733934680645524,True
0.59676777150405436,18,1.514279272774343,True
0.96053785632167588,18,1.689640190995835,True
0.6345281569516219,20,1.5153333671954465,True
0.95546503366419733,18,1.559825752703506,True
0.53951410335998129,18,1.3090370562061671,False
0.6022099987910392,18,1.3177806244003936,True
0.87803344192836486,27,1.6543353064114661,True
0.96137100535871522,19,1.527232184244268,True
0.95081092820677438,25,1.6467972147390726,True
0.95174023909815686,18,1.4746995673736323,True
0.95540121438666514,19,1.4930371317702411,True
0.59700215694022796,18,1.1893212429910809,False
0.955097962689886,17,1.6679252037086547,True
0.95312070415082295,18,1.59283142951546,True
0.96233290113439007,19,1.5897927895479016,True
0.95479677826560261,18,1.5559329364099364,True
0.52070930172876706,17,1.5625290911940706,True
0.65117280607497774,20,1.5928588204990448,True
0.5100512324852059,18,1.4438070774675658,False
0.57627413533528216,18,1.4956589391616111,False
0.57865365119668333,19,1.6118620980024498,True
0.62649396467284268,17,1.4791176979195311,True
0.63569043149881066,20,1.5065847609935088,True
0.50111388176719063,16,1.4965116368311726,False
0.57758064638855189,17,1.4826633161137805,False
0.53141554745505426,16,1.2337499610058433,False
0.96570095322679639,21,1.6013479280378593,True
0.5631898810473347,19,1.3530421858006172,False
0.56481657753997894,17,1.4194818611444302,True
0.54224274984782939,18,1.2893498226408833,False
0.53485657246016982,19,1.5008155727421237,False
0.5586427994969605,18,1.5055454692450736,False
0.58550287192859918,19,1.4325749587490657,True
0.95697678873377878,19,1.4974032797703876,True
0.60793479903637448,17,1.2465731804434155,False
0.51172136124660939,18,1.4905278886343525,True
0.95657571929464613,18,1.6625669027291379,True
0.95991155750769497,18,1.5831335051102362,True
0.72132191430297177,22,1.3392119627725381,False
0.95170133303078386,18,1.6374459005289939,True
0.95887525580080923,18,1.6820916531233943,True
0.58122744090019351,19,1.6057476272567572,True
0.95452885030283396,19,1.533875812424448,True
0.95278901440177888,18,1.6024386824716645,True
0.95041143533905759,19,1.6167025326386602,True
0.95717753156500307,19,1.3617825984734611,True
0.62472932772361844,19,1.5634852487243709,True
0.96080716501303376,18,1.6677091102627384,True
0.95062190005794611,30,1.4940357336356973,True
0.47979396252901219,18,1.0293452338690279,False
0.96020153747930037,19,1.6654749214883626,True
0.95904159560189672,19,1.5920306573732725,True
0.96417487416661463,19,1.6448173252154012,True
0.95197000197749915,18,1.6819685870874372,True
0.72077039711474344,23,1.5665946192557452,True
0.77200616663689614,24,1.4758006220471878,True
0.79930065348045964,25,1.6110394398015109,True
0.95034577059212677,17,1.5341763273059683,True
0.95187220257864325,19,1.5854123323249563,True
0.69244530716611896,22,1.4176154385587243,False
0.95666931856793069,18,1.6799256588934424,True
0.9524804420108538,18,1.6516926163304431,True
0.57116874134561713,18,1.3827694591962352,False
0.76652805539675573,23,1.4509528917417873,True
0.95576373585759533,18,1.6862693376005151,True
0.9620018342440122,19,1.4550914595907121,True
0.67693842976788721,21,1.5364529944544596,True
0.95879701944084639,19,1.6130996022946635,True
0.58416379639967819,18,1.4768322533401004,False
0.60807316696976987,19,1.3600655028330628,True
0.95534774562001856,18,1.555943828140613,True
0.54856917161260932,17,1.5392732547437675,False
0.71782808730182868,22,1.4796001450365777,True
0.8046063933035299,24,1.5390276519761392,True
0.62614886486874621,18,1.5141584035692959,True
0.91045192550346865,30,1.6026027896248602,True
0.83760701722324671,25,1.5110053457359101,True
0.61609188719983854,18,1.2711654466635098,False
0.50543842137862838,18,1.4315092440258967,False
0.54788806486935426,16,1.2076926894474211,False
0.48561601871950844,17,1.4516515501575435,False
0.94421284474758693,30,1.3690189216903039,True
0.96426162404840032,18,1.6475230630305371,True
0.50305546606543505,18,1.2562124828794023,False
0.96126260762422522,19,1.6623888482033184,True
0.96713890193530827,21,1.576104851945427,True
0.96768984044371065,19,1.6770501205890067,True
0.96544974598875588,18,1.6762183101709354,True
0.68599805093116184,22,1.4869206931753389,True
0.78525128547709244,25,1.419705688002225,True
0.95156715590743501,18,1.568745517300971,True
0.93917657369772733,30,1.5973033089683626,True
0.86583483356089541,27,1.6729872878669583,True
0.96098511415419374,19,1.4298405068424478,True
0.5200892098802038,16,1.5016242487571163,False
0.87006157593320232,26,1.485758454424801,True
0.96418499159853688,19,1.6408828142539427,True
0.95676115643327786,18,1.5912461518365364,True
0.75074855876519719,24,1.308769518033075,True
0.95459793698024398,18,1.5331813452725278,True
0.73861447706573946,21,1.4861325783729522,True
0.66712079865363405,20,1.527975860002188,True
0.95471299346484395,18,1.5862998801574408,True
0.95577455561763736,18,1.6628620789897859,True
0.95689542686510465,20,1.6295288881715135,True
0.95520549295430479,18,1.6160383618494978,True
0.96059989499725651,18,1.620752653903988,True
0.56843339986355257,17,1.4950609525643204,False
0.96026410690551178,19,1.5459553994517683,True
0.68224730381042142,22,1.480691145785568,True
0.49891151194647471,16,1.5021189180097669,False
0.95654740114874426,18,1.6214857374799925,True
0.95146822027877975,19,1.4873354379309762,True
0.93460311754900194,29,1.605784363819484,True
0.95032666285390832,18,1.6639566173528419,True
0.9502944119012805,18,1.6362423753513888,True
0.57430850048704041,18,1.3977661625429469,False
0.59454815195052235,19,1.3977456918240416,False
0.59185255145674087,16,1.5559829316234957,True
0.65639628347267187,22,1.385446392111773,True
0.95189617617735445,20,1.5890345281214004,True
0.5212823395952465,18,1.2512786507511862,False
0.9590412168435748,20,1.5917252464427598,True
0.83306801957928023,27,1.5286234739847748,True
0.57663119065487822,18,1.3867752857566662,False
0.95682841755808479,17,1.4897533108368501,True
0.96206847000211404,19,1.3977660887199939,True
0.95306932154596402,19,1.441441372878506,True
0.95589298687073687,21,1.6700633138401868,True
0.96248985646529528,18,1.6992455342654234,True
0.63545333738702414,19,1.5980756625324717,True
0.5503218011631289,17,1.1512158603013054,False
0.57767383914221404,18,1.4948783390031652,True
0.95485724505343295,19,1.5966083967041067,True
0.95854216828658212,19,1.5898817843340809,True
0.50029827036469787,19,1.2180897545767748,False
0.95470769307800962,18,1.636266737456098,True
0.76821825519657783,22,1.7036482634965691,True
0.47430443664278532,16,1.2317039874529536,False
0.68162949579933152,22,1.562734001092446,True
0.80015157479999877,25,1.5453189495690749,True
0.77222767512288715,23,1.4297117553442091,True
0.95823252316636887,18,1.623894464748016,True
0.55698360482297515,17,1.5316445405043311,True
0.66597483862313311,21,1.6292586035115895,True
0.68728833747434082,20,1.5234719790276883,True
0.49251219614009173,19,1.2612214379079976,False
0.56139893671978891,17,1.2788993892499467,False
0.96271058541602672,18,1.6773966146645205,True
0.66124402722176778,21,1.5310353333787492,True
0.95635213712296607,20,1.6334883158595492,True
0.95182464534420874,18,1.565494689132179,True
0.96381226451696045,19,1.6311855386077001,True
0.58389260418176758,19,1.6053680208838079,True
0.60823609859924366,19,1.5093090328374963,True
0.84994003671941409,28,1.3119496023500896,True
0.95313078313058841,18,1.633138351828064,True
0.95666054401223377,19,1.531936609278931,True
0.95029651289203432,17,1.6594038977359431,True
0.52630570593564174,18,1.4532809074570787,False
0.95555764889765094,20,1.6212976144992266,True
0.5536566717144662,17,1.4804071309176536,False
0.66440361704778805,22,1.580856231322525,True
0.6131448921493341,19,1.4015184546279751,False
0.9637283556609183,19,1.5382199867332307,True
0.95544036042057134,19,1.6061564577420815,True
0.95347133722400512,19,1.5703534952282974,True
0.95480780388395858,19,1.5653566605278542,True
0.95957304296019275,19,1.53263719932736,True
0.62756153788773184,20,1.4536180814841724,True
0.57182386465141843,18,1.3079027077101759,False
0.96515925215847709,18,1.6824544637979477,True
0.95103360721194874,19,1.4865300246320294,True
0.53606662374790304,18,1.2978649907190292,False
0.95196359309673861,18,1.6622953230360689,True
0.96598348618159924,19,1.5919235579570694,True
0.62420147580982954,19,1.5041432201938678,True
0.56357078603915745,18,1.2655091168392525,False
0.83539637960690361,28,1.2469206150272223,True
0.70466042102765736,23,1.5377861029353821,True
0.95730961987904639,19,1.6368555408256955,True
0.6519302133284407,20,1.6130084978933064,True
0.95597480704832449,19,1.6130523457886745,True
0.58680501883581204,17,1.4390431240545782,False
0.96047043258151654,19,1.5945940401980736,True
0.52390335280611366,18,1.2176111635092348,False
0.92046875953989138,28,1.5235646253242623,True
0.65742190958138103,21,1.4333175843433132,True
0.95817515049713686,18,1.5269825200622791,True
0.95310686592343108,18,1.5680051192012656,True
0.64718111962555402,21,1.6133799065032588,True
0.95799526211954555,19,1.5572801555625837,True
0.70426293100305215,22,1.2363002071016871,True
0.63436480389273886,20,1.6263661364422155,True
0.6181763700967603,18,1.4988531536836533,False
0.95969492022619352,19,1.6543053539834927,True
0.67621617691975244,21,1.4055289588315687,False
0.95543835572701286,17,1.5338985114977735,True
0.67459450842839153,19,1.6013426323729401,True
0.53028074964534766,18,1.2743268529827074,False
0.95437066170574769,23,1.520948767921386,True
0.68675735677304239,21,1.3824807802928243,True
0.57390281777193719,19,1.4786111262350987,True
0.69189936954920839,21,1.4903271260974562,True
0.57009253951959449,19,1.3818261354353012,False
0.78731568069779301,24,1.5588146714642939,True
0.95168324157007478,18,1.6473025386874851,True
0.90943095537773155,29,1.4073689432022707,True
0.95291443769449935,19,1.4791389113218087,True
0.60107944813869241,18,1.3358653656697559,False
0.95584984879161672,19,1.5497391558737412,True
0.96226446775192809,19,1.5069930855610272,True
0.5925331256754558,17,1.543103280890177,True
0.9509711609907191,18,1.6532553139637407,True
0.96311592510923616,19,1.5255442139172024,True
0.71612788467298238,22,1.4812560946578297,True
0.95933906987005957,19,1.6585505397374927,True
0.60280360362851715,18,1.5553773437517284,True
0.64814529252638287,20,1.4958025130743426,False
0.95302451865314453,18,1.508021291730492,True
0.96250030888018367,18,1.6748452502916304,True
0.9583367104972389,19,1.5475273290203373,True
0.95050615947305162,19,1.5276445702854227,True
0.95944398658807872,18,1.6153878386749498,True
0.95229448101297265,18,1.6183838401987438,True
0.77471163504050711,22,1.6377135886075394,True
0.96309318608026495,18,1.5813068647569304,True
0.7808454898108047,23,1.6310875937287628,True
0.96022133243804664,19,1.5865578260168802,True
0.61602430883762538,20,1.620673566251585,True
0.77717514137921284,22,1.6454064851770047,True
0.5659421342832196,19,1.6029952159174667,True
0.85273670102402932,27,1.6123546349992994,True
0.95305201781911042,17,1.6589646892330463,True
0.95707186876674832,18,1.5778802955076863,True
0.96203329034806495,19,1.6107599003696542,True
0.75219696241244216,22,1.4748634464671029,True
0.710882040631309,21,1.1947163492531829,False
0.95398314695900932,21,1.467145229420971,True
0.95151546552346522,18,1.5237306636472854,True
0.65141725118821636,19,1.5494122603870728,True
0.49730733467378668,17,1.4657171178180664,False
0.96473343443955162,20,1.6561902031697922,True
0.95148197490899888,22,1.4518696715530754,True
0.96289336967703754,19,1.5517735809619213,True
0.5648131566161807,19,1.4975794096834329,False
0.82143009580753346,22,1.2944297047469793,True
0.73926828547073209,23,1.5168761114952105,True
0.95894083362038407,19,1.6851590946230999,True
0.95180673455074438,19,1.48148024078346,True
0.70890218087456325,21,1.4243040652143515,True
0.95343004382977492,19,1.5204866838313693,True
0.69664995325213441,22,1.5011565005838829,True
0.95022357550084269,18,1.4747181685235486,True
0.66214200731922024,21,1.5811890273562879,True
0.50680797517798903,16,1.502756612171978,False
0.95964894877190754,20,1.623338404500718,True
0.53800489404660745,19,1.1164718900184627,False
0.56457809406443016,18,1.5597087013943929,True
0.95697817530921092,18,1.6604400519264273,True
0.96303165813235936,18,1.6686173346619633,True
0.95976902638300254,19,1.6265102271683523,True
0.96082759284165387,19,1.5690697892059859,True
0.95246373651483918,18,1.564258910693384,True
0.96557372208122783,19,1.5847461641481859,True
0.75934615784833503,25,1.4844791706638705,True
0.9588300351971405,20,1.5491159179329352,True
0.95463265322343893,21,1.5937175699110002,True
0.95651229098762258,18,1.472642795431391,True
0.96177053152728276,19,1.576664358045877,True
0.51501735886558953,16,1.4550455705228627,False
0.95932543996034925,19,1.5470512340803109,True
0.95232105469943273,18,1.5839860057199293,True
0.96065335242662075,20,1.6506890428945593,True
0.96280311667709995,18,1.6733840510123716,True
0.53249398879601495,18,1.4661272972525707,False
0.96213102194520073,18,1.6896590190251219,True
0.96847700394569858,20,1.4433589296626732,True
0.85830211858183547,27,1.6055399258848231,True
0.5783444221100027,17,1.5622697034127699,False
0.95782435476404026,19,1.4843214965279283,True
0.96241046822129206,19,1.5703284797748904,True
0.53251431444054298,16,1.513179603090707,False
0.95149366356717557,18,1.6377436485322738,True
0.57215100298206834,17,1.521214323436993,False
0.95513958596769177,19,1.6289989170452692,True
0.70371920363681362,20,1.6114594425101614,True
0.96050421782521,20,1.5216533241002146,True
0.63953055346981103,19,1.4575828446879673,True
0.95215520011396593,19,1.5108438295989408,True
0.60470691286492817,18,1.6115121091599924,True
0.69988427313827561,21,1.598049453140107,True
0.96209497539799538,19,1.4903672569002431,True
0.70231555801345202,21,1.5742188130622738,True
0.96207138851093954,18,1.6987221058895257,True
0.95431852653706717,18,1.5772483600755176,True
0.95564069578854427,18,1.5547915735358588,True
0.95280790996694698,18,1.6957567453751934,True
0.56688913523781292,18,1.4594707986892079,False
0.95339604588863047,18,1.6644001125149357,True
0.59950376192046528,20,1.5256655741975673,True
0.95541734010525836,18,1.5707982235957896,True
0.54709257967197955,16,1.4508148731769357,False
0.95750395577755987,18,1.6824617568801272,True
0.95279644081385451,18,1.6452347781476186,True
0.5858516921001683,17,1.5446471847168803,True
0.72785998805375074,22,1.6199487998745323,True
0.60479216946418357,19,1.4565067036730195,True
0.95953487142410498,18,1.5903964665911594,True
0.96024277882376108,18,1.6803419123247278,True
0.62299055029189332,20,1.4463415574610243,True
0.95192987419804487,18,1.4782682386303718,True
0.63489297188416616,19,1.3006580299309327,True
0.95477483454532597,19,1.5052729411149275,True
0.95466341825021228,17,1.6679342660943999,True
0.95383326324444095,18,1.63423218322603,True
0.78507340241359524,25,1.5487423269966121,True
0.70965445988810405,21,1.590484505758559,True
0.96160466237579978,18,1.6620188830733733,True
0.95564120241443584,18,1.6761905738660687,True
0.960130717283316,20,1.635853683549527,True
0.96401992341817366,19,1.5511695499635851,True
0.53778456936520647,18,1.0895069883714408,False
0.96829317936492409,18,1.5629403358428362,True
0.55889234099893603,18,1.1762375749789302,False
0.96003852066693651,18,1.6409278332284756,True
0.88856389670090974,28,1.4512766391202967,True
0.96071915342381486,19,1.5386690239053744,True
0.53825417294426336,17,1.5716906978874179,True
0.95552003509790728,19,1.4917150914175965,True
0.74028471752613634,23,1.5338898662683489,True
0.6046592058880158,19,1.5072798610161831,True
0.61681661514435249,20,1.3896025156937064,False
0.95238562426865936,22,1.5905800961763374,True
0.55618302482600457,18,1.310401866368037,False
0.56954600198769356,18,1.3912283973376918,False
0.53422650781868197,19,1.4968809928693696,True
0.96416084790736301,19,1.646371950429822,True
0.95746782089676208,19,1.5401591767018752,True
0.9624047349652034,19,1.4938350817902988,True
0.96391127312230362,19,1.5196538921995966,True
0.95339517644489835,21,1.6263828987532374,True
0.52774008748014345,17,1.1421981866649629,False
0.59891485741216643,20,1.559418220905137,True
0.95621901437258294,18,1.6304417343461479,True
0.95141991106659651,18,1.427739097838397,True
0.95151787134203103,18,1.6648027912772083,True
0.5177036149678067,17,1.4890135259431503,False
0.64288513277040782,20,1.4391801022215525,True
0.96159916469000173,18,1.6424708439811417,True
0.96481349998788113,20,1.3734208529846563,True
0.95626340728452985,18,1.6084317325422692,True
0.55408110335839478,19,1.1777815464629517,False
0.9592201771690666,18,1.6213760305898028,True
0.96688623826171971,19,1.5565373911964628,True
0.68477688970062045,21,1.3699123726000866,False
0.57208900251362305,17,1.5645488155346514,False
0.61506355672611168,17,1.1755976327473303,False
0.9625782728898078,19,1.5938082551620132,True
0.95691534373958764,18,1.6432123598286201,True
0.80491554531073883,24,1.6507771135837384,True
0.49360298436557354,17,1.4236982883591816,False
0.57287578561805463,17,1.5658832973016128,False
0.89854549463986999,29,1.6737523313575373,True
0.57262649926133657,18,1.4881907007888742,False
0.78229138248106289,26,1.4194046507680569,True
0.63545639050920388,20,1.4375956008616504,True
0.95307715884821931,19,1.525486648178717,True
0.9551989827347227,18,1.5510933436436229,True
0.96768300230832471,18,1.613410255448068,True
0.95912318299787969,18,1.6806701297653857,True
0.86547080917115893,28,1.5141052711655805,True
0.96453546515853206,20,1.4964486837132134,True
0.55327782118709945,17,1.3892681713571513,False
0.5577999851327391,17,1.3833587696971859,False
0.95400676159421061,19,1.5521554159530464,True
0.95846564717294513,18,1.6408670371835528,True
0.62454723644518007,20,1.5303147020773236,True
0.95358301438567394,20,1.4081092610188521,True
0.6768516375350454,23,1.4404339853170247,True
0.52638605931065297,18,1.4548940019457641,True
0.96646004139922959,19,1.6185756544219703,True
0.95433452436674981,18,1.3687067298078661,True
0.95964715723386285,18,1.5376424932160426,True
0.67065583078171742,21,1.5216426788329223,True
0.96510528218527192,18,1.6460582551462697,True
0.68505495067479305,22,1.6054147783719313,True
0.95167224286152263,18,1.6249760180622377,True
0.96861533858455362,20,1.3313028194212597,True
0.73023449469376622,23,1.5630766992880185,True
0.95864034021413314,19,1.6223972605612691,True
0.95283311532480164,25,1.472484572469281,True
0.53743352579353532,19,1.4915011140872454,False
0.95286732856691836,21,1.4265838660679497,True
0.96282354447176099,18,1.5156628863277932,True
0.78122602669916585,24,1.5945558414734138,True
0.53930214559231793,17,1.4115642747342629,False
0.57877059591761137,17,1.4168573174561689,False
0.96534052680850657,18,1.6348382616926926,True
0.95394378649940303,18,1.5043415728826912,True
0.95757132969715342,18,1.6959661715505758,True
0.9515377630837708,18,1.578225591476389,True
0.90125210383484722,30,1.6371383131102837,True
0.95397986363096132,18,1.5309504417087605,True
0.95872316739417707,18,1.5865077670601695,True
0.51819607145641255,18,1.4494812013977212,True
0.72507920326851272,24,1.4506650119124385,True
0.95060660694081012,18,1.6319944261322468,True
0.95233646547076356,18,1.6862658466132725,True
0.95927512489963618,19,1.5961253311694621,True
0.96068307496713357,18,1.6298199155202879,True
0.57320673800040822,16,1.4478376549895204,False
0.95355288672578886,18,1.6210686244129231,True
0.55040758763393838,18,1.3327937052610004,False
0.95177155336059016,18,1.5798876997961548,True
0.95281704814976953,18,1.6295696649373637,True
0.63075952758550557,21,1.5236045445599655,True
0.95433328081475355,19,1.4467496385552572,True
0.95460868667242482,18,1.6790513861368992,True
0.63002278401554601,19,1.6553646582389154,True
0.5427160955810979,17,1.4254466287443244,False
0.956362849419226,20,1.519168817384009,True
0.9502888349075157,18,1.6581946957643645,True
0.61559090523767057,20,1.6032067340947656,True
0.96045813280057823,18,1.6750342985325306,True
0.58547378970464437,19,1.3881317974992191,False
0.58503729291634943,18,1.3624354226163591,False
0.74775641785433145,22,1.7067186959353722,True
0.96181073953648732,20,1.6325502579022251,True
0.76864552402302821,23,1.5018767549862595,True
0.95137433151269601,18,1.6155558268206496,True
0.95458279251319467,17,1.534260318205696,True
0.63166057491745919,20,1.4981266928305896,True
0.50032229108010728,19,1.3041897851978639,False
0.95804759319034205,18,1.6163555675876258,True
0.95333305379090183,22,1.2659867452158755,True
0.88264001854196006,27,1.5252807529816752,True
0.95069244969632216,20,1.6416038959450727,True
0.95302148598476089,22,1.6821990998297618,True
0.70285365085656393,22,1.6868298615442625,True
0.5987749639338078,18,1.5928912448630563,True
0.66681492497014805,21,1.3408903909254823,False
0.96704761848452891,19,1.6497707570024351,True
0.55573936540847235,16,1.5421313070084,False
0.5816942562123576,17,1.5228431373614542,False
0.49050303163265563,17,1.418686808732466,False
0.95006159370713006,19,1.5170252263502149,True
0.9667441280976562,18,1.5882935312599387,True
0.95581124889391533,19,1.6078610750464688,True
0.83077883157580246,26,1.6442308833072452,True
0.96334132697801755,20,1.5915166003347174,True
0.95758789644055953,19,1.6169106959977178,True
0.96923860245946758,19,1.2875005436328308,True
0.47939417590978683,18,1.4768722906871345,False
0.95476312090504267,18,1.5055418967112384,True
0.82049619313394584,25,1.4608515914361173,True
0.58056139170907028,18,1.5495038989940881,True
0.63384732868026883,19,1.5821892753083366,True
0.96643398938549463,20,1.5738616979876607,True
0.80767742304122381,25,1.3815680367910637,True
0.76596787450442239,23,1.4729132737348674,True
0.95578437339510702,22,1.4528559893202877,True
0.57569241848638752,18,1.252923221078402,False
0.96049005001758125,18,1.6586853199523472,True
0.54046515404211781,18,1.3461188841590104,False
0.95666900370194308,20,1.5768250811568114,True
0.96630043579454394,19,1.5999193274659462,True
0.95284716029264183,25,1.5362554263839963,True
0.95406040207018039,18,1.6633318853380248,True
0.60880631054896495,20,1.3928086716688857,True
0.62244970571010094,19,1.5410932336394378,True
0.95878511452210347,19,1.6202497872803032,True
0.62341951399159734,19,1.5922359180524679,True
0.81279729911555121,24,1.5045137736529985,True
0.96366275847898619,18,1.6996348375727861,True
0.74005945230810599,22,1.5630110828603689,True
0.67248836818335267,20,1.4769195965092115,False
0.95701957652199277,18,1.6827676951572683,True
0.95682165884078274,18,1.6328733839283267,True
0.9537492831151706,19,1.5068647760832679,True
0.48902655320477917,16,1.3574990428863225,False
0.95867713849976399,18,1.6388009904272258,True
0.53358356459628453,17,1.175863628186067,False
0.96309111218264765,18,1.6457883546540464,True
0.75031984497303905,24,1.3872626868009788,False
0.95081595623710502,18,1.5475490147231243,True
0.60005749235728556,21,1.4610613823749998,False
0.96380429720925409,18,1.700005970413488,True
0.96597570974839075,19,1.6113626577398716,True
0.95474252736325238,18,1.6503963423061103,True
0.81930130219187769,25,1.558941615425073,True
0.95812640373270563,18,1.5739785166007292,True
0.95010533661430929,28,1.6000683081462848,True
0.96498139150013929,18,1.6049496086648261,True
0.96874467344227699,19,1.586509754298177,True
0.95391462306934338,22,1.5854317834480109,True
0.95195036594249849,18,1.6163874536679432,True
0.52352211339195243,18,1.3010907404557559,False
0.95517007699617962,17,1.6569560570240935,True
0.56261062575244891,17,1.4643221473953225,False
0.59043235211881995,17,1.6266577918137604,True
0.86152853991444467,26,1.6587423793145761,True
0.63003229927339199,20,1.3905536575706643,False
0.95759742548623306,18,1.5720622120570584,True
0.95221681018278925,18,1.5114266212438423,True
0.96551067445254701,19,1.6681341856331471,True
0.8447269232587582,26,1.5810748266623773,True
0.95914444563198864,18,1.5208982119463597,True
0.78439604577003774,24,1.4891550092060466,True
0.6805947845328183,21,1.4301464083565227,True
0.95684922246293236,19,1.2513834313581171,True
0.74153663524866797,23,1.6145278835510588,True
0.96035551294696875,19,1.4825191999950229,True
0.96131743724611007,18,1.6387920855345626,True
0.49480006986614417,18,1.3084397898413365,False
0.62949475765748231,20,1.5085784030588667,True
0.57543264495249491,20,1.4525285391844291,True
0.95834127315085904,18,1.6661018916378263,True
0.95553653179539233,21,1.4880425076933201,True
0.57264035842332472,18,1.4535161681206636,False
0.67402179916021909,21,1.3626208115388605,True
0.9651018367403299,18,1.5533896757548737,True
0.96233834403133178,19,1.6914319512643106,True
0.58056017026203977,20,1.5784529715930209,True
0.54113517372580877,17,1.158077060221409,False
0.96142098096499073,19,1.5927215054504984,True
0.96103465922224918,17,1.5083616347350499,True
0.96421895896798249,19,1.5982929104299295,True
0.95862768735881276,18,1.5763824764525569,True
0.55442056439467546,17,1.438946823444752,False
0.52539243534342384,18,1.2600361950855277,False
0.67006287315887492,21,1.5602680805999287,True
0.59865064316519523,18,1.3873714102622337,True
0.9609760728055794,19,1.6599705189355571,True
0.5699294812885709,17,1.3863676444652555,False
0.95884904667958371,19,1.6013304431125284,True
0.96025589228816721,20,1.4135854873257496,True
0.95793412242951659,20,1.6734343068434185,True
0.96079145259815979,18,1.6468993879245091,True
0.95252429938290073,18,1.6720745524735141,True
0.50082355489350483,18,1.3369338071829795,False
0.95982284005331953,19,1.5427500276764343,True
0.95340334495268309,17,1.5902643166030781,True
0.95679659980258891,19,1.5917869137016121,True
0.5408105363536293,18,1.4964213511348283,True
0.95765695917520333,18,1.6904029001573593,True
0.58109122185759099,18,1.3884071322563301,False
0.5270834974552101,18,1.306039231004835,False
0.96257503840638436,19,1.6219357378657955,True
0.7300280678787926,23,1.5342428159755226,True
0.95821492588611379,18,1.7001826847471977,True
0.96002003789693169,17,1.5618629388822511,True
0.65347541870050718,19,1.6598198193622147,True
0.95278017910341428,17,1.6282086258812354,True
0.9535431308477057,19,1.5519547759757737,True
0.60615159804467023,19,1.4988124928064488,True
0.54182603403589458,18,1.430952309303746,False
0.70701886391298341,21,1.4704646332882143,True
0.95241507815612703,18,1.5172439418277697,True
0.95736898765650424,19,1.5435754478556305,True
0.55665904629613938,19,1.4520035477758508,False
0.9572169907579523,19,1.53737252218399,True
0.62070366339946914,20,1.4745449890196742,False
0.95219264315229901,18,1.4820641673678829,True
0.96036775817507158,18,1.482420780997683,True
0.74303376894912521,23,1.535079937885089,True
0.86253660482408889,27,1.5035628324481822,True
0.95238930668860666,18,1.4921671764169742,True
0.58274240127497401,19,1.5128744889349646,True
0.51440978282573357,16,1.0211379364209581,False
0.96570426772719609,18,1.6448593718018372,True
0.95091080982099285,18,1.570770388071745,True
0.95930762011693471,19,1.5892601093161844,True
0.60538369023456529,18,1.3252514940487896,False
0.85443726828447231,26,1.4546668409969621,True
0.95927622729499862,19,1.6256576042234807,True
0.95448459676306696,18,1.5839709786365681,True
0.57317118270442413,18,1.4837984432919618,False
0.60001281786044336,19,1.3645332703671755,True
0.95792387515232613,19,1.4870945741135677,True
0.52017674503494504,18,1.1161814635052749,False
0.77601360344877945,24,1.3745427831644688,True
0.95238300019340816,19,1.4818483341846755,True
0.62562366168322525,19,1.5583655812059276,True
0.5745302237412242,18,1.45636947855709,False
0.58864313993927642,18,1.4019886086442961,False
0.96385426684905418,20,1.4251091917188923,True
0.95213957843383445,18,1.6457355387958061,True
0.95517094528789392,19,1.6097953948411377,True
0.48059591908413279,16,1.170660072703718,False
0.9522243078167254,18,1.6424963001109114,True
0.80889351292690803,23,1.3748153578475575,True
0.59231514472707347,19,1.5534761801308339,True
0.96075663836124592,19,1.5274139941495113,True
0.73722866890191774,23,1.5889574433025613,True
0.54217225547320758,18,1.5111112870318926,True
0.9604457206383552,18,1.6673648298302364,True
0.77104779305884452,22,1.284439507794892,False
0.95883402093072967,18,1.6135267816507792,True
0.96714498572472174,19,1.5835807925095859,True
0.96617886971088729,19,1.4333449414859012,True
0.95955147584897971,18,1.6277188792814821,True
0.58836630510556853,18,1.5663430386635133,False
0.95418210831517791,18,1.6681628914803304,True
0.9553997118405626,18,1.6396862935781631,True
0.95841555145205615,20,1.6265954425829707,True
0.95198441671654488,18,1.4825704055297817,True
0.95922003488411811,19,1.4654997338348512,True
0.73428501813680558,23,1.4468825502754374,True
0.95359191058382353,18,1.5808233520329851,True
0.50273616018805223,17,1.4199050039431247,False
0.95348357912761694,18,1.6345247515329278,True
0.96196097421329974,18,1.6278579437138445,True
0.95014246467141705,17,1.5883146567465578,True
0.96399672551865989,18,1.7133612029069747,True
0.90507779994828641,30,1.4474977391870445,True
0.58408159637925672,17,1.4285031088195095,False
0.72187096690971486,22,1.477357709331927,True
0.95089823318863564,25,1.4571558898970074,True
0.59851454885077271,18,1.3198426605587108,True
0.95172673274916575,18,1.4565215931927886,True
0.5719556347467486,19,1.4088860105965018,False
0.95521984244247216,18,1.6291056471115268,True
0.60213626144583787,19,1.4705974127465486,True
0.57621943248049556,16,1.156601973088967,False
0.95855776099042389,21,1.6326406931781865,True
0.95094986264641812,18,1.6946301821290344,True
0.95650427819287054,18,1.6061328077156583,True
0.43661552724813429,19,1.1006752624049425,False
0.95355876181853838,19,1.5471737861222221,True
0.95547728157025102,18,1.4840674885491896,True
0.55600414574690227,17,1.4316849836627714,True
0.52780760092321044,19,1.3436645762876185,False
0.88206946034442424,27,1.6923569823747853,True
0.57164847035875554,17,1.3918444470076754,False
0.95280280798528538,24,1.5494723349296919,True
0.96267633346940196,18,1.6423871707483748,True
0.95739643006334796,18,1.700459348444568,True
0.56018315941323293,19,1.536309647218469,False
0.96530090688104331,19,1.480263547068279,True
0.95771779199952511,19,1.591918964134944,True
0.9084604092765467,27,1.5677003100810201,True
0.95230459903293008,18,1.5549136804460792,True
0.7564034561663282,24,1.4280280947432904,True
0.63808281627666175,20,1.5339335212864578,True
0.61195934598473045,19,1.4860592071051333,True
0.56354712124808914,17,1.3497839630594481,False
0.55869812921077167,17,1.6337552249978025,True
0.96143121185925451,19,1.4871874760771699,True
0.57494995494276513,18,1.5139977257959176,True
0.95997083824616425,19,1.5455833931921521,True
0.95134495326046331,19,1.4857651729748331,True
0.96240313279916023,19,1.5743047014590448,True
0.49757284532275931,18,1.2168867129604852,False
0.64717024957117675,21,1.5733993065554523,True
0.70778186657737152,21,1.5166529903625094,True
0.78069170415970301,24,1.490883234256662,True
0.6280700341933857,19,1.3011689265366535,True
0.72118514668896971,23,1.4697118236621851,True
0.54691858836505081,16,1.5323164450935163,True
0.95589124526674207,17,1.6017839933161917,True
0.60462088457263818,19,1.4564677616975079,True
0.93624516461496476,29,1.5146117325492223,True
0.9579085554941994,19,1.5583081303699251,True
0.95184705473497855,18,1.666753671513858,True
0.95554721650286079,22,1.5714209413048634,True
0.95014585463273005,19,1.464806260554907,True
0.49099913429935993,17,1.3185782524438028,False
0.65112799346752925,19,1.4820326125849876,False
0.95250453570027138,18,1.4607277501696816,True
0.57255539887469709,17,1.4716346582755884,True
0.96585968591020399,19,1.6256568431959777,True
0.57148385197866969,19,1.4072679468139588,False
0.95861767920068763,18,1.6044271807969976,True
0.96109221234690134,18,1.4319117018573879,True
0.59899336919422075,17,1.4303643368394217,False
0.57121846014897915,18,1.5122196078927848,True
0.96202195969873694,19,1.5777307056990613,True
0.95659241190572319,18,1.6539312040687428,True
0.83184192139247981,25,1.5896128052013625,True
0.95019381523166679,18,1.5682261106602555,True
0.86944117473429705,28,1.4830858780166443,True
0.96158073526148768,20,1.4936840836548868,True
0.58866819070693377,19,1.4915883877160205,True
0.53717155853346876,18,1.4687858357315109,False
0.52177050803901848,18,1.2221904496090066,False
0.5767258607523309,18,1.4880713404667114,True
0.7090256981772447,21,1.5319083367463593,True
0.95810517519031346,21,1.427467885484671,True
0.96674354333116996,19,1.4757845648471966,True
0.9552743413687439,18,1.6104431189648585,True
0.95989201653867229,19,1.5167747736651935,True
0.95214271838088738,18,1.438310425146611,True
0.5933018727161492,18,1.5737774492564489,True
0.50616272269861495,17,1.4098493944745307,False
0.96752046038419726,19,1.6026119818191884,True
0.55176361182711542,16,1.537497637793219,False
0.95365029593016348,18,1.6477873023323133,True
0.63296261025515876,19,1.5044382359743516,True
0.96224384641130944,19,1.5437407283083493,True
0.95264423024838207,19,1.5473906604954606,True
0.60046516946976913,17,1.5803043671588699,True
0.96183314909306361,18,1.6982758591258844,True
0.63012093523223589,20,1.5753822179775148,True
0.62350126223410363,20,1.4386162173108121,True
0.91686229796840746,30,1.4823189244835282,True
0.96508210868518818,18,1.6840240112366049,True
0.62985909974506427,20,1.4393868059491834,True
0.95988992304918896,18,1.4247282536172914,True
0.81135759816057085,26,1.4742302586691725,True
0.95983122066988091,18,1.651983578488867,True
0.71153101058254564,21,1.4819350083988778,True
0.95961692207576454,18,1.6892950283002732,True
0.96533597293774986,19,1.6132572446031674,True
0.69529197722403446,22,1.5214746292326453,True
0.62386047937390265,19,1.5622387272926683,True
0.95526376070693197,19,1.414312190705038,True
0.95943596229026407,19,1.5741254638183262,True
0.9501189354326357,17,1.6743426003940114,True
0.9289217859578881,29,1.6128074224794113,True
0.9537205530662346,19,1.3523574608789457,True
0.5951243197092988,18,1.4710646732417259,False
0.55072877050714053,19,1.4980856686395081,False
0.7025520740174962,22,1.5376783297498196,True
0.95792940544026206,19,1.5337683228185821,True
0.62096052550962533,19,1.4863826855519209,True
0.79640551965932327,25,1.531866483269126,True
0.95214726978361797,18,1.5523560490216559,True
0.71037195005646847,22,1.4334865693640189,True
0.60765604232731074,20,1.3356005520011724,True
0.95352324718624415,18,1.6335544052510709,True
0.95457397498163687,18,1.6168256239675607,True
0.95983282671807257,19,1.4754315219952483,True
0.95652069072212365,18,1.4012233113903556,True
0.51073712215037992,17,1.2473592208961675,False
0.89709945529664969,28,1.5498190509616681,True
0.73945621129193551,22,1.4734731520603024,True
0.63059059551610852,21,1.5964914269629844,True
0.55008101816801669,18,1.3906767020020223,True
0.95674709737690011,18,1.3850185535612658,True
0.96596657486587734,19,1.5962913237502814,True
0.95773626274908807,18,1.6681466251864003,True
0.96669216747477071,19,1.6614407731578524,True
0.96439377172861451,19,1.6543133433473154,True
0.49822386529304852,17,1.4492357457936496,False
0.55062218776131577,17,1.5257630066275543,True
0.95406264385254258,18,1.6523011884746794,True
0.6428046009340338,20,1.5256233334215494,True
0.57319632746605953,17,1.4603040202401758,False
0.96550572931067569,18,1.5482674988158838,True
0.95015506725177867,18,1.403780218027175,True
0.96724876933773585,19,1.5710901565018156,True
0.6541019705828105,20,1.377711773775546,True
0.96144637892164353,19,1.6701055974701216,True
0.59722190406817366,19,1.5826900521340368,True
0.58316380982840577,19,1.4165899063225678,True
0.57679427385502913,17,1.4548315008455595,True
0.52272494490523835,16,1.4501186913215678,False
0.78310300122357157,25,1.4685751098591968,True
0.95503187097163789,18,1.605158291402262,True
0.9115016133204592,29,1.5867978241384419,True
0.95373708709355387,22,1.595132064783912,True
0.63412751889933183,20,1.4851576685592003,True
0.57068290003654654,17,1.5254685280044464,True
0.62976420631707453,20,1.3782586643631412,True
0.95882588584305217,18,1.6469331144467272,True
0.96053472262734718,18,1.6411955740635058,True
0.95197380369929696,18,1.6280979869958103,True
0.88350528268454842,27,1.6702485161347467,True
0.56896247871309358,18,1.1614069316740978,False
0.96502908151663813,19,1.637611227100801,True
0.93501232101402931,29,1.4014784037396919,True
0.523181643021982,18,1.45035475635128,False
0.9550720012538565,18,1.6576434376094147,True
0.95223358078982878,19,1.6610308278254025,True
0.95386653999681459,18,1.6432230481525267,True
0.96261849629792251,19,1.6374321650740524,True
0.9548690175605351,18,1.6079169601489216,True
0.95124124438170032,18,1.6385924791166633,True
0.96281380001652339,18,1.5577000505777798,True
0.59965629497627415,19,1.5382524914554843,True
0.95967975761645186,19,1.5004128303729192,True
0.71797200692541197,21,1.5410653391203384,True
0.82526904572390958,25,1.483549435668883,True
0.9596996456307646,19,1.651668104564209,True
0.62626259053691202,17,1.1209918409832438,False
0.95948321884608068,19,1.6514556608013571,True
0.65544140474988211,19,1.6084440042112667,True
0.96379548297800399,19,1.5991216104266193,True
0.70386698751514498,22,1.6450583137204133,True
0.96173847635416909,17,1.4184693650940632,True
0.95751445118100542,18,1.596006955468622,True
0.96239448021398455,18,1.5940266828348892,True
0.59260173288574869,17,1.4860948837986359,True
0.59006661366833424,20,1.4704187526441799,True
0.96015956196383667,21,1.4233888668066352,True
0.95923664535860509,19,1.5620583689095184,True
0.95178739552024461,18,1.3863738300589736,True
0.96646279699446758,20,1.5713428652811738,True
0.96191731113367629,18,1.677652393196587,True
0.5742578908574032,17,1.4832478703819991,False
0.50232230745333617,17,1.3899470855477092,False
0.56043853312239023,17,1.5291733502961382,False
0.95440994741691632,19,1.4769301947625131,True
0.95753626019889138,18,1.4521905600779621,True
0.92010112063240201,30,1.4854901143093631,True
0.6982159145568253,23,1.5154226475030843,True
0.96190407065534711,18,1.6497010627310229,True
0.96001558295232337,19,1.6392542872346809,True
0.95384741544824347,18,1.5534728227097629,True
0.61603960145563808,19,1.3179980469432293,True
0.61281159858085699,19,1.552365123321291,True
0.50314004945501301,19,1.3511850008267232,False
0.95146877099705307,17,1.6271860398285745,True
0.57837234985347219,18,1.6096183135273425,True
0.70995645458930634,23,1.4349404675249859,True
0.54876096473249536,19,1.4730609451305758,False
0.61057576800117241,20,1.4226339768906253,True
0.89680955468825596,28,1.2443880645077317,True
0.6275342916403186,19,1.5757771590523615,True
0.96325740813061345,18,1.6705292865344123,True
0.96014807081855202,19,1.5599655945857447,True
0.9632608592858305,19,1.5979082282526598,True
0.95219412460454367,19,1.4625827646481329,True
0.59918994965472727,20,1.4535841689520601,True
0.95477453109590227,19,1.4818028137485808,True
0.53405839715984216,17,1.357361600932278,False
0.9637906140206437,19,1.4801866472833947,True
0.69191274841545236,20,1.4709048333906749,True
0.6390858350978762,21,1.4335663969232355,True
0.95642409069996903,18,1.6291326412335336,True
0.95996771270734615,18,1.6175160825853014,True
0.62662997943235255,19,1.5509946778889729,True
0.65743284038707983,21,1.4189164052158765,True
0.95706170547465363,19,1.5362016533403,True
0.77249145436125188,24,1.3853535053080857,True
0.95659893674150343,19,1.5920463426418592,True
0.58944072526250968,18,1.4405009438480185,True
0.51055711460396069,18,1.462908207860298,False
0.96159767328860701,20,1.4488770615981486,True
0.95365927195105882,20,1.4478103615218003,True
0.87244616959699006,27,1.6364818177831597,True
0.595772692601239,20,1.3832287197275492,False
0.6063437105584556,19,1.2465163698643185,False
0.534355530384507,18,1.3447014897995186,False
0.90483254501403776,28,1.5197558838519196,True
0.9578155037438485,19,1.6266582815826243,True
0.95882021945749885,17,1.6352516863637023,True
0.96296321668979223,19,1.5865365528086364,True
0.62830677365462839,20,1.3923812197181822,False
0.96319176833387654,19,1.5957501394130187,True
0.75087597256091454,22,1.6112095600063359,True
0.88979405088451913,28,1.6428800836803907,True
0.96168643045739843,20,1.4635795423020155,True
0.96971064599928214,20,1.5830771929662992,True
0.95143139792182074,17,1.60235153863142,True
0.50519750931649365,17,1.4526551318664069,False
0.96420820317110301,19,1.6458841606426622,True
0.86505206889230757,28,1.573464319305121,True
0.52921443424314163,17,1.5348703404269304,False
0.96010212149178431,19,1.5101008893083496,True
0.95862266848206279,19,1.6021364874947901,True
0.56235954237436336,20,1.3661962162086303,False
0.50873074829719078,18,1.500770617342204,False
0.96715279564677459,19,1.6442972186734954,True
0.95136849128899692,18,1.6220056414232342,True
0.96022156364130407,19,1.3661844322028185,True
0.68051309142773642,21,1.2927800569750161,True
0.61343551572193,18,1.6503551047550165,True
0.96033865682395358,18,1.5382310551825706,True
0.6276643733135906,19,1.5979318698170624,False
0.62360426304280003,17,1.3098247171061919,False
0.9585776042616756,19,1.5966876012997961,True
0.54091050762761417,18,1.2717479104235969,False
0.95950135792724744,19,1.6777938554781744,True
0.61267621948109119,18,1.3206962936227726,True
0.95827258372693236,18,1.462233783887499,True
0.95691752247567807,18,1.6948531992826124,True
0.87652213664013401,28,1.5967069809423082,True
0.96211971733809953,18,1.5767040163894217,True
0.56366316056118992,20,1.3579583233122985,False
0.9558204993214241,18,1.6536280245943509,True
0.59009285218765584,20,1.4570345110369192,True
0.55912400014295593,19,1.4567752030018313,False
0.93348810688732475,30,1.6465519019724721,True
0.95739653441492978,19,1.5666338815701826,True
0.57085197618148376,19,1.283305112060297,False
0.95221095184532001,17,1.5420927897154795,True
0.95007247376226922,17,1.6844431092665944,True
0.91230133984313677,28,1.5878666431015147,True
0.95895932568974596,18,1.6664873516992242,True
0.965755118786779,19,1.3934378502683318,True
0.95758832991710563,18,1.6364551628626676,True
0.9578774602160357,20,1.4491687253583689,True
0.54707966956747012,19,1.6029033866310578,True
0.96094409450963558,19,1.4668209896707254,True
0.96346219432163105,18,1.4988313142755598,True
0.66686408906224404,21,1.5791401818840058,True
0.96447133503644777,19,1.6242323153185627,True
0.95363353634115711,20,1.6154751619711214,True
0.95690275759522647,19,1.6600345843648145,True
0.50063450029893786,17,0.91282700880084533,False
0.96327606743986305,19,1.4879183177793911,True
0.96266590345258274,20,1.5801541606665577,True
0.95941204051432261,19,1.6775463764677012,True
0.60052838048558066,19,1.5708747734295589,False
0.96888486485412428,19,1.5761387827025475,True
0.9594497697287937,18,1.6729811781597097,True
0.96424618271075047,20,1.4536454139726809,True
0.50046233385930428,19,1.2641153870772066,False
0.54699430554915718,18,1.4182223061436148,False
0.9510830227242838,19,1.6166762261703764,True
0.96096507602090975,18,1.6523043114509557,True
0.95818455184988927,20,1.481683645144114,True
0.83714598794723571,25,1.6941362111559748,True
0.95651717168776262,19,1.5349118811990277,True
0.9574577663080035,18,1.6670449324698002,True
0.68460988173449311,21,1.5627481741135651,True
0.50034376667401503,18,1.1803665008780106,False
0.95686904414378293,20,1.6764297593610622,True
0.92436397213890764,30,1.5465594193203498,True
0.96364317265658805,18,1.6638247814599141,True
0.95729848320146427,18,1.6439104994252609,True
0.96030804688062132,19,1.6523419857584536,True
0.95208901346216301,17,1.5650388816224348,True
0.71738169525877449,21,1.5618030399352856,True
0.72705507298349903,21,1.6333221062309737,True
0.70152114011924338,22,1.3031705541864609,True
0.95455975541719373,18,1.5133636374195192,True
0.55417640782747535,16,1.3379311428695559,False
0.5750161820256513,17,1.5050911789282948,False
0.95473070119202585,20,1.442891223324217,True
0.6374371793434862,20,1.5973823047027167,True
0.9628765831907069,19,1.641870822395358,True
0.9645421817802271,21,1.2577715916665673,True
0.95932609111357259,18,1.6260688158832903,True
0.6048548507861079,19,1.3483353853000146,False
0.5609243767319414,18,1.2139971381984034,False
0.68007957480918402,20,1.5018257831818613,True
0.95557935680925399,19,1.4966662277625677,True
0.91404169097508248,27,1.6800133452750461,True
0.95655952662862276,18,1.4642182579771343,True
0.4772157191501345,17,1.451048989891947,False
0.93077908562471157,30,1.5539217082345307,True
0.96427688909262277,19,1.6455218725135654,True
0.95428432923751749,19,1.5532057628097176,True
0.96213710577937306,19,1.6359181582865467,True
0.95937876949024881,19,1.5832884459869265,True
0.70200399454459539,22,1.4257962119304386,True
0.95588692595738955,20,1.6096578477375612,True
0.5385244377772378,17,1.5121906592033008,False
0.81820219266110006,25,1.7085067989808036,True
0.66522257285914288,19,1.3830340353832986,True
0.95970496363420554,19,1.57764539533119,True
0.85281276826930652,27,1.3984146099787651,True
0.58860368426846077,18,1.5436421309316097,True
0.90017660218560691,28,1.6910492343577599,True
0.95374944872155276,18,1.5958880210561845,True
0.95324366866641719,18,1.609275194380327,True
0.57048982005211013,18,1.4977761068686539,True
0.53250655311074646,17,1.4118917982410331,False
0.96346953987746287,18,1.6631005442818241,True
0.51540057759447033,16,1.4373229564641943,False
0.95513753857522132,18,1.5742903699384878,True
0.95389885086443971,19,1.459723028203336,True
0.87540233523319233,27,1.4565361194753614,True
0.54118802600899274,18,1.1287669436361001,False
0.86397369947076286,27,1.5059308966467557,True
0.53851283227207436,17,1.3662784529358007,False
0.95737580217118401,18,1.6230900652290361,True
0.57991751480051734,19,1.4147207012042058,True
0.83590459281265383,26,1.5356572045048766,True
0.95362385173663411,20,1.5704724935669765,True
0.95455935812020098,19,1.5580927851128601,True
0.69842739770037177,20,1.5550105860544492,True
0.95075048360389058,19,1.4340174662956113,True
0.96404824381365684,19,1.568471866117273,True
0.60019228963480509,17,1.1468890924678077,False
0.96848843578039034,18,1.5657383463696444,True
0.95558691542791807,19,1.4839972404444921,True
0.53174667468142645,20,1.3488393346299992,False
0.52354540393902604,17,1.5232193903704561,True
0.50547036088318087,18,1.3379168510217434,False
0.58054508696771734,18,1.5498692907545657,True
0.95003189860641335,21,1.4541794306994626,True
0.57542775087308529,17,1.1816346952894741,False
0.5895639257480858,18,1.550761471161519,True
0.95821396264093384,19,1.6077255648039637,True
0.95827616545501837,18,1.5789941117997996,True
0.65691017649490202,19,1.4374878042730797,True
0.57152498788894524,17,1.609441581365993,False
0.95491783339292891,17,1.6594322656122475,True
0.95704544274241388,20,1.4890717720486346,True
0.95468403075728459,19,1.365676279078929,True
0.71783608208892091,22,1.5587154573222812,True
0.61243586259568195,19,1.3902400898636404,True
0.95457628637852066,19,1.5071909792259368,True
0.95032464667726524,18,1.5741323343404641,True
0.95540712387247051,18,1.6485810449609273,True
0.95129401066312391,19,1.593322857264629,True
0.87004984922048489,27,1.5933663603467554,True
0.96986273563845993,19,1.391140485269952,True
0.95843435955478351,18,1.353705525372962,True
0.95401041438608436,17,1.6648032779186752,True
0.63084107272622325,18,1.4099754505581246,True
0.56465016322024464,17,1.5062833335103341,False
0.95137970307310415,19,1.5529643788632406,True
0.95013516019634248,19,1.5494173045657877,True
0.55797888377538407,18,1.5172465004841154,False
0.8922231805739278,28,1.5937960957553703,True
0.95793020619447911,19,1.5453157079560877,True
0.86176179716602941,26,1.6396053416945415,True
0.95185497756617343,18,1.6638976914825792,True
0.95034801306399297,17,1.6303176981395526,True
0.96160254406300938,18,1.6365175522243349,True
0.96292276970867696,19,1.5856541973347356,True
0.64772787242420349,19,1.4692271557976115,True
0.95461367106781159,18,1.6132910863381775,True
0.9602717338398713,18,1.6261340617985456,True
0.96315105558487191,19,1.5207452222915117,True
0.95898415533072645,19,1.5481414158432436,True
0.95655217575061091,21,1.3454742332821377,True
0.46104064240262771,18,1.3965161339127965,False
0.95958886202913396,19,1.6705680526045132,True
0.45337244288774947,18,1.2303614538643,False
0.95403576843430704,20,1.5604794114933425,True
0.58948346157840437,18,1.6394045308136125,True
0.59824339864074971,19,1.4385162414317869,False
0.57670913772263932,19,1.3823167829218774,False
0.63348022349618516,20,1.4873921492776141,False
0.6159283771327847,19,1.5271642143475108,True
0.59373975617808994,18,1.5321660136110409,True
0.69236621450129732,20,1.6743665619619716,True
0.63353200474416904,20,1.6213305714546133,True
0.71042381025063484,22,1.5295448767980793,True
0.95706485522908691,19,1.5875562816486322,True
0.72187883961821009,22,1.503913831148658,True
0.95438537845389426,18,1.6300713572159424,True
0.95477437352127781,18,1.5994534112582304,True
0.60712183250284235,18,1.2074790196567544,False
0.9565672472054767,18,1.5431916471737557,True
0.63628004745009548,19,1.5607386055876706,True
0.95535095294577976,18,1.6240058928135799,True
0.56725416874435408,18,1.3896741622219622,False
0.79345599665177158,23,1.6273871632925569,True
0.59968249791716421,18,1.642708536928964,True
0.96050975602845512,18,1.4152097920618942,True
0.95233332718921948,17,1.6271526114921235,True
0.95264387788416427,18,1.5872797918357711,True
0.83245108464845252,25,1.4667493936090987,True
0.96793520746758466,19,1.6161866350863814,True
0.95528598797353625,20,1.5864722745011171,True
0.95364629406080048,18,1.5798399293609799,True
0.80111172410774123,24,1.6482915042142057,True
0.77639180140939323,23,1.6406394606457602,True
0.56502598796403036,18,1.3763037243942853,True
0.71791067488962224,22,1.3227772627091183,True
0.95727386526932745,19,1.592447171681971,True
0.95757406906377751,18,1.656760973514132,True
0.96100365667276311,18,1.6052796382955146,True
0.96331336162066672,18,1.6500546797271245,True
0.57197079894658309,21,1.3818040627103867,False
0.56198106450241914,17,1.3442183162651551,True
0.68108353092506801,20,1.4629181837503011,True
0.56466080208191582,18,1.5586014061239435,False
0.95910190822317354,19,1.665624555569176,True
0.95589950285317482,19,1.6780226706434398,True
0.956119887743342,18,1.6372540604322312,True
0.96321953968235496,20,1.5014353468387733,True
0.96289566853827058,19,1.5856986554860941,True
0.74709430566273249,23,1.425375936667733,True
0.96653064462952853,19,1.6187231425242099,True
0.70117058387146047,21,1.5408963260096944,True
0.81303519089865106,24,1.6138115784911571,True
0.57412090064362598,17,1.3924371651933989,False
0.95448003579956653,19,1.4850521458922938,True
0.95169699902104299,20,1.6488399658582746,True
0.97102820698787107,19,1.6343481661689232,True
0.60179618002682522,20,1.4596794075864106,True
0.57507571695390325,17,1.4466129462578607,False
0.95225579129275328,19,1.4828361048551733,True
0.95351065197662577,20,1.549537718980543,True
0.95350002112445853,20,1.4168375166399418,True
0.96548283451819494,20,1.4484109073616951,True
0.95677600812702512,19,1.5647624536720366,True
0.95740238557687474,18,1.685168241272635,True
0.56332851908722481,17,1.5409801020412301,False
0.60678471454541782,20,1.4474483275913772,False
0.58276305616731339,18,1.4836854249489959,False
0.96413307447542473,18,1.6800152182497543,True
0.87935359909460764,28,1.6167330916573981,True
0.74070284065343595,23,1.6276607219340122,True
0.9542066810246006,18,1.6021851401798026,True
0.5859652133686184,20,1.4844682456949443,False
0.56555470634707872,18,1.3265720145842548,False
0.95113563707565474,18,1.5626194338350576,True
0.96408211273623723,18,1.6222129219268155,True
0.96048537589617566,19,1.5998615143288024,True
0.96055811945635539,18,1.5938099139972559,True
0.96193238480513676,19,1.620013683086861,True
0.95622343909600582,18,1.5988182989307265,True
0.69072265464020577,21,1.5738949120662766,True
0.56452395436622427,18,1.4638137209239943,False
0.95465232350480467,19,1.5609460576834093,True
0.95179507118131523,19,1.3984574922146982,True
0.95026711888408022,18,1.6700253444545845,True
0.70163853314086411,21,1.6168756809136497,True
0.54600069719246047,18,1.4522964246778705,False
0.95523918441623712,19,1.5350592719169986,True
0.85481769997042301,26,1.4440090629858147,True
0.62361091440483463,20,1.3912845688617321,False
0.96157537295331164,19,1.5885680381266487,True
0.96358017883801894,19,1.6438744617879097,True
0.58874454113316177,19,1.6515466639725231,True
0.49204189702069479,16,1.3871690762225792,False
0.5445915637985469,16,1.1980697305338306,False
0.82714404073456282,26,1.4668032916331595,True
0.96467230253238556,19,1.5423934853228936,True
0.56507766367939927,18,1.5357357132945104,False
0.63424736565768214,19,1.537759745709768,True
0.82887245293953538,25,1.5610440414866589,True
0.95780148965229905,18,1.6197344135197571,True
0.95787006888155868,19,1.639895020703763,True
0.9509868226621907,21,1.6102558096777815,True
0.62197129289223607,18,1.5177656496980392,True
0.49857446364785413,18,1.4965901383889013,False
0.95603424543293747,18,1.5514508813007268,True
0.6604353316278021,20,1.5288903897295865,True
0.9618055730002637,19,1.5569205337790457,True
0.53508320074243632,19,1.4085161953450731,False
0.90535060682520252,29,1.5994122887666471,True
0.82374479490025643,25,1.6185861032692486,True
0.64539469118337189,21,1.5621640658448162,True
0.55438036874962837,16,1.4794160238458147,False
0.96317238797714122,19,1.3915624489725624,True
0.95728916135553055,18,1.695594591103436,True
0.81677934503617799,25,1.6148188108419803,True
0.56178097003616956,18,1.304024216562039,False
0.95053356757924945,19,1.5822580678213993,True
0.96008013957652294,19,1.580700473494659,True
0.96247320483994792,18,1.6593614557211263,True
0.86365526501344692,25,1.6584058760222449,True
0.9504827303192428,18,1.5990071279602207,True
0.89978465108517547,27,1.506908812234252,True
0.95239691082625988,18,1.6809352067972723,True
0.82647836998319701,26,1.5932111064403121,True
0.54238882035970071,18,1.4523853732941339,True
0.95224250855906101,21,1.5760657536512608,True
0.84946635871577625,28,1.4668386405077485,True
0.95292725490161567,18,1.6586166693902258,True
0.56057480314835706,19,1.2929779071507785,False
0.82107265396243079,26,1.5471415584227846,True
0.96304433776208709,19,1.5399145762287403,True
0.62262500322369818,19,1.3459951477911687,False
0.95133368106985661,18,1.6886551228510194,True
0.95327854402092871,19,1.6465242179253292,True
0.96544716140354248,20,1.5977682974927592,True
0.96233713102901941,19,1.5361186155038975,True
0.53534736702491725,18,1.3941522310817118,False
0.51040523253313741,17,1.406490892982994,False
0.95030384925116829,17,1.2789453179877837,True
0.96129812618275157,17,1.3999734140191353,True
0.62160248952606811,18,1.5320083879226138,True
0.64579180377050438,20,1.5884319523248085,True
0.95609609610431245,18,1.6828241936765109,True
0.4887983407703923,18,1.0839020591764297,False
0.72544153729237471,23,1.4069737911102438,True
0.96134186450795511,18,1.6547131236103898,True
0.95094859821240041,17,1.6750667337143905,True
0.95084228186349251,18,1.6440104019984962,True
0.53464506323920791,16,1.2859744751678113,False
0.95343123971999222,19,1.5130890033953737,True
0.96111095252048984,18,1.6111703968213682,True
0.78332563114847698,24,1.6019394594883696,True
0.50212871271713877,17,1.5013118602054074,False
0.58528512339355543,20,1.4105769310703111,True
0.5451845379277459,19,1.2931082519359394,True
0.95482718135630262,19,1.3042335438198553,True
0.95945332876764433,18,1.5111546772736286,True
0.950173366217681,17,1.6688128536538185,True
0.95369314558379048,18,1.6194396215331572,True
0.95341290707779536,19,1.5660348230147416,True
0.55316500470757068,17,1.4670619919858281,False
0.70650392665283657,21,1.338402776044094,True
0.5339596114357843,18,1.3219132738588686,False
0.96521660099537021,18,1.6593971203600177,True
0.95153896858949405,26,1.5723578172958588,True
0.56122719765845508,19,1.339673046317621,True
0.95708191763748018,19,1.5516567063753488,True
0.95229546250696706,18,1.6223751309375058,True
0.95168034418593006,18,1.4527457288680763,True
0.96498953665026332,19,1.5450324172300349,True
0.91588726984575841,29,1.5443529996617238,True
0.95188907156127145,18,1.5952699393992318,True
0.90462946059211957,29,1.5879937885524424,True
0.95784111387972681,18,1.6655743437351798,True
0.548220598242534,17,1.4677717707558959,False
0.96006109361807079,18,1.6848751030146651,True
0.7851391141375772,26,1.5136349794894408,True
0.56136504607968796,19,1.3224777560233376,False
0.95457063530766695,22,1.3443861498196545,True
0.88762208430601963,29,1.5271468636532965,True
0.50328003353844242,19,1.3831971627698052,False
0.6437889968335031,20,1.3451520311792007,False
0.96684296210667209,19,1.4527495233931498,True
0.56952969483472848,19,1.3949215960711852,False
0.95995731679698404,19,1.5373195646729056,True
0.60254215395885102,20,1.5223945296970092,True
0.56404846665054209,17,1.4513229659737223,False
0.96528464400429048,20,1.5962344415503364,True
0.9579082349545136,17,1.6343508614348021,True
0.72579547285507395,22,1.5205897744212589,True
0.96464030901960252,18,1.6856795174643366,True
0.54465781529906565,18,1.3767319566594913,False
0.95984002703692628,19,1.6605196643556281,True
0.95707355997730637,20,1.6182493305001298,True
0.96179586081104751,19,1.5752692767249707,True
0.76634750121412687,24,1.4741826865438059,True
0.64204005740784109,20,1.4591563711004829,True
0.6800507763872401,21,1.6466189202635881,True
0.95525191826911671,18,1.659869692528158,True
0.54569172277744082,16,1.5161013599777586,False
0.95966338231919823,19,1.638024666264682,True
0.57555233171353859,20,1.4778813083986155,True
0.96398026281593152,19,1.6223129193786974,True
0.57221239797998946,19,1.5536416890865048,True
0.95129860400797783,18,1.682198909211404,True
0.52681799825797304,19,1.149381917094469,False
0.81455113693394376,25,1.5126406392570364,True
0.52964185230419425,17,1.6057236671278527,False
0.95105700520349412,18,1.5948673168843523,True
0.95160899769951957,18,1.6037219844731339,True
0.60687737018750521,18,1.6273950653503044,True
0.50824166570371054,17,1.5320775389790189,False
0.96295869066148287,19,1.631088642000148,True
0.65766261289932515,22,1.5320852317731755,True
0.96179722710533522,19,1.6855848086580481,True
0.87086569565090555,27,1.5485756767372127,True
0.9576720776535268,19,1.4515287207539729,True
0.95306836703977893,19,1.5735548307113163,True
0.66191484832381742,20,1.5603548041635604,True
0.57828327810253211,19,1.4358066342607578,False
0.96004523718097745,18,1.5819040217972609,True
0.88598867429074513,29,1.5343346221345926,True
0.95329405412823343,19,1.5970920323445852,True
0.56696619702456053,18,1.4311212342153383,True
0.9555821584048475,18,1.5706032820954126,True
0.60680519831548929,18,1.3745945707825209,False
0.96306175534624272,18,1.6407807923388178,True
0.96282839887880789,21,1.527455811788853,True
0.70450995884074208,22,1.5228996861099202,True
0.59015058194040382,18,1.4343771734130222,False
0.56078915732178924,17,1.2766100711465036,False
0.59065183497714979,18,1.441914072115859,True
0.95344160261720079,18,1.6740184259871165,True
0.96069116008323863,19,1.5947603746751418,True
0.60569393798146487,18,1.5322806733332135,True
0.95042767114796911,17,1.5945128017398151,True
0.9637075133149684,19,1.6146984713664516,True
0.78965958959679572,23,1.5817250520025652,True
0.67211193520055734,21,1.6171060595253408,True
0.64166968478396991,21,1.3513333957210105,True
0.96359287579862252,19,1.5626512851794927,True
0.9568834952187234,19,1.5094210983625651,True
0.95226132319800538,18,1.6180211781470013,True
0.46978647673589813,19,1.3816788653668124,False
0.50970453736931398,18,1.4047622562842714,False
0.65902930856879449,19,1.5380260338909491,True
0.95185841395285309,18,1.5446122836614242,True
0.53781752137865635,17,0.80875746563110895,False
0.5187172933327876,16,1.4392000919185384,False
0.57353915014604007,18,1.4175928056814833,True
0.60984203060459574,20,1.4930489832522726,True
0.95578140545173262,18,1.6228227485717024,True
0.49966572714317026,19,1.44744298487684,False
0.56504733220683001,18,1.4012579833320897,False
0.96479298234239985,20,1.3708181447763352,True
0.95876668237959262,19,1.4809994025364051,True
0.55912652564633558,18,1.4622638224890021,False
0.80452240955726928,26,1.3829202282400221,True
0.68151912949179039,22,1.568970832680753,True
0.95170794183294605,18,1.5800324470174416,True
0.95102496709158213,18,1.5943625900137977,True
0.95995425645676458,21,1.3718475071279228,True
0.58275137541002164,19,1.3492964677196806,False
0.96004811129319434,19,1.5510332530556787,True
0.95843421816862973,18,1.6641554967133838,True
0.79475722585033548,26,1.326329229811303,True
0.9534172170031856,19,1.579713659556536,True
0.5942637893447994,20,1.5186001836536542,True
0.59901616149612891,17,1.41793679448534,False
0.55387455830688315,18,1.3908123910815744,False
0.59140645354037902,18,1.4731315032719741,False
0.53259569727973433,18,1.465862999489326,False
0.95751864075759618,21,1.3768104303476563,True
0.96385160402848435,19,1.5617808728806899,True
0.95726874718864807,20,1.5358520341968045,True
0.59577157963634986,18,1.5504064630079948,False
0.96317797612590417,18,1.6983936332945395,True
0.95215625342808341,17,1.7113236823798519,True
0.8870900495833246,29,1.4192331648325498,True
0.95345369090118548,18,1.5571231308966591,True
0.69353744565754272,21,1.6279311386185451,True
0.96376464079017565,20,1.5453625009679219,True
0.95407636942464058,19,1.5205502515806437,True
0.56587063225766421,18,1.3766993839001369,False
0.95159692481799574,18,1.6098736076409961,True
0.96033653837744282,18,1.6279073100253512,True
0.56859080075056301,18,1.4279019471101808,False
0.55683982851022895,18,1.5551354835439577,False
0.76630896513015268,23,1.4970135251448318,True
0.57904911384041347,19,1.3099789971389006,False
0.96550557947894755,21,1.3906685337994313,True
0.96517706325280483,20,1.5498531414882462,True
0.84344103422473438,25,1.6055818392461432,True
0.9614850409059279,19,1.4352196043143401,True
0.95444011619298175,18,1.6438673219062625,True
0.95326911572572892,21,1.4779333756863673,True
0.96076307508145153,19,1.5870265635788043,True
0.95245244004558127,19,1.4001691950894577,True
0.96406753476083318,19,1.6514239057882352,True
0.58000420393338092,19,1.4417699887237034,False
0.60821844215242127,18,1.4910437416750928,True
0.95219123261885652,17,1.6574210145887915,True
0.96381392855217229,20,1.5416583346270212,True
0.95250466415497925,19,1.4311770968539084,True
0.95359216243643952,18,1.645460203395291,True
0.95341691630519976,19,1.5330157461256246,True
0.60735899946653604,17,1.2948473971699956,False
0.5775192506707757,17,1.5012995576278112,False
0.57646877152814879,18,1.4927856607737646,False
0.56057824073961804,18,1.5267502254613337,False
0.94945978317616186,31,1.4255966676759562,True
0.95994836894477686,18,1.6682954194002271,True
0.96375448303776512,18,1.6450771366355557,True
0.95963996414642116,19,1.6520530530410704,True
0.55777403750296084,18,1.3646615832353577,False
0.79008238400220909,24,1.4959591996056676,True
0.58186053472913357,18,1.470992284243128,False
0.76886954142249309,24,1.4023285665156713,True
0.71348895178817384,21,1.6186278124780351,True
0.95093993610357352,19,1.4957795315728686,True
0.96090856632243027,20,1.5381704684795614,True
0.54139554718337601,19,1.4593012300909673,False
0.70363075541741915,21,1.511191501166169,True
0.96208785096279514,19,1.4930740872604675,True
0.96277517374209298,19,1.2661173472304601,True
0.95845063625610383,18,1.6887117467317105,True
0.96002773737474434,19,1.5950640504855118,True
0.95754035820401096,19,1.5942451517085494,True
0.8482985661609096,27,1.6002454460216717,True
0.95666213974017755,19,1.5828559624132683,True
0.78339874742390425,24,1.49755727355562,True
0.57196953108036663,19,1.2788772311801517,False
0.95403537608320854,17,1.5185175680489702,True
0.95223792250238293,19,1.4060742906592527,True
0.9506408843967542,18,1.6483204541695229,True
0.95422526251985762,17,1.6326682548430287,True
0.54272464278052612,18,1.4849945363468944,False
0.9644984706779286,19,1.6829668531394588,True
0.96360639898888656,18,1.6824633894614569,True
0.96158948712688586,19,1.590193043191279,True
0.95752897558591932,18,1.585368330004431,True
0.95808894439408177,18,1.6802311316879961,True
0.60301229364176445,19,1.5235216949049002,True
0.95487074556212781,19,1.5824631539220593,True
0.95634611347766774,18,1.6753707868965628,True
0.58728676986363848,18,1.368090566046275,False
0.95626967248632555,20,1.4632068787889734,True
0.96297414576912144,18,1.5478337138430289,True
0.9507377787721174,19,1.5550379939161649,True
0.95201722386141996,20,1.6622543058593107,True
0.65322737009028975,20,1.4511498699832788,True
0.96110952497948898,19,1.4153877004084787,True
0.57446719265759894,19,1.3456541283879808,False
0.95114415665297591,18,1.5005726567868805,True
0.55840527396180462,18,1.3354730924650493,False
0.95883200451416717,19,1.5372835274170926,True
0.95965247119118025,18,1.5629794264209793,True
0.60163207214939429,18,1.5496253253022667,True
0.70495111666765997,23,1.6324361957782829,True
0.95949301435619549,20,1.3574126300255973,True
0.60810066816315655,19,1.5086854666983496,True
0.62650886414931628,18,1.4367408960161707,True
0.95117320524441573,17,1.6270161414916688,True
0.92519603858178678,30,1.4723211056414842,True
0.63842309818249454,19,1.59999407940806,True
0.95676448506213962,19,1.6150049958169101,True
0.96331892755061488,19,1.643021235529593,True
0.95767776024219642,18,1.5602701022318113,True
0.57761096624754937,18,1.4452107926841093,False
0.96614502248570511,19,1.5883796391777143,True
0.95533190845418137,18,1.6773983891313311,True
0.46616437012594969,17,1.0852281340140657,False
0.9623580608882899,19,1.6387923202295889,True
0.59217682825309192,18,1.4612707904447171,False
0.64416768284807391,20,1.5325733777774821,True
0.95336459590604161,17,1.6244509985283602,True
0.55868598673517167,18,1.4533130438397883,False
0.85103824849834453,27,1.5565304269115245,True
0.61053755494043782,19,1.3090244050842337,True
0.63053960545712429,21,1.4351412881116141,True
0.95899782572647552,18,1.6622603498466373,True
0.59029141804961649,19,1.4153779153540174,False
0.5274775233976019,19,1.3030085479560309,False
0.5771022358723954,19,1.3295059550284074,False
0.95720444946545025,18,1.6674621412283674,True
0.54413612233221609,20,1.4777342194681211,True
0.96051472540586225,18,1.6960725639515803,True
0.77760354882868676,22,1.6744871902751794,True
0.89880563958369297,28,1.4927080140351636,True
0.65666836161918918,20,1.3759837747356041,False
0.5862505830253516,18,1.4937582832965111,True
0.60611722790921807,18,1.4966876015217705,True
0.95696751611518405,20,1.5826299878986778,True
0.56102803015679037,17,1.369860113918389,False
0.96040277532610041,18,1.6570267993842667,True
0.95437625385492608,18,1.6621947938722021,True
0.95575924085334785,19,1.5984384658235904,True
0.69548081429817454,21,1.3882436242276284,False
0.95068848098199676,18,1.5160008723146916,True
0.825003826307111,26,1.4989679671873717,True
0.95891265499406175,18,1.4596613995490306,True
0.96105493352648563,19,1.5741213200756774,True
0.66208541781619346,21,1.574003977209681,True
0.95412786646248615,18,1.4709814141888766,True
0.84464694746500091,27,1.5347878980161289,True
0.53823214117096096,19,1.2633427721105905,False
0.95432966192741775,18,1.6998858534955259,True
0.61576324370140145,18,1.3564660248818625,True
0.95470138203430255,18,1.4285246765706676,True
0.73138518678249997,21,1.2755124365515982,False
0.96041008833541386,19,1.6398356163843462,True
0.55808699682795915,18,1.5409360981297071,True
0.96145525742183169,18,1.3817056154244958,True
0.74235003315767067,23,1.6669500777285198,True
0.85434612575374458,26,1.402801402635363,True
0.54607779273990908,18,1.2656568968149373,False
0.90114326580643389,29,1.6465158203264723,True
0.70053414572352957,21,1.5789177844252562,True
0.95225425594601254,21,1.4324369663571264,True
0.6834968308351308,22,1.5260620623474652,True
0.47428868206030861,17,1.218259096563608,False
0.63404275118045605,20,1.6141624645000368,True
0.96447270449447753,18,1.6813848279569634,True
0.52476355059059787,17,1.3347607249189168,False
0.49723183560197631,18,1.5575734418352021,True
0.95840982637591876,19,1.5934034064965807,True
0.95548204099531908,18,1.696595731484118,True
0.9555571346490539,18,1.4873789024278636,True
0.95463684294582007,18,1.683458334355328,True
0.58541086596421354,18,1.5852127146874999,False
0.56563666847666427,17,1.4570740572948391,False
0.49151298166437885,16,1.4029993364757469,False
0.96466950559379439,19,1.6426148693085212,True
0.9631829431427994,18,1.6357863928082916,True
0.57326148374007446,17,1.1053526865046261,False
0.95647460317373911,20,1.5033870698024789,True
0.68019137066265523,21,1.570117708989184,True
0.95676174560187699,18,1.5711096013497259,True
0.95184924549118077,18,1.5059417502188897,True
0.54586233961957797,18,1.4792242327400837,False
0.85257294153294683,27,1.6519684645625161,True
0.58460491807530979,18,1.6660215802534908,True
0.95493980006465884,18,1.5650005045371298,True
0.95583173415157507,20,1.5300570872893613,True
0.62415633419046479,21,1.3952385390790181,True
0.50817419488252658,18,1.5176570362025794,True
0.54689194276185027,19,1.3676539930182703,False
0.95646448580676746,18,1.6195291557194205,True
0.95559454771786478,18,1.6330529947988728,True
0.70886425809437859,23,1.4221581415734053,True
0.52461350364096482,17,1.5020253845373461,False
0.59339966838254521,18,1.5361422626827814,True
0.55923669059613035,18,1.2041979870452091,False
0.57053134915136672,18,1.3913385047918454,False
0.9507063586892347,19,1.5150394416397392,True
0.95347127600177528,18,1.6019762056681457,True
0.62032022453511459,19,1.4502826479965929,True
0.79152692071946484,24,1.5138375799765726,True
0.52066493986411655,17,1.3861706290857962,False
0.68551261396312446,21,1.6241557269506628,True
0.95406444421395131,18,1.6895839790223943,True
0.55603806676583623,19,1.4940725252016507,True
0.55999430657558136,18,1.5152816217444012,False
0.9527412501228063,19,1.4742072605315863,True
0.9636372577164698,19,1.6021279330295275,True
0.96095623339410718,19,1.5214590540060189,True
0.95387940679863392,18,1.6326267353347466,True
0.57381329014294846,17,1.5076047483566961,False
0.96353823393947824,18,1.6743143887952365,True
0.68340955811625759,22,1.3221663862594524,False
0.95009589409502693,18,1.4855731582008607,True
0.95415419646012811,19,1.5330010959396787,True
0.9627695785798015,18,1.5693364156856768,True
0.95329383060421413,17,1.6583518306721865,True
0.84246864814946887,27,1.6190548830825338,True
0.70879083598228632,21,1.4604623863339516,True
0.9547274605754078,17,1.6503396147612588,True
0.80810761458686575,25,1.6871846130626433,True
0.89606854334706976,28,1.6750839684737981,True
0.95233856733954392,17,1.6533613789545099,True
0.57440681858024889,17,1.6020279274879214,True
0.66213079190177282,20,1.5431281187706447,True
0.95008531652522454,23,1.4051468936326283,True
0.50519108581574423,18,1.4691398899274728,False
0.59399481446465741,17,1.6253659294011622,True
0.59739335288613316,19,1.3560901114023278,False
0.54664008444199552,18,1.4131011814407723,False
0.96151551651035472,19,1.5848976253485414,True
0.96329538551756477,19,1.5688098197116738,True
0.60818949178885406,18,1.519341545460446,True
0.95456297615602048,18,1.6719411937049784,True
0.95194181961343194,17,1.6258333352243814,True
0.91452186200769325,28,1.6477902058334388,True
0.96109668004386739,19,1.409350377926075,True
0.95394759208124735,19,1.5278424693230612,True
0.95692161690432154,19,1.5406499471176043,True
0.95878987541111549,19,1.4668319000585885,True
0.79218345200690943,26,1.5652392747077641,True
0.95424857298466692,17,1.6566485629184289,True
0.95635276473649222,18,1.6641968755918026,True
0.59619839757051585,19,1.448001282536395,True
0.46434736569349949,18,1.0576810827876952,False
0.49678558195271572,17,1.2997794579606203,False
0.9556507157253975,18,1.5323358909434861,True
0.95465297071602484,19,1.4770269186784715,True
0.59402789210333407,18,1.4873234437819642,True
0.95795008222820122,18,1.671631237436831,True
0.95440879703228632,19,1.6365167293121914,True
0.90792139589012144,29,1.5494500829776534,True
0.56767942782967062,18,1.2442952923067199,False
0.95055759570537379,21,1.6158634620685033,True
0.6326529521629618,18,1.5020947356440928,True
0.75374752595287442,24,1.5632084604229166,True
0.95922158496684162,18,1.7062673414725469,True
0.95953246155510785,19,1.6065737886387341,True
0.65799447872502403,20,1.5173552469156619,False
0.95916091187975816,19,1.5325034027270306,True
0.95924240864601606,20,1.4996889499695207,True
0.96004066276782241,18,1.5179058042281708,True
0.95692462823858915,18,1.6333012081231855,True
0.95657703712225628,18,1.617210859198918,True
0.95943968936301338,18,1.6645175427081382,True
0.53777468843518961,18,1.3096030540686909,False
0.7298012611791026,22,1.5739361968445325,True
0.88609030934398203,29,1.5545731190577945,True
0.62141197823638206,20,1.3245704553830111,False
0.95587304126369821,19,1.4022662333274012,True
0.59660795269606071,18,1.55687046038736,True
0.75100415000866561,23,1.5000603434067545,True
0.96356397135349936,20,1.5957371174542101,True
0.5691569076837647,18,1.4480342205725922,False
0.96855255542313534,19,1.4097899381676462,True
0.95124923567970288,19,1.5738587602513376,True
0.91655267775437022,29,1.3742305062944882,True
0.55870415175326227,17,1.3316807632463066,False
0.57184191808672635,19,1.3517279815387913,False
0.96222263929567908,18,1.6654886948821994,True
0.56464774774901916,17,1.2810552741019903,False
0.95080791519069519,18,1.5090687523447002,True
0.58577293572088263,17,1.1242981167803681,False
0.5341964248450356,18,1.3801984854905958,False
0.95135724692805401,18,1.6331975891205344,True
0.95949802770890302,19,1.6102810408651669,True
0.53027818777827052,17,1.557827627272494,False
0.95626912722238178,19,1.5047659405414113,True
0.95451489446543869,18,1.622111956266401,True
0.58535307384240354,18,1.4611369016984939,True
0.54103055612391981,17,1.4044553507355393,False
0.65491676192763715,18,1.5361424704304716,False
0.96041477453490898,18,1.668694050113172,True
0.95156837135019057,18,1.6274367960800047,True
0.49809383398556212,18,1.4861229325342891,False
0.95619186775885823,19,1.5748703859819655,True
0.95130270431455666,18,1.5169305373776585,True
0.87442593221332698,29,1.3097145956423066,True
0.50067581421726159,16,1.4217316477573501,False
0.96008727115645587,20,1.579634335397029,True
0.94875891198071116,31,1.5344183198301447,True
0.60701997725444168,17,1.3364169428340429,False
0.54228129786475132,17,1.2670321164531158,True
0.95383463287821413,21,1.521285916906332,True
0.95972190935698343,21,1.4122070232683497,True
0.95678788855041741,19,1.6000023073818381,True
0.95147844888837663,17,1.5730008750471451,True
0.84553740683456724,26,1.5401503395580542,True
0.9509337710338277,17,1.6714984858211159,True
0.63801192602859924,19,1.5759538824663697,True
0.95968570006007048,18,1.6544835590283309,True
0.60656501629185811,20,1.4935252076201868,False
0.95381218626626108,18,1.6191605035271575,True
0.48126453514173262,18,1.4269496215865594,False
0.9512972701757707,18,1.6293391691955232,True
0.96218109046834388,18,1.6107432988563737,True
0.57322339156511448,17,1.6037875384960081,True
0.96381013943252192,19,1.6230536269332732,True
0.52214927887656692,19,1.4504710572787962,False
0.95770334669711332,18,1.4901669968181352,True
0.5655326650379594,17,1.4860451713789773,False
0.95052033151601023,18,1.6317435805672544,True
0.74783892659770712,22,1.5242031257043853,True
0.95009123026951314,19,1.5132664921577954,True
0.95481801014374212,18,1.1946195737988301,True
0.95140925136824661,17,1.6472187985753075,True
0.56214703502215868,18,1.4873067851021338,False
0.95928939448630701,19,1.5205441971913096,True
0.9513315109152567,17,1.6690749737672756,True
0.66463245394629966,20,1.343340037363467,True
0.95485107473196018,18,1.6655890791166188,True
0.96134769150416732,18,1.6385514487317059,True
0.91088193934981909,29,1.6115402071623739,True
0.92314092851320662,30,1.6230988286809664,True
0.96068302390723248,19,1.6477383659731628,True
0.58075962198355635,18,1.4403547856722361,False
0.95921325310576722,19,1.6066687229023013,True
0.63557760998988488,18,1.2213357906620941,False
0.95436545161634989,19,1.5747152095269272,True
0.95585293506283286,20,1.5374294980844048,True
0.58597694170629189,18,1.4032270506318512,False
0.95492754170144745,18,1.6875328396274312,True
0.95806433718774753,19,1.5944755396026193,True
0.96527861673556703,19,1.5824563133287586,True
0.95554872225542609,18,1.5098130695602814,True
0.96327081452405305,18,1.6345903496586682,True
0.76809385143007691,25,1.4632893011732206,True
0.9595460172863356,18,1.6699510505136383,True
0.63923775903536295,20,1.5370948487756744,True
0.91826595072559725,29,1.4887115135192763,True
0.96712673240025682,18,1.685199389448597,True
0.55931361286081049,21,1.3711450801770475,False
0.53778620574260028,17,1.4063563791321003,False
0.96247956036690996,20,1.4853046995187653,True
0.86419340307357462,26,1.6261460904950371,True
0.96941299665454017,19,1.6504248781673185,True
0.95458662382186066,18,1.2876656954273711,True
0.95594933986430342,18,1.6062372793345923,True
0.57092277514358813,18,1.3088458873130369,False
0.79395774911896111,25,1.6432636845854955,True
0.92065059679686156,31,1.462148579064027,True
0.65337116920648342,20,1.612421102628014,True
0.56304830690716201,18,1.58091231085037,False
0.64203401431490392,19,1.477454453402578,True
0.9539399355855811,18,1.6614047095692279,True
0.70365949293521801,22,1.3081553092496412,False
0.55939822741473688,17,1.6031983270624663,False
0.96853813945930722,19,1.5934648596140792,True
0.72272854135623632,21,1.4597371416702802,True
0.95286465095873196,18,1.6360172461335205,True
0.87735852833718175,27,1.5890891965815839,True
0.96290807908174036,18,1.6271601382456939,True
0.8845617250829737,28,1.4357256051239233,True
0.56231605196628609,18,1.3887852813933359,False
0.9676568973317673,20,1.4512778248204297,True
0.95942932305155526,18,1.6740131376957819,True
0.95292885590229537,18,1.6652726561830558,True
0.55507912152301542,17,1.5580506058171146,True
0.96259924701265642,19,1.5267937343392239,True
0.96436944869094887,18,1.6892968478125696,True
0.52061634000137869,18,1.3732391428987178,False
0.56298884999914589,18,1.4724264195693886,False
0.65933321633511444,21,1.3692607521656097,True
0.58558147594616283,17,1.5518661850517117,False
0.95228566895090216,19,1.61834504748395,True
0.95467023198656753,20,1.5933468609237691,True
0.54764762738525063,19,1.478299181753906,False
0.58077671845435164,17,1.3587400252974482,False
0.95896959226452749,20,1.5220747559287955,True
0.95863704195471633,18,1.626442605663468,True
0.52375606829752563,18,1.5217566839623671,False
0.95231415094421845,21,1.437809794304107,True
0.95391654407116533,19,1.5000229715929101,True
0.87345704971710181,27,1.5359336300844508,True
0.54188009198677889,18,1.4033573305790694,False
0.90931353988350583,29,1.6465599179265307,True
0.65923598629032854,21,1.5525375571197486,True
0.71902006421417419,23,1.5351253259404893,True
0.95731617484962728,19,1.5271435762806151,True
0.95287153385209278,23,1.6264212166629044,True
0.96226457099760043,19,1.5338445903247782,True
0.5644105876045129,18,1.2642089191637955,False
0.82167658145690725,25,1.6638452093263081,True
0.64437992018324963,19,1.2120356395414407,False
0.95043639445008343,17,1.6634361424598654,True
0.95084672982151841,18,1.6213447799910923,True
0.9560437126380994,20,1.6305709373045274,True
0.95618863196005621,20,1.4935306317051749,True
0.60708920944863887,19,1.598474273737436,True
0.63742424417564192,21,1.1986046113016435,True
0.95294668195023036,18,1.5840879700724231,True
0.79331962057578342,24,1.6482563176404192,True
0.96327506956776288,19,1.5833912257625362,True
0.95495565984711739,18,1.6846699658927078,True
0.72490934562272669,23,1.5064096948440928,True
0.82164028323528182,24,1.5263285358343357,True
0.96097181625035388,18,1.6920426076275585,True
0.95332014274119015,19,1.5870721883697545,True
0.96179301731439359,19,1.6502197114106953,True
0.95601445593780665,19,1.5788746531722324,True
0.95641184235446874,19,1.4075518601322432,True
0.96615381523032251,19,1.5195511683107956,True
0.86785744323205072,28,1.5533217452501762,True
0.96234430354141998,18,1.6519255649396709,True
0.95617854576907046,18,1.5733667949770775,True
0.95985899052182377,19,1.6365399031575152,True
0.96302908030968504,18,1.5365698473190361,True
0.53339638318068439,17,1.360244612917624,False
0.96719873150635405,18,1.2560188535921624,True
0.95864060275527863,18,1.5628733075861994,True
0.48131038396049108,18,1.2638340778303687,False
0.9562279173967092,18,1.6373298190819046,True
0.89618352776436427,28,1.2918726746569638,True
0.75255115803900674,22,1.6148150000587536,True
0.54164398438323202,19,1.6003942448176625,True
0.53635613197439125,15,1.4474585106991964,False
0.95402297942122505,18,1.63127420551691,True
0.95479313167308577,19,1.6092429445052583,True
0.80733103457618183,24,1.5733918509810296,True
0.60895605073854275,18,1.5510040731469052,True
0.62179704481203157,20,1.4989856977982998,True
0.95873623153039012,18,1.5881171698600995,True
0.5980001629632129,19,1.3756981235698131,False
0.52925760692694224,18,1.2139908839254157,False
0.78996635699419593,25,1.3210755185682026,True
0.95575974414203158,18,1.6480930648711711,True
0.9580334371177005,20,1.3533982606581683,True
0.95648010361949864,18,1.5423392578543216,True
0.94118654692563131,30,1.6017116912631542,True
0.62273401450393107,18,1.4472841469819868,True
0.58163578271492977,18,1.4537164686278383,False
0.96940056982186951,20,1.5343439070214704,True
0.95503060366278747,18,1.5441244650017176,True
0.95114818740677876,18,1.2906010019814045,True
0.96137901516175139,19,1.632501499988471,True
0.95817140795678624,17,1.411169630400972,True
0.95450341375222558,18,1.6484544408400275,True
0.62254955315252836,19,1.505028453219545,False
0.49103191343457758,15,1.4504292330901933,False
0.95773937805064235,19,1.4816649495357035,True
0.89512690747230106,28,1.6132690799881275,True
0.95336444148326271,18,1.6635657960850643,True
0.95143140786048097,22,1.5546875060992014,True
0.95404128278445499,18,1.6683989188499559,True
0.77042117938133281,24,1.4051842286140857,True
0.95786840518967997,19,1.3942278173479385,True
0.95028247126106014,19,1.4841473700610666,True
0.95616401302721665,18,1.5907254590106876,True
0.60362377041227488,19,1.4706280493428134,True
0.82556209817522097,27,1.6206527602791363,True
0.5260731853832431,17,1.4008018461313254,False
0.57240962548295593,18,1.4592915228615677,True
0.95272853242743016,18,1.5869944578224078,True
0.55862386540719999,19,1.459445474176136,True
0.95715598961063331,19,1.4486320604437317,True
0.96066531721792769,20,1.4312887266261751,True
0.58325931749949289,17,1.5218210925116309,True
0.54677050259888893,17,1.3682815675903217,False
0.95390773206969093,18,1.6636799412700116,True
0.57369152087245723,18,1.2314100347138843,False
0.95831973742459897,20,1.5491468622179951,True
0.95606213321585598,18,1.6242376523985476,True
0.95199185766249805,19,1.6111362168768639,True
0.95623834114074369,18,1.6178726891948392,True
0.95927404344571299,19,1.4931820240552838,True
0.96376915995545609,18,1.6982841779572457,True
0.76529954175352788,25,1.4896996892129049,True
0.61040253357893492,18,1.5045344677545089,False
0.96076398649649097,19,1.5984594565818468,True
0.58445286557268039,17,1.1900523405226093,False
0.95106684032859801,19,1.5895820175576034,True
0.62784631963066584,20,1.5542590076334837,True
0.63062982912016985,19,1.4601427057270067,False
0.95878241579359391,18,1.5749329923452671,True
0.95104166208335494,18,1.643307996007586,True
0.76091233148709614,23,1.4852071828731561,True
0.96130391918343316,19,1.431327538943427,True
0.55931788812739214,17,1.4932189369853366,True
0.95070744611183267,27,1.5186245205336115,True
0.95740292032447705,19,1.6523013359074159,True
0.9589349969248161,18,1.6899042049066335,True
0.96215569888460262,18,1.656796585607516,True
0.5821784622938494,18,1.1741255636373886,False
0.95966646966981173,21,1.4519458269248764,True
0.96442132771760358,18,1.5016775700030245,True
0.95622727095862536,19,1.5592348680172969,True
0.95964417275660874,18,1.7015467436048732,True
0.5247600240740109,18,1.2293169372843564,False
0.53738724190515141,18,1.4507984111206782,False
0.60094725660052795,20,1.5056423032407009,True
0.96005319989896232,19,1.5907273140740605,True
0.95550478803553662,19,1.5588268440769624,True
0.95496600512747865,19,1.5187830129487521,True
0.95660736928476586,18,1.5894582803334625,True
0.72704061840634837,22,1.5458186392671343,True
0.72649766349465283,23,1.5217558163019589,True
0.51202491133881312,18,1.2000572321029264,False
0.8484498225164061,25,1.3639488652402718,True
0.956469562367259,18,1.6185289686283801,True
0.62867248243580431,19,1.5708912644438893,True
0.63558225093775189,21,1.5216958112818095,True
0.50745300440352004,16,1.2023879744826034,False
0.95934421720199459,19,1.6113571453425217,True
0.95487459026832644,18,1.6184839586280297,True
0.96172087512939453,18,1.5823420407702256,True
0.81798023965555933,24,1.5461138693406022,True
0.95168482561098122,18,1.6521541739001142,True
0.95682141794458608,22,1.6167949514720388,True
0.95170175218863085,18,1.6380868677921723,True
0.76638596209537591,24,1.4888439828816071,True
0.96468420982017977,19,1.643359662036521,True
0.95143030851170918,19,1.518127375801279,True
0.61417412016766915,18,1.6315074213917575,False
0.96034794636712395,20,1.5489646706866542,True
0.95731612078132866,18,1.6150454183114653,True
0.56051896672043,18,1.4757671577107128,False
0.95288274100324577,19,1.5522695564644258,True
0.95931972834394619,20,1.6527391641693976,True
0.9551641866478362,18,1.5136987967807178,True
0.73609538600214119,23,1.4753864398114409,True
0.56212105987109373,20,1.3777428131350957,False
0.96400835253921524,18,1.6991798841762129,True
0.6163421477728368,20,1.5417089449718064,True
0.5429489877672975,17,1.3292314848965929,False
0.95545765064054955,19,1.5165248525430419,True
0.96675751575895053,19,1.5544167255811911,True
0.51125928867908121,19,1.2985019543771359,False
0.95207538348397802,18,1.5821552479022611,True
0.95662837137325329,18,1.6819650674771831,True
0.59602981950176515,18,1.3750082812683677,True
0.56533299321314245,18,1.4536616706022651,False
0.96004470273166864,19,1.5498492552459462,True
0.95635191207341008,18,1.6601552750762156,True
0.95820249089408704,19,1.5236891957652441,True
0.95386646257697727,19,1.6290320297844785,True
0.60345817146025982,19,1.4458832359661102,True
0.57877092682793185,18,1.4470586334495577,False
0.75773233433932574,24,1.4996954357227685,True
0.95737971815296707,18,1.5940170148799533,True
0.50272147595940697,18,1.403902460523863,False
0.96160553016872508,18,1.635302051094089,True
0.9508038558379035,20,1.5193694422773347,True
0.64971937241387145,22,1.5919911233606645,True
0.53417919972590133,18,1.2635329433020741,False
0.95795073197067659,18,1.5946979728293693,True
0.61522452326898835,19,1.4426036277968892,False
0.53187624040940018,18,1.2352583114489359,False
0.70348744161220145,21,1.5186003105670651,True
0.50226625313938533,16,1.3727327910409532,True
0.95660070057861879,19,1.6602280388194537,True
0.96393478296915747,18,1.5748212045687653,True
0.52166522356189238,15,1.5485227768903529,True
0.95339935690669853,18,1.5732770026530447,True
0.9617712675979202,20,1.5894260861953917,True
0.9453851971324978,31,1.5702084583311373,True
0.89371822368049902,29,1.616264403720332,True
0.96113827318179834,19,1.4801190044111141,True
0.95431028320509359,18,1.5860168088272928,True
0.48585401617565527,16,1.5086215092671151,False
0.87300081177520716,26,1.4965718819303795,True
0.55755092288996544,17,1.6053554544821755,True
0.95292666328263131,20,1.5074543864311813,True
0.96075176305245713,19,1.6931435508774333,True
0.95745204598667311,18,1.444561926494949,True
0.9649753891818782,20,1.5855815126057824,True
0.95740654961327099,20,1.4458181817001088,True
0.95019533229613584,18,1.6371609185812765,True
0.96173428861586352,19,1.3877340076406812,True
0.95699918443023113,18,1.5395652335222281,True
0.96233426946595158,18,1.682892529938699,True
0.9615495238645142,19,1.5922337554759405,True
0.96539814991990158,19,1.5058278710296504,True
0.53885418661635143,15,1.2701041078094102,False
0.49042539062104451,18,1.3509949078918089,False
0.96557787561175656,20,1.4836315226994641,True
0.90981946197177987,29,1.6933462657968086,True
0.95728198555919441,19,1.6432813152528232,True
0.75954939065705818,22,1.4677509971910288,True
0.93929141942833816,30,1.6622205370191305,True
0.5728631675981678,18,1.5448163591219146,True
0.48790214157701406,18,1.2393220031345975,False
0.5264356588000062,18,1.4332054982660085,False
0.51723230342565951,17,1.3083020574161843,False
0.70168606136645428,22,1.5670366938968836,True
0.52487062511901228,17,1.4268168221764221,False
0.91917434135902298,29,1.5932552297330362,True
0.9618346684347594,20,1.5315889240134795,True
0.56613238470833804,17,1.4216927689449119,False
0.46900981278509352,18,1.2571529053722428,False
0.97225131125224429,21,1.613269896630352,True
0.95187264509147018,18,1.6638018118354827,True
0.53552439255697915,18,1.3356546617621712,False
0.96309748371920356,20,1.5583509446722277,True
0.95759517655894089,20,1.281758459595121,True
0.68699894371678849,22,1.450469564785495,True
0.67540759110925674,20,1.4765558389424989,True
0.58058996422266018,18,1.2900381785638595,False
0.95513924938525185,19,1.5687617856903371,True
0.474692078376937,16,1.441903235195648,False
0.96223568314944041,18,1.6208104229986491,True
0.53168502595747424,18,1.4477133425566782,True
0.55461528293158424,16,1.3765055615349626,False
0.96196338419799277,18,1.6916264500944411,True
0.96956192603254854,19,1.5933886837919551,True
0.86307291978627532,25,1.3345256772221168,True
0.9525795474833092,19,1.4011850476553827,True
0.95698870829731686,18,1.4151844001474796,True
0.54968944195762981,18,1.3793141249919634,False
0.5593101521855256,17,1.6291654367190962,True
0.68885969053481833,21,1.5740989106960939,True
0.9525870713719351,18,1.4369778200359429,True
0.65092827602430614,21,1.4378953927900322,True
0.50588788976106869,16,1.4112814592509437,False
0.95746433961191313,19,1.5932413941468542,True
0.52494435687495922,17,1.4261366160553905,False
0.69544124699649734,23,1.515560632009638,True
0.85416251270467958,25,1.4949292346154384,True
0.90010527206726432,27,1.659237469457018,True
0.48806009161280833,17,1.2081635985797274,False
0.96247499856966279,19,1.6276695944767261,True
0.60439313342544154,20,1.540696129486403,True
0.74450980097976338,23,1.6035920636291991,True
0.9598661834417721,17,1.4609824989483684,True
0.95431176276459628,18,1.6572936156705518,True
0.95699344233966976,18,1.6122635209503529,True
0.96251224489898501,19,1.6350697351597967,True
0.59629752993796203,20,1.4074692375254674,True
0.96292061938513873,20,1.5075210513156305,True
0.96122335994104935,19,1.541252880107937,True
0.95122431340980962,20,1.4625104112074998,True
0.73777191079568505,22,1.5438716979311276,True
0.9697819639942028,20,1.3810924152015582,True
0.55075280006452898,18,1.4042758687273222,False
0.95028418061397402,19,1.5256060986207349,True
0.95527775170430451,19,1.491168009812843,True
0.95266448615041155,19,1.5764633768491283,True
0.57646878885179875,17,1.4760062100020239,False
0.90173365702528141,30,1.4482966569309954,True
0.5670471592613644,19,1.5354131455437832,True
0.65056895998827369,20,1.549288197034842,True
0.62131065494363769,18,1.4442966062281215,False
0.53821320536996209,17,1.3609663769572466,False
0.95732202355081153,19,1.5221154516589832,True
0.55842269117357157,18,1.3757884035786734,False
0.96203627596965258,18,1.6004063663988,True
0.95993968855915823,18,1.6496264518854942,True
0.95834109781150989,18,1.6524321488486404,True
0.83880354751149622,25,1.6005663281178462,True
0.96368129156944071,19,1.5173338375435634,True
0.95881791574073227,20,1.5423249306992646,True
0.96270008006282293,19,1.545007092634578,True
0.95656558420316551,18,1.6621165925554555,True
