0.50416316104652914,18,1.3821213534011827,False
0.95291918647260965,18,1.5733167135319086,True
0.95221760614879802,18,1.527762436625421,True
0.63171680912676753,21,1.6432983008489386,True
0.96030014043594825,18,1.6805853461001896,True
0.84168634817305188,25,1.4306883267431765,True
0.48937529058599988,18,1.2955005390375789,False
0.96230101450542527,18,1.6543752988259879,True
0.95581365732973955,18,1.338474811399736,True
0.95037841989665839,18,1.4509470237178625,True
0.96086573740203984,19,1.5284337727306418,True
0.50312666644297332,17,1.3510718973229825,False
0.96173932483206115,18,1.6888178383619024,True
0.59148197421998761,20,1.199331105454952,False
0.56330345091043321,18,1.4026802242780447,False
0.96498815372766411,20,1.4984560897941204,True
0.51279782117538475,16,1.2722421922659271,False
0.75152041988296558,22,1.6268992103065059,True
0.6308317158063812,20,1.5270729509709624,True
0.95242330005405351,20,1.4897572845168343,True
0.95077529804877747,26,1.3656807440039995,True
0.54822139923913105,19,1.2422428083730344,False
0.60634701084187992,18,1.4220726030243172,False
0.47581939824927472,17,0.92091003349604694,False
0.67539008505732556,21,1.5405957770145566,True
0.96008954559624615,19,1.6123686876124079,True
0.71967722993514083,22,1.5868081556153562,True
0.95446794186388317,19,1.5667342621786,True
0.95009809548331015,18,1.5952984912347183,True
0.74034973834042983,23,1.4807848795396463,True
0.95384186713643893,19,1.5488213089474874,True
0.55456133052506562,18,1.1194774160534031,False
0.59409645520602439,18,1.3778296759819533,False
0.96215717861158989,18,1.6961958435862221,True
0.53833219959914058,18,1.3400459645968366,False
0.95679694731266862,19,1.5200877085068747,True
0.95121044294283796,18,1.6186339041357078,True
0.54155590469900117,18,1.3664409142745655,False
0.58055780460729822,19,1.5087184684152501,False
0.95589880943237004,18,1.6084115152066432,True
0.51577022087964419,18,1.1170234710883877,False
0.96432324787805601,18,1.618999295361524,True
0.51925506926378895,17,1.4476561901539873,False
0.49370580568556416,16,1.4719489030973092,False
0.85691623604751543,27,1.6034466082223584,True
0.95988754631211048,19,1.5631945097740141,True
0.56591081376820684,17,1.5184981755251519,False
0.54499559834519617,17,1.4804042367553045,True
0.95345101151526712,18,1.4949413391455841,True
0.82923267055525407,24,1.4336254327261881,True
0.66172151946718316,20,1.5484757839128447,True
0.95223399842658274,18,1.6107911260868863,True
0.75779286934365098,23,1.3525738291663523,True
0.96134205192499966,19,1.4903185932162097,True
0.95222298566843877,19,1.5409893949940547,True
0.64690246800749229,21,1.5840521825545146,True
0.96265652576837668,18,1.609618830361204,True
0.82110777519381506,25,1.5862160755442938,True
0.4888143758349216,17,1.1759704979029153,False
0.95820952878924592,18,1.6870800817672988,True
0.95583634011646534,20,1.5612621783625484,True
0.95615794475046911,18,1.677240002150902,True
0.96063167251623494,19,1.488759103196142,True
0.52307601908760115,17,1.5150653835572672,False
0.54752957946087544,16,1.0342265173292171,False
0.95265553991626351,19,1.6012854295279169,True
0.52756475463399011,18,1.5817670120705989,True
0.70674301810290363,22,1.5622408664431744,True
0.79458578362784293,24,1.3904581925467754,True
0.95802961202027537,19,1.5593854166143355,True
0.86750288369241069,26,1.5329843363228244,True
0.85191054895924057,27,1.4688516309667297,True
0.95573004571963482,18,1.4525830247277598,True
0.96282464509639276,18,1.6129250860753805,True
0.9616273424374131,18,1.6805781598058811,True
0.63838243243131976,21,1.4953793603722185,True
0.57783796643050589,20,1.4708536537099117,False
0.59364655604273842,22,1.4604905497774743,True
0.95672435619713381,21,1.6238126493079492,True
0.96051592178479372,18,1.5746010333979554,True
0.82421338545814171,26,1.6463295383097858,True
0.9534585680217188,18,1.5686514914307941,True
0.95472783653381199,18,1.6211626435552255,True
0.80424165465097541,25,1.4781500780758137,True
0.95990589679544025,19,1.525660130441777,True
0.84970961810587697,26,1.5218408346848706,True
0.95424457114272854,24,1.4933123410034272,True
0.96212660103927738,20,1.6475649633200715,True
0.68333578418043905,22,1.5857954151381732,True
0.72678792564947214,22,1.5174545049309001,True
0.95558440263792388,19,1.3877368073032446,True
0.85228576320482796,26,1.5059117679374421,True
0.64745892747231748,21,1.4232017630480063,True
0.8101973638281964,26,1.4950301683132414,True
0.97076725287949794,20,1.6538811765529167,True
0.91785502377821804,29,1.5870879135832547,True
0.95033753530676057,18,1.6552658873054731,True
0.96269912971610705,19,1.6603382251913326,True
0.65836256500328838,20,1.3535472588652493,True
0.96594762460224626,19,1.5749101388508189,True
0.88660043130005417,28,1.6573023110408696,True
0.87117699011699079,28,1.6252816617484702,True
0.55306250651272004,17,1.4076233763118842,False
0.96079541911135591,19,1.5659867447364864,True
0.95321249859621804,18,1.6575363117016912,True
0.67427097055589724,21,1.4806987948778281,True
0.95327379825515512,19,1.4935309183973569,True
0.94885800531245457,30,1.5801552482079595,True
0.95347781268179377,18,1.6739680681578557,True
0.95303148302434182,24,1.4073007990984687,True
0.95711657532607064,19,1.5537120549414642,True
0.95501215209874568,18,1.6301016734905052,True
0.9568737077867846,21,1.5598229994944812,True
0.95703356987991017,19,1.50447864442113,True
0.55939445433053658,18,1.3880219031906207,False
0.95137900257504104,18,1.6469089345152692,True
0.95547204487321202,20,1.4433251814178909,True
0.95478738090309168,18,1.6794265636117878,True
0.72910536239354495,23,1.368819286125275,True
0.96382213926580007,18,1.65428166368576,True
0.95307017943108441,18,1.6502511646865252,True
0.62354045955254278,20,1.5595940757058795,True
0.58110143565064543,19,1.5573248898088752,True
0.68754818975390963,21,1.5280617345007914,True
0.78107991244081609,24,1.6189954871951762,True
0.61059203057077682,20,1.2958394338434496,False
0.95915322925044277,19,1.6483397884926205,True
0.88852052666856207,28,1.567595130050659,True
0.61052643699636777,19,1.3672780824778257,True
0.9572406583759554,19,1.5863192270580884,True
0.65214146112908367,20,1.4769676820761266,True
0.95555848791911357,18,1.5135228813904114,True
0.9664087555406321,18,1.5106677325655546,True
0.95270776145269498,18,1.4571139161529338,True
0.58904233737826639,18,1.2529024645852291,False
0.56410545181373972,17,1.6070932502369835,True
0.95111601091383635,18,1.4984750953596455,True
0.95485193771183352,18,1.5221196397267998,True
0.96188527580390859,18,1.6408608145524515,True
0.52521992073861212,18,1.349048576596912,False
0.69492940070537002,21,1.4789743114356566,True
0.81046278639053604,25,1.6488782720955686,True
0.59232178125508284,18,1.5206143187812684,False
0.513281360331309,17,1.1104851751657672,False
0.83266735890422805,25,1.5770415437099612,True
0.60688404951742425,19,1.5594924060079967,True
0.95007031991036961,20,1.5663067106171042,True
0.83300197622994177,26,1.6019959598895122,True
0.76516685919116378,22,1.5739859424531382,True
0.91373855005540294,28,1.4043186938507772,True
0.95269954566980197,17,1.6749844403229708,True
0.96685308095194378,20,1.4571073493814364,True
0.96373138605821773,19,1.6781025131033427,True
0.80839659408913067,25,1.4598569668736645,True
0.95256331532781113,19,1.6387599893757312,True
0.63675724276515799,19,1.2412592759099852,False
0.9506543110459772,22,1.5434657648229846,True
0.96400980263579639,19,1.5830643405586493,True
0.96123670029181807,19,1.588533836751677,True
0.96436285052077397,19,1.5495697730310494,True
0.50848600356904661,18,1.2822519218443431,False
0.95002922953846713,17,1.5475049416422577,True
0.96132543941769977,19,1.6197450254420314,True
0.59489190339926057,18,1.4750591733228169,True
0.96285044625035532,21,1.4347736578795545,True
0.95701627048816884,19,1.548633471365106,True
0.95022703560180222,18,1.6388949665275896,True
0.76987087874892401,23,1.6329603506835257,True
0.74056630689478853,22,1.5243242943845123,True
0.92673980070848949,28,1.5764143953974483,True
0.95232911000703535,19,1.4562849880493547,True
0.59483632400089526,18,1.6054362273814393,True
0.67519094344708697,21,1.6212592801705787,True
0.52606510961380781,17,1.5554258162731218,False
0.95620411197434008,18,1.635561837634296,True
0.56651576040560681,18,1.5189124709909372,True
0.95319614243395001,21,1.6151215184920804,True
0.95637567769121845,18,1.6806562189874092,True
0.52663520030583844,17,1.2402358257446788,False
0.79707315762588393,25,1.5503483574450927,True
0.96452519491102862,19,1.5234586633503757,True
0.9641815541379718,19,1.6556618758612371,True
0.9528000885855179,19,1.5252292917959995,True
0.47066749170732808,18,1.2195976621413507,False
0.9597601715641354,20,1.5086068956395879,True
0.50667987979602125,18,1.4273527272360897,False
0.95781184702663058,18,1.6798497360154032,True
0.95189792271557339,18,1.5989707041270367,True
0.95534864044181611,18,1.598533118043572,True
0.95297549487699085,20,1.4995140515656098,True
0.96304773945798727,19,1.4951651940595172,True
0.64825704746864388,19,1.591700020233926,True
0.50845424457180066,19,1.3270814903539336,False
0.70299763901405432,21,1.4703799371635329,True
0.95705611343300112,21,1.6048055463669397,True
0.55256688894826511,19,1.4715014411931981,True
0.95003790074897809,21,1.6682200685766246,True
0.68253558819817495,21,1.3936961955759299,False
0.57318838906728853,18,1.453410637145365,False
0.90907631106472242,29,1.5964614863587598,True
