0.5716059836360764,17,1.5383540074408975,True
0.51895573292666919,15,1.5548561873998317,True
0.58211596647146224,20,1.4158905073563071,False
0.45657554462393302,16,1.2202684070365206,False
0.56422673817753644,18,1.6108317509340724,True
0.58568264510770507,19,1.4649351613313573,True
0.5385703051539259,17,1.4727111893932907,False
0.59721480835871221,18,1.6571604221512068,True
0.60102997164470606,20,1.6153418119264662,True
0.57142893336585543,17,1.3516125695059722,True
0.54873740683131456,17,1.3981868764257805,True
0.54288709605903251,17,1.5790622210543139,True
0.60900933722243267,19,1.3780623833536927,True
0.53347606774567813,18,1.4202688262162109,True
0.52100395727377324,17,1.5482084721881983,True
0.54169146690310188,22,1.3644186992006355,False
0.54629966290051735,17,1.6774452545156262,True
0.55319177574041734,14,1.6640624008577554,True
0.58409263697295655,15,1.6315715537976521,True
0.56281566866585653,17,1.1603675072675168,False
0.52733828640225899,17,1.5722734170108621,True
0.55693008023882162,17,1.5001119595719854,True
0.50905913023247584,17,1.4094247434545311,True
0.53360370559915538,17,1.5894341488814825,True
0.51323241004961984,18,1.3276097885667746,True
0.57736247560297649,20,1.4328264988106414,True
0.7029740971431595,22,1.6722564849877093,True
0.52272578960419713,17,1.5082215405286497,True
0.56618205230942209,17,1.5921255800061418,True
0.56359728568105683,18,1.5053622982854513,True
0.5855500013631868,19,1.578871873020983,True
0.54592276726890099,17,1.4270862576357848,False
0.59730901145651982,19,1.6075130749139694,True
0.5463752062599081,18,1.5191682657231884,True
0.49237451805694737,15,1.5404081050097873,True
0.52854390756079739,17,1.3413505855644448,True
0.55661982486278516,18,1.5385120349344201,True
0.57365344197549939,18,1.3535821403072568,False
0.47129725170037523,18,1.0697994081869944,False
0.55843638362402626,17,1.5317449789503554,True
0.57068679121449739,16,1.6902149820900778,True
0.74015181185071566,24,1.6633107934921727,True
0.59370252953650937,18,1.5253750173163698,False
0.64631787030598753,20,1.6781315832114176,True
0.54495835202728771,16,1.5624165590524624,True
0.64434660998157089,24,1.6380104536933695,True
0.57330886428449157,16,1.5804350299131216,True
0.59845852770592423,19,1.6982110572230968,True
0.51920610695250047,15,1.5385374423912617,True
0.56603059506588449,17,1.594786922296741,True
0.53875490810669113,17,1.5500803583019074,True
0.54809734818009914,17,1.6341550296697966,True
0.54068413544547445,15,1.640951455378703,True
0.57519504045186653,18,1.2005167564193158,False
0.49486575742526545,19,1.4034697707370367,False
0.53333905147995786,15,1.6580628528507992,True
0.53902171602258431,17,1.5697241408909421,True
0.59149018097866357,19,1.5569427272599898,True
0.55016035960333709,17,1.4441472976374305,True
0.46317729512599531,17,1.3175436754470173,False
0.56686017243866282,16,1.5590089132962741,True
0.54011148492789662,14,1.6746702752001941,True
0.5698734551228668,16,1.3814074633187898,True
0.54661373577076511,16,1.4327341119012582,True
0.53624590543405515,18,1.5957660373004365,True
0.57304931737627418,21,1.5597935862450261,True
0.57731548605857119,16,1.6946558370870359,True
0.49589625326493286,16,1.4934374813748421,True
0.60428589798499921,19,1.6466538903283559,True
0.50621167468410122,15,1.5485516804666886,True
0.50647785881420393,14,1.3936774975690074,True
0.56805203244891289,18,1.4617349130548445,True
0.50443356442788045,14,1.5535070150627317,True
0.5407713998599496,16,1.5297974734650344,True
0.64069195286949887,22,1.5580861193778406,True
0.55219754994079284,17,1.5173697015615415,True
0.52503620569553877,16,1.4674177240630759,False
0.53215788820883514,17,1.5306010075195178,True
0.54864832173446509,17,1.3984947781831216,False
0.62705194425639998,21,1.6328270693295981,True
0.54887149703978677,16,1.6660276170955948,True
0.50900440662985713,17,1.5687668903315866,True
0.57076966573171606,18,1.378703254114698,False
0.58523384903530673,19,1.3427898957997793,True
0.50205135164682069,17,1.5038363782375073,True
0.54158254441312992,15,1.6678969658610343,True
0.5492250688895528,18,1.6099924840549247,True
0.50532286258129355,17,1.4707651383464933,False
0.49078798772790394,18,1.2330643547520848,False
0.69328321205285326,24,1.5563796330452497,True
0.57436638770528348,16,1.4244308220713886,True
0.5684409145731002,15,1.6780454939901783,True
0.52452700259942198,16,1.5327062797810871,True
0.67564691582192438,22,1.6342170819814972,True
0.6254223507403075,22,1.6104627630704098,True
0.57014871497254827,18,1.6615007702619038,True
0.52167927489503063,18,1.4386805465611101,True
0.54150602841744766,17,1.5322418251418046,True
0.5423186411728651,17,1.3991997978805275,False
0.51006445154862123,16,1.463936494883854,True
0.54366004090778874,16,1.6001483468278528,True
0.53990521433147165,17,1.4383146662204527,True
0.59247980522490806,18,1.5561448572975283,True
0.58222848336475919,16,1.5648981163763056,True
0.67074443287369123,22,1.6598533934736537,True
0.65775937846781063,23,1.4963258098655166,True
0.53395535108543912,18,1.4814777368592049,False
0.51921328117930221,16,1.3763432699489768,False
0.52711391273435437,16,1.5462644049205305,True
0.51601227664326532,15,1.5943187569687316,True
0.57402759784028767,17,1.5463402027699409,True
0.51342150767583061,17,1.5231179846376994,True
0.54589830988628707,18,1.570114627908751,True
0.54584221567827906,15,1.6641608956935685,True
0.55308951562363884,19,1.5674289051676227,True
0.56255791304403857,15,1.0887691962176698,False
0.55599465109121293,15,1.602523082401049,True
0.57894893223180011,17,1.6179102053164396,True
0.55401716315726879,17,1.4971150494884462,True
0.57131727178488712,16,1.4860657063459772,True
0.55827275725780967,16,1.5427292327669748,True
0.58969070853154359,20,1.5742770364789118,True
0.57487537402501832,15,1.5078785341775731,True
0.53074999803540146,16,1.5300830426304508,True
0.53767232882887417,18,1.5073472486073061,True
0.53031189851405469,16,1.5642862864532447,True
0.51921286279094436,18,1.525369730708368,True
0.52807620518523579,17,0.88088260395709506,False
0.65279113944653799,19,1.6696958478183725,True
0.60636816624894818,18,1.6131795730030647,True
0.58592345198989659,19,1.5266053770412311,True
0.48436010904727994,15,1.4070006655879799,True
0.50468659211181099,17,1.4010831219465441,True
0.56528495623955577,16,1.6232977519029526,True
0.75266772025458095,23,1.6546399110149619,True
0.56266321016914589,19,1.5248187003662979,False
0.61475180664577678,19,1.6071273440715297,True
0.53706716982380553,17,1.54905160636464,True
0.5856613510203994,22,1.5525835226523226,True
0.50801346358117561,16,1.4634410178761079,True
0.57983451008469689,19,1.5382415090477664,True
0.57557135892706335,21,1.3357118162927988,False
0.55095458425564214,21,1.2679615789190712,False
0.54686535084773846,18,1.450423647999225,False
0.56533869251459401,17,1.6672030821773376,True
0.58744029920585294,21,1.6647413428786833,True
0.54025829098131073,16,1.4800117520094027,True
0.58070386463937751,19,1.5098389332996751,True
0.57891827791513839,18,1.4136704099073745,False
0.49808981315224221,16,1.2860983255759315,False
0.57727918390564714,19,1.5381350491459687,True
0.58528799721801061,15,1.6729453467748963,True
0.53985078692875477,19,1.4710375139709113,False
0.6195974538272826,19,1.5861568716897116,True
0.51527395534898091,17,1.5363209883031916,True
0.53353741770691332,16,1.5617671158556969,True
0.56341585872132494,17,1.5955288200879436,True
0.69031329862976287,23,1.6338224009684357,True
0.53326314892204874,16,1.4240430155103805,False
0.47271093582037249,17,1.2904604222590454,False
0.50303965605142431,16,1.5519811252256059,False
0.55336111103301655,15,1.6409237577875002,True
0.44089617284541166,19,1.284851032651203,False
0.53423234006697418,15,1.6528282777675403,True
0.53303030433150411,16,1.5782663926484859,True
0.5772153370448535,20,1.4447830078466031,True
0.56932797170715777,18,1.6246599813822298,True
0.64529995656119532,20,1.646336961896735,True
0.52567560559065907,16,1.4045055073405619,True
0.57035806415203016,20,1.5168112296935532,True
0.52254891440011841,16,1.5983594552980862,True
0.60725898808511747,19,1.502890358939424,True
0.5790216377299281,18,1.4818289947651613,True
0.53868453028264307,16,1.2358401787653841,False
0.66611498730431207,22,1.6668155111331739,True
0.61020666546587077,19,1.5223407203574075,True
0.61183946204499107,20,1.4774189791174921,True
0.46660996843793145,15,1.4256635380525853,False
0.61790813768735375,19,1.586317247546001,True
0.5174724847346327,14,1.6374775528875889,True
0.59734836269456315,18,1.5230201285750089,True
0.57099997148853787,20,1.4823049373947388,True
0.55453983357645587,17,1.256178691428518,False
0.56834348519610944,18,1.5914521447312271,True
0.65206472653284409,19,1.5154675289323924,True
0.5377802668279863,19,1.2927963567411691,False
0.55125458271001782,19,1.5535753631575164,True
0.52225412645154046,15,1.4958934698835444,True
0.51309087326354152,17,1.4270583819577218,True
0.7066226072826598,25,1.6028514978345463,True
0.74168675044102894,28,1.6569421592261924,True
0.59055017613596039,18,1.4491129452571661,False
0.56322316899877611,18,1.6332275743111258,True
0.56315336537080329,16,1.67291171453267,True
0.63512024297791814,21,1.5705150521641498,True
0.50594217404269859,16,1.5471233694438742,False
0.49568677677345618,16,1.4577136350334774,True
0.55002452115225775,19,1.5233817053150072,True
0.50544472670011575,20,1.1401366962347586,False
0.57260974486249938,15,1.6864837257085421,True
0.59593645195946843,18,1.6095959235131934,True
0.51797184575449129,15,1.6362083514419217,True
0.61607850929390895,20,1.5403865947720485,True
0.5828840679852908,17,1.6370300203881578,True
0.68378200553085799,23,1.642019905085454,True
0.54995476193556347,17,1.5673926280590311,True
0.51995148266340918,17,1.6332493508037857,True
0.50820406391297934,16,1.5017722462582397,True
0.56659271684833223,18,1.5584144279659637,True
0.54909871034335667,18,1.5880901038226174,True
0.52794379864144403,15,1.6287952706893032,True
0.52656503464153148,17,1.4751820426048403,False
0.55559859934775047,17,1.6412140917057865,True
0.54267988920648635,17,1.5864293884712588,True
0.52952700773366512,17,1.4997103299821721,True
0.55030965411930455,18,1.3409019055378621,False
0.57452030584738012,16,1.6544071896449437,True
0.48747023348483809,17,1.4201683773286227,False
0.61004890800493494,21,1.4866112628967609,True
0.62804980410363487,21,1.6351000406882077,True
0.54366350057211532,17,1.6244147423502542,True
0.50268208221551658,18,1.2963832162047582,True
0.60757084576753062,20,1.5536909538659747,True
0.6029972147008561,17,1.475610599818497,True
0.57235873663408077,20,1.4944680998330329,False
0.55367816988511964,17,1.6875649125706265,True
0.50859101044139532,16,1.5024099132720661,True
0.56312827254039943,17,1.5890194225780598,True
0.54485227672461878,17,1.6079930760735333,True
0.59295069614298479,19,1.6118499038960601,True
0.61863878742765488,19,1.4368382928707866,True
0.54483620390467891,19,1.4241839343023388,False
0.65003926066507167,23,1.6068553283346245,True
0.51818586497078045,16,1.4613289393443978,True
0.53881346745215652,16,1.6532561035689308,True
0.53891271727370327,19,1.3980468993815303,False
0.74429683155907644,24,1.6598280593821881,True
0.49960721321789531,17,1.3389489696357633,True
0.61106752970181,20,1.5849132850012082,True
0.56615307892501043,15,1.6567392028500558,True
0.55467234560598688,17,1.5834869336604041,True
0.56056382502353463,16,1.4557784474755087,False
0.55887783653293799,15,1.5945740805974657,True
0.55495729437992436,15,1.5782830302689954,True
0.52504880292546097,17,1.4147082925625214,True
0.56850533950603777,17,1.5594494164132078,True
0.57728800790798218,19,1.2259363851262863,False
0.55914062851102919,15,1.6840204576167506,True
0.51066399094253867,15,1.5581290015410638,True
0.53292568098271409,16,1.4773834102330048,True
0.54881203934156941,19,1.4991477433265519,True
0.58576408175835504,19,1.3503677087448911,True
0.51755126551983111,17,1.2318900409009363,False
0.55913755780419905,16,1.5504462367298411,True
0.52546000704510798,16,1.5551269635707377,True
0.56441304773916245,17,1.6179773075721442,True
0.64659094528655625,21,1.3921239971000214,True
0.58782730319194065,21,1.2159078517179249,False
0.53915167726942437,18,1.3167784157085538,True
0.4772286334978601,16,1.4004973010288071,False
0.54881738469132724,17,1.5065124122074931,True
0.49870010547366267,18,1.294583147345832,False
0.54764432354516945,17,1.2184612878577334,False
0.53149121358774165,16,1.5237992883393445,False
0.57284404692037427,18,1.5359029571687786,True
0.52299335592079266,18,1.3297973283250202,False
0.52852605114055284,15,1.5603624154829614,True
0.5251689589421733,16,1.4727020501715216,True
0.51690636341511831,14,1.6438551407129807,True
0.68933504307361826,20,1.5345908308908836,True
0.54398246504618553,16,1.5992990504148916,True
0.63502835720355033,22,1.6251128670261257,True
0.56749887664194998,17,1.4713637769937646,True
0.57124468760149871,16,1.5998090869126249,True
0.57085594668140238,18,1.5825472196384709,True
0.55904806660041784,20,1.4498403602047827,True
0.4662727308858749,16,1.4154511808961889,False
0.58060763920225678,18,1.3627725430433919,False
0.57362633569213439,22,1.6510470654902314,True
0.70584399856146485,24,1.6507883438280597,True
0.56709831203424088,17,1.332047979991595,False
0.76162459269644112,24,1.599376733582365,True
0.65477254328619616,23,1.6441656184073445,True
0.55482263993812775,16,1.6625983007602221,True
0.52437458203335874,16,1.5699747653464937,True
0.57973563784208559,22,1.4775903612181378,True
0.60663365106736389,18,1.6447697576047207,True
0.56332443718642466,18,1.6029868410273502,True
0.56670561446292322,21,1.5005147749892223,True
0.54047466903151564,15,1.680121080697532,True
0.56101379250073968,18,1.6367419612445386,True
0.55593082956296425,19,1.4476795612911129,False
0.54291627085926142,16,1.5541578565411467,True
0.50349368712842602,16,1.5874303668031091,True
0.57686892672097811,17,1.7007096514740954,True
0.66985212612264577,23,1.6712416093828284,True
0.50349496375417946,16,1.3938363121769646,True
0.54144265151094872,17,1.5355331558841541,True
0.68868020667547336,22,1.5963086627472274,True
0.52692404250492553,18,1.232816693779764,False
0.46922668168786719,16,1.4637258284359613,False
0.52792241481832602,15,1.5596443096872084,True
0.54220157762036281,18,1.257095822906469,False
0.57776224556561251,18,1.6073362245986547,True
0.63473345989984487,23,1.5802607092600769,True
0.56731886568779388,18,1.5717505724391392,True
0.57005366763573373,17,1.6427089492843026,True
0.64809102909169747,21,1.5349607436742614,True
0.52693838260378423,17,1.568927212372184,True
0.51262819918865521,16,1.4952484528400931,True
0.52765662578809347,18,1.5549520015796987,True
0.59481226421656253,19,1.4383184729360516,True
0.49613965914107039,17,1.4106014712509189,True
0.48782900340082086,17,1.4197265838554503,False
0.56270688619208276,17,1.631704665447278,True
0.53354541597493599,16,1.524894056570844,True
0.47640193329442815,16,1.4626687243646173,False
0.54539199812565453,16,1.373030543123849,False
0.53457420634882513,16,1.2334304057020051,False
0.5276359394415292,16,1.6461171715750194,True
0.54944338620164312,16,1.659671841392286,True
0.62603155786244613,19,1.5839181413185135,True
0.55977914646406113,16,1.5137740420409755,True
0.60512312959720993,19,1.4371611855508872,False
0.56979428019766809,16,1.6650970264882079,True
0.68170570147346821,20,1.3185741506383755,True
0.5352624394588299,16,1.5247995641270837,True
0.63230859794854299,21,1.6929345120011634,True
0.5565812357227965,18,1.3392579837945311,False
0.50217769700699944,15,1.561456062025349,True
0.52264980488951862,15,1.3885685185702541,True
0.5864915565459331,18,1.4907188194187224,True
0.53351008021966728,15,1.6227796776917602,True
0.55676218890004325,20,1.5581422811491914,True
0.55517463529400912,16,1.6777506072574409,True
0.66587946385834607,20,1.5962028064637208,True
0.49567557751155439,16,1.4251367600865688,True
0.52442851004833768,18,1.4256291983380345,True
0.55598706346450566,16,1.4284497828310441,True
0.58844500824744694,22,1.5930988671220734,True
0.51385071599550047,19,1.4379730868386622,True
0.58325848640490252,19,1.4315212115447991,True
0.56950190534117273,18,1.5729223845352458,True
0.6588828438623261,23,1.5898796032997033,True
0.59415872743514342,20,1.5619358033915092,True
0.62639910108049024,19,1.6463780222767161,True
0.52916713385885916,18,1.4019429168443076,False
0.58078920450155413,18,1.6602297491475608,True
0.54568566654486061,16,1.4709007777159639,True
0.55711005733797647,17,1.6230087532592468,True
0.50806873147384879,15,1.5103141527619373,True
0.53848668571717784,15,1.6578137038136267,True
0.62442223018914012,23,1.6220752963517466,True
0.53462818645694632,17,1.4879040159372299,False
0.52660623926320205,17,1.3869245674179729,True
0.57812009729937364,18,1.60303323459391,True
0.55166833457480535,17,1.6117282135692761,True
0.60253398966803706,22,1.5475967148632432,True
0.76472209546260383,24,1.6304002404247799,True
0.64720396301863636,20,1.6336598951566828,True
0.67719240900324751,22,1.5713677764256397,True
0.58146786633532221,17,1.4841284734796725,True
0.51378652602334463,16,1.4744872987444504,True
0.57393751729882891,18,1.4315250897339458,True
0.50614300289705183,16,1.2559152801774729,False
0.46779050259583621,20,1.1881303124959399,False
0.58496879273819702,18,1.5312485182987261,True
0.47046706610474193,17,1.3126153394630211,False
0.66733383031496429,21,1.6276223600691142,True
0.54385188956128916,15,1.636967647434022,True
0.57085536262572911,17,1.6578510876225359,True
0.55854533770441883,20,1.2635437590832268,False
0.55742666299187926,18,1.5119849615259344,True
0.55827142282262421,17,1.5032159639027456,True
0.56468534149615879,17,1.2863968402506736,False
0.49953718569455668,14,1.5398751293861785,False
0.55366147051310721,18,1.5327090626672846,True
0.51554768375293802,16,1.5426955634171555,True
0.49786896282300586,16,1.5216078921065923,True
0.56856169208697638,20,1.5363533340998108,False
0.50837858708938366,18,1.5427538775056415,True
0.57286174052359318,19,1.5374455053343961,True
0.53310385703226038,16,1.5527075659652332,True
0.52895519545889447,15,1.4973465653805202,True
0.5245973983167167,17,1.4050536558490343,False
0.5282240484723445,17,1.4203572615701106,True
0.55111485810656913,18,1.359897511447532,True
0.60298891023722723,22,1.61357006825761,True
0.60283620478581712,19,1.4420658207246637,False
0.51003646844162953,16,1.3916837233997632,False
0.51712031944762016,16,1.3602380311100446,True
0.57559549905648244,19,1.4130129301681826,False
0.53995716875780719,19,1.2927678235802842,False
0.55486402795562084,18,1.5986118473761668,True
0.62150728564550373,20,1.4537700864405183,True
0.53001384323602996,17,1.3415550560000249,False
0.7406319550771967,26,1.6869527136770601,True
0.54745523755816794,17,1.3276991144737402,False
0.59655772191130163,17,1.4433761665741514,False
0.6429543631969391,20,1.6397425475697305,True
0.50061695333569967,15,1.4267431855139299,True
0.54421494212203014,17,1.6076837040347536,True
0.5578506231556779,19,1.659850649103719,True
0.55868751977174436,17,1.6472674481176337,True
0.52929721316529332,15,1.5812582316841388,True
0.50900882474796272,19,1.2655987526528891,True
0.55441800085311344,17,1.5428129894491716,True
0.53793970319948503,16,1.5069582497507577,True
0.58054417806107361,18,1.4732932817863966,True
0.81589640005301867,33,1.6817097340323701,True
0.55174745904210742,18,1.4272346787282961,True
0.55965788606942857,17,1.6630576554329199,True
0.60405681695772451,21,1.5167974432631945,True
0.56088981498334922,18,1.5289495412869283,True
0.50448058305441323,17,1.3635813579150313,False
0.69944440316315126,22,1.6313960917398005,True
0.5657022231051918,17,1.6136176561230604,False
0.50727910260646969,17,1.272578329615293,False
0.48526102897035922,15,1.5307812121199178,False
0.71680779299828157,25,1.6668371303539504,True
0.55020139945235724,15,1.6554233665405427,True
0.52618547878368471,19,1.4667733640585263,False
0.5812394051171742,18,1.5358359486725883,True
0.53791233986166709,15,1.4834221905454446,False
0.55874303061897224,19,1.5728798757347369,True
0.75202058504722913,25,1.7143585667991219,True
0.53060731284594476,18,1.3113559226939606,True
0.52431088740823961,16,1.6437974376940752,True
0.56779857284268986,16,1.4014268721573988,False
0.56075427749827222,19,1.3952323951757664,True
0.61618957920589934,22,1.6255728065810688,True
0.60471983366178517,18,1.553536478839066,True
0.55616278356223603,16,1.5799292074970976,True
0.47393211489993725,15,1.345315760837599,False
0.57739305235562621,17,1.5022482379270521,True
0.52819865979412295,16,1.4898662010118582,True
0.53956013060996,16,1.0881904101622353,False
0.53939670817365126,16,1.4205624537792692,True
0.61450156259251143,19,1.6556494862207722,True
0.58569205259290413,17,1.5331479176036109,True
0.56149424572781004,17,1.294334725341991,False
0.53058772237247853,17,1.5577510870497009,True
0.56056364299600769,16,1.6159202144041049,True
0.62015237579679239,20,1.578438572529236,True
0.53025695588812305,19,1.2044967488195792,False
0.54971646315249167,18,1.5089401182508337,True
0.51080755187476712,17,1.4995135832473048,True
0.60877394782038141,19,1.5270914552931294,True
0.57517660998033282,22,1.6485848815191588,True
0.59576452282664327,18,1.3486789416788971,False
0.56800692956894561,21,1.4389638374935614,True
0.5582453986199809,18,1.4185231003222269,True
0.5648727778697511,19,1.4037906596695968,True
0.56740939891900255,17,1.628916076145019,True
0.57198128877360144,16,1.3372782466079434,False
0.54525087770596481,19,1.4652558868810925,True
0.6529722337858086,20,1.5924685981442763,True
0.48599564870194234,17,1.4211993131973364,True
0.5834256259526478,16,1.237623003502256,False
0.57194295113187854,19,1.506656315871602,True
0.67819622038808403,24,1.6391751495114155,True
0.65775903434827376,23,1.6097625479737672,True
0.5403048576168844,19,1.2745460672311844,False
0.58038499691233603,18,1.4735284514855411,True
0.55647699151706886,17,1.6529907487162363,True
0.59198163384426028,18,1.6798865131231919,True
0.64771566654579182,19,1.5716852232892771,True
0.60274806292107175,21,1.6538777290080691,True
0.62310745644900134,18,1.5777407357421531,True
0.53955314129049303,19,1.4028031762669011,False
0.55861934558068316,18,1.5486375803222037,True
0.4967142987468568,15,1.5915699057088106,True
0.58313982388762875,21,1.4934750181053238,False
0.60659153072132033,19,1.5804992430608393,True
0.62547276960656728,21,1.6765805215832517,True
0.51359660057982226,20,1.3418257625339944,False
0.52584217023459801,16,1.3070822801325619,True
0.54677366026765994,15,1.6161113305278119,True
0.58159841220097741,17,1.6193533042383654,True
0.52704075039964704,20,1.4580986635323008,True
0.56479152650877174,17,1.5841054074543295,True
0.67548898293865356,23,1.6839354320454267,True
0.53270424152783902,17,1.4512740067018908,True
0.55350825836548956,17,1.5910297131782016,True
0.53226736515311435,16,1.6057298935072544,True
0.5616572061309183,18,1.4562281836612294,True
0.53882651480120958,17,1.4931610199494132,True
0.486334641945735,15,1.4619916174830674,False
0.52143058052995772,17,1.5343789045746452,True
0.55200024520749535,20,1.5376750834702275,True
0.53078986760432234,16,1.6727587013040677,True
0.55708329052985872,15,1.6126023179887112,True
0.59768499660843177,19,1.5881350951663333,True
0.54228579083291073,16,1.5591326506844783,True
0.57275986719865435,16,1.5478466351214488,True
0.52024892044823567,16,1.3713537707923915,True
0.54474956068372127,18,1.441122370461934,True
0.54216582589294526,18,1.4464258235693326,True
0.5308425138765317,18,1.5484764831191313,True
0.58026193029879436,17,1.6812260633462826,True
0.55853408289442985,16,1.5563230510913151,True
0.55017343931793605,16,1.6477511322031291,True
0.55487724235207536,17,1.5246349790395473,True
0.53260141321041132,15,1.4102022793891487,True
0.58313251400209931,20,1.4795088104130429,True
0.58927311167009999,18,1.5729673330258234,True
0.63036637449846278,20,1.6247368054044482,True
0.54245543828409615,17,1.6206841817328337,True
0.55950342741619719,16,1.6618038836952589,True
0.65867883543021988,21,1.6423442280990155,True
0.55168899917046721,18,1.5152298900951355,True
0.54319489461898074,17,1.5066665020823602,True
0.52816256093476255,16,1.4570832670017855,True
0.53628415775139049,17,1.5080872828914222,True
0.5882975277981215,18,1.5478220496109123,True
0.52472289106344194,16,1.5624814641323739,True
0.55591794857996146,15,1.6816898021703761,True
0.60492530265214051,19,1.6304499259194469,True
0.62161232194113358,17,1.6870597619979359,True
0.62305083286731866,20,1.4245181971699941,False
0.53034094405930243,17,1.5647035039070507,True
0.56683544459060786,17,1.5472314927131852,True
0.55397774524613508,16,1.6002029738465045,True
0.55116101942842888,16,1.6234157824902113,True
0.56550736834117366,15,1.5830467012215301,True
0.5640559264721362,17,1.5635392841938076,True
0.58416699699441887,21,1.6070336937703262,True
0.63069753215669322,20,1.5596538952736387,True
0.5461439513680385,15,1.6026002834356334,True
0.61640273964236181,19,1.3970230034931479,False
0.59121117840738779,19,1.48994554986651,True
0.51853639992854472,17,1.581198734767675,True
0.53597581687155715,15,1.4534970385111443,True
0.56002586938745813,16,1.6346145272430139,True
0.6940495190500523,24,1.6676154664271543,True
0.52584365605328454,15,1.6092776692702699,True
0.69511101650733731,24,1.6122734185947267,True
0.55412173587128299,19,1.3558652858809226,False
0.57358411596735814,17,1.6343730598781698,True
0.57483357683389957,19,1.4801288808401065,True
0.56921858382612534,17,1.6993005106940708,True
0.58790810495688373,19,1.2186163580740961,False
0.68259618163601443,22,1.5479539534167124,True
0.5955022506414096,20,1.6480020045875297,True
0.54247036230727952,15,1.6234714488967148,True
0.5085189362428495,15,1.6212643027260347,True
0.58918995143447905,19,1.5012170405024698,False
0.57480080732725447,18,1.4846004262659003,True
0.57113516841883005,16,1.4041400842284881,True
0.56280134155639339,20,1.4908502060460493,True
0.64076336956127278,19,1.5770565339756419,True
0.79971369192181119,29,1.6201967749697821,True
0.57023757211531756,19,1.5961040619357758,True
0.51953609437803761,16,1.4909571895157481,False
0.56044405286023946,17,1.6171919114204334,True
0.58899408882633064,18,1.6478971632303965,True
0.50848591683170707,17,1.5017797474394772,False
0.53662989315311604,18,1.540893145338752,True
0.49610128062089576,14,1.5523122261482203,True
0.51177006912186274,16,1.5500437926230961,True
0.54636213683741031,15,1.669383242615798,True
0.55628645450338032,18,1.5837290862481626,True
0.49661429288880971,16,1.4578303892650353,False
0.55208826800722421,18,1.3825980633851647,False
0.68811298381329566,23,1.6685870485105931,True
0.54959077770658205,16,1.6774751885148194,True
0.54619837657997128,16,1.5875953467766961,True
0.65351474398345089,21,1.6434401837837771,True
0.58040500009275287,22,1.57092854924471,True
0.55093144357656421,17,1.6075278333475413,True
0.57574043871274672,17,1.469287033031508,False
0.54108150675512556,18,1.4009849768252016,False
0.49716369330254845,16,1.4671928398167617,True
0.54522064146006777,17,1.3683616637892593,False
0.56261965789528923,17,1.5343550567336262,True
0.55984648081308308,19,1.5770692930545127,True
0.51323084151109422,14,1.3377487258864496,True
0.60540336959173091,20,1.6315335311687762,True
0.55845169833221864,16,1.3005915240196102,True
0.52839135794597125,17,1.4564264041189297,True
0.54451137160448349,16,1.5446062301621806,True
0.52843680696647799,22,1.4983523505100516,False
0.55026030684028715,18,1.2605812865059494,True
0.56252214649478982,17,1.3406794292456878,True
0.51292077862953533,18,1.3535876875566453,False
0.54367643528794696,16,1.3902047531294341,True
0.58935647574713801,18,1.3948813392086366,True
0.68218737681016517,23,1.6686109963224762,True
0.66418953081168974,23,1.6577142861163674,True
0.64412424537178692,22,1.6109567072477728,True
0.48396945114376189,16,1.343972260730901,False
0.64922842146524318,21,1.4386471600732809,True
0.55324275845084603,18,1.4993048713638837,True
0.59244348850945194,17,1.5856578767628065,True
0.60210377679009075,19,1.639816376479432,True
0.57296528975854255,19,1.5792507823734452,True
0.69645639654497016,23,1.6409437434446792,True
0.51583609569969546,16,1.3228552385742827,False
0.53307636558056148,16,1.5472393444370773,True
0.60576798703638091,21,1.6745530631218,True
0.58143222543625694,20,1.5303335320972549,True
0.56005592555750494,16,1.6718564718280129,True
0.51590023126346818,15,1.5230490650380761,True
0.5908785039306117,17,1.4560836391405667,False
0.58315367847351862,19,1.4633044168389524,False
0.54549125132544118,18,1.4745204780290879,True
0.58675014647509816,16,1.5511190579456016,True
0.61592572467344087,20,1.5382754253579687,True
0.55167026638626138,19,1.523640769552242,True
0.56098890700940252,18,1.5870541432295024,True
0.64726384403486348,20,1.5679799162874768,True
0.63282034578454716,20,1.4838449856210654,True
0.55641978811294779,19,1.6004738907120184,True
0.55467374577631334,17,1.3016783745863116,True
0.54208127372786152,16,1.6276900840784199,True
0.55772653945981465,19,1.5101399460829623,True
0.60692966161682649,19,1.5524826342587776,True
0.53133493526804665,17,1.4773409416872776,True
0.58419970389386722,18,1.5837902435880469,True
0.54421299761848607,17,1.6086169934539949,True
0.5718197982591694,19,1.4485090082440126,False
0.62933431168524256,19,1.5621849475244363,True
0.54456940466590109,18,1.6043094704969239,True
0.60562763063843172,18,1.405217446090306,False
0.57875680619812997,19,1.5589832877841092,True
0.80088471112591209,30,1.5916892930128399,True
0.55272907105639835,18,1.5131295121653525,True
0.54964288148239082,19,1.5637949295383329,True
0.48950910736163955,16,1.4581620000682034,False
0.57693917108645598,16,1.6477986610611652,True
0.52850012851745765,17,1.4927655575701468,False
0.58340400705360351,19,1.320829779763816,True
0.52730856006727667,17,1.518777681253866,False
0.53182670992949577,16,1.5909533492526344,True
0.51046939461556606,16,1.6303059136918756,True
0.55382554101711634,19,1.5660225180313894,True
0.72347142757273919,24,1.6601024868094163,True
0.56651153818674793,17,1.5518872304805746,True
0.52912207364508479,19,1.3753162469109543,False
0.61765108743270858,19,1.5909708036616836,True
0.62548579100567314,20,1.4878353953324341,True
0.55478185889374509,17,1.6116393521350827,True
0.51341958444712998,16,1.618101027973734,True
0.50941452452482661,16,1.4430976374302582,True
0.56625850630999308,17,1.6524112873153487,True
0.56782206335122465,15,1.6739293355634057,True
0.53897688961177703,16,1.4022254057665826,False
0.55388511554618136,18,1.5571358334100276,True
0.50963594875043805,14,1.6154236906759638,True
0.58561864506312544,19,1.6386489984922665,True
0.5856346065240976,17,1.235822918734129,False
0.57865754997727137,18,1.2911600162326642,False
0.53878884030528329,18,1.4529994066757923,False
0.52397635182248692,16,1.5451760115482509,True
0.56022383606200366,17,1.4455587574653492,True
0.67372622137873683,23,1.4947318593113863,True
0.54810996563648307,17,1.4160449768533989,True
0.56101047648168068,19,1.2348071629635304,False
0.54829484479695034,15,1.5089793161756158,True
0.63411446813445871,20,1.3194009263064208,True
0.58275003589175334,18,1.5659235735328241,True
0.6200348387711172,19,1.5789427564468812,True
0.52647344883536418,18,1.436935744797246,True
0.51581248946765423,17,1.450970712683781,True
0.55729958224003606,15,1.6433310633682194,True
0.58847348148237899,18,1.4313684887469482,False
0.55142410921006224,17,1.4296967553919526,True
0.60510292457477033,19,1.6607616378049754,True
0.54573175852486844,17,1.4971369427584369,True
0.71212995811586144,24,1.6034372843345233,True
0.67391408453445212,23,1.6206717911009352,True
0.57027964952077048,18,1.6268656757820126,True
0.5343553359990767,15,1.6321316134906882,True
0.55283358451122466,16,1.5769491010984309,True
0.54198538682058495,18,1.4400332485557408,True
0.55459360079725584,15,1.5690199013284591,True
0.58048527871947686,17,1.3895795186084381,False
0.6217627833335676,21,1.5067200573757957,True
0.53831245591124277,20,1.3633458421933986,False
0.52877505561021687,18,1.2927387294661723,True
0.54455496100725109,17,1.4037959885057896,True
0.51057818552539092,21,1.2467737727963462,False
0.53599259869821481,16,1.6353247808500773,True
0.58044062979608224,18,1.4961850900251537,True
0.54793831865164178,18,1.492204882036879,True
0.59977350780744165,20,1.6309892089263915,True
0.53350240631399315,15,1.5324600609311807,True
0.50474301017850787,16,1.4906385167762048,False
0.57132427596123314,16,1.6417132107265076,True
0.51290927805317199,16,1.2188792298579103,False
0.57003964082864567,17,1.280915321500359,False
0.56476094905653118,19,1.5925476995010408,True
0.55229027030738709,17,1.4812230397074573,True
0.56372169601478206,16,1.0681154375482811,False
0.55395578503528553,18,1.5997499136077327,True
0.54643936169931684,18,1.5243644032368375,True
0.55364548564165939,16,1.5667317712936906,True
0.57649880500785589,19,1.1397055242105782,False
0.55588333288914615,17,1.6837503305351773,True
0.50224490908754826,16,1.4754744260683652,False
0.51646455019324489,16,1.5061226970535091,False
0.59189298181455685,17,1.5297783819775908,True
0.64458928311050978,21,1.4597669981085954,True
0.56492115350009531,18,1.5552665622288921,True
0.56263933692004375,18,1.2918232532867213,False
0.67944040255599447,21,1.6532286855683915,True
0.51700626120388116,17,1.3654583801875337,True
0.55552530038316783,15,1.6160109713696045,True
0.51661771803303969,16,1.4843571750998792,True
0.54314385516384578,16,1.6208826011835109,True
0.56335644711662713,19,1.4393746660822599,True
0.56240438251691915,16,1.6085733862260174,True
0.55713584989842801,16,1.4024512932789945,True
0.67440310272653115,23,1.6876590254698203,True
0.65264670822932125,19,1.6174190170412308,True
0.52978502020620344,18,1.3700396995235029,True
0.62519967622031347,20,1.5646628064684382,True
0.57680279297391979,18,1.5897024902988515,True
0.53858292609634117,16,1.5429393633877084,True
0.56897850490115509,18,1.4551581899274468,True
0.7266665531156199,20,1.4913140816614028,True
0.59385154242546445,21,1.6252322316261381,True
0.5768340607007334,17,1.3019092481976491,True
0.5375676525921772,15,1.3606610641091907,True
0.62374936174993845,19,1.6531055500599148,True
0.52294379816703973,18,1.2049812770056687,False
0.74575632777601719,28,1.6727602212259218,True
0.55705621521126125,17,1.5495890859813897,True
0.49683859200534891,18,1.4357689528969584,False
0.54372991545288041,16,1.676530050758839,True
0.55083085354354933,17,1.6470962804143545,True
0.55902828384115955,17,1.6098368968972472,True
0.56736242185406949,21,1.5620780126107778,True
0.5292923314026533,18,1.5084674622492509,True
0.57951115604190373,15,1.4446064017822815,True
0.51386337655972636,15,1.3622764969000527,True
0.57244463591386907,17,1.6502078873333523,True
0.54357659117563439,17,1.5211698055094085,True
0.58014277257982705,16,1.6229821320873277,True
0.54889021184239817,16,1.626862773603849,True
0.45904788139106917,17,1.3944442683560589,False
0.59401555474281653,20,1.6127769747024183,True
0.63476123270715878,20,1.5516565325711738,True
0.56760454915147152,16,1.390423046836772,True
0.57360782211221795,17,1.6463356163261829,True
0.5313534815568044,15,1.7054429759872767,True
0.56450785717000851,19,1.5696004888346662,True
0.61626236631621323,18,1.3616807470442776,False
0.52142192375728225,16,1.5891616176614876,True
0.5425115811556297,16,1.5816473342563022,True
0.55280869272762279,16,1.6453279550586823,True
0.55523248285897631,18,1.5142723712191832,True
0.53700413356677767,18,1.4671828953568566,True
0.59276146531133511,17,1.4437677997469351,False
0.57395241454520585,18,1.5243325350787893,True
0.59829886125250697,21,1.473456485323601,True
0.53960167459032971,17,1.5956211817380657,True
0.56285595862624516,15,1.6606016701064996,True
0.55935152526456378,16,1.6628512378141873,True
0.51209541667321934,20,1.3718991980552619,False
0.54811025062899521,16,1.5578869338109431,True
0.54608203227154717,15,1.6366214747748349,True
0.55601567221493797,18,1.4610596283575319,True
0.55402892317987151,17,1.5971796603390171,True
0.57960465508015768,18,1.4508142585720887,True
0.63871620359482639,21,1.6134220204988392,True
0.5342884587489114,18,1.4852137159320686,True
0.53259786691880773,20,1.6126390011084895,False
0.57397031803017573,16,1.6951958137527419,True
0.64114129107490536,19,1.6360618159460008,True
0.47212254224253419,16,1.2340593438128249,False
0.51504128695518181,17,1.2603527717276952,False
0.51134857658980226,13,1.6777453793185202,True
0.54644249109728016,17,1.5315977931648137,True
0.57466492115093437,18,1.5367260277016506,True
0.56040504927358903,18,1.6467316698384287,True
0.56684851104396905,17,1.6925208437130954,True
0.61144889307145578,20,1.5707943939725648,True
0.52197442248843051,16,1.3225266169438792,True
0.56968078877342032,17,1.1206570908115545,False
0.50759361273097292,20,1.2110599347981679,False
0.55455348898932633,17,1.6407225275389361,True
0.53497973846941327,16,1.5525387621237217,True
0.68414570605991254,23,1.6761721810196797,True
0.62149669869690582,20,1.5468300992129709,True
0.52733993421850689,16,1.5213568157025315,True
0.55556917517370286,16,1.6492036932780108,True
0.55686409740009635,17,1.4973363882932473,True
0.55068005936539843,15,1.6655688551065788,True
0.49882603146708754,17,1.4519788837968737,True
0.5427529989834855,17,1.5245576381789439,True
0.53541809103044546,15,1.5992854812492943,True
0.54339628800716167,16,1.6358646139164701,True
0.54917355545780155,18,1.5392209827481105,True
0.57847078882503145,20,1.4295133469406607,False
0.55805786265048274,15,1.7142544439573544,True
0.58194484963290838,19,1.443204605993087,False
0.53787626442380909,17,1.6027666837777585,True
0.54711932177624001,19,1.6201297697769559,True
0.64196046957622532,24,1.644426407521512,True
0.52750991446366369,20,1.3858654112473427,False
0.87324145994932789,31,1.6858200434042234,True
0.50489551412370293,17,1.4604045180664886,False
0.56016519659567399,18,1.6359588950042792,True
0.58063048553460517,19,1.5870790277642426,True
0.53603647002658872,16,1.534468591190669,True
0.62361164610243136,20,1.685699185503126,True
0.46273101427939134,15,1.3635172161860705,False
0.55764140944374385,20,1.2484375004606609,False
0.658729255182947,21,1.7012398120336538,True
0.54614085245041588,16,1.6939866237650987,True
0.56704614189411495,18,1.4100677438898377,True
0.59762737333792804,21,1.6759263955935255,True
0.56904008932816375,17,1.373539788238888,True
0.51066602303147579,16,1.5155843454326647,True
0.68380163935355387,23,1.6646837322048107,True
0.51450672295815381,17,1.3584046019246321,False
0.50028178048707206,17,1.3806577120837369,False
0.61342473714064527,20,1.6881451600583584,True
0.49640419217479387,15,1.4010118861257976,False
0.55738835154854194,19,1.4566681810806916,False
0.52798843670246065,17,1.4883686684019573,True
0.68953427197972472,24,1.6607751130731401,True
0.61932915881908712,21,1.6181236620468944,True
0.61974593905871389,19,1.5926368677249874,True
0.56206963194414394,17,1.4426745287469322,True
0.60312533504433818,16,1.5403168301003034,True
0.56298633032758216,20,1.4618846181410088,True
0.53788114444555579,15,1.5309100149424764,True
0.55097186174159818,17,1.5830206354208072,True
0.58043652371679,19,1.6288951062511476,True
0.54164371348595164,16,1.5070191110487277,True
0.49726267809043984,15,1.5121108886139361,False
0.59148701565103412,18,1.6463512630970836,True
0.56384405186539943,19,1.5355630646328542,True
0.64001541054951372,21,1.6491015837374334,True
0.54062099614423442,18,1.3161537512873509,False
0.50030841632520329,16,1.5929176949840547,True
0.49646675668168461,19,1.4582002196062376,False
0.5296598604141729,17,1.514153857763697,True
0.53231306871183504,16,1.421678411576593,True
0.51588149701180031,17,1.4821603708517967,True
0.51790997216387447,17,1.4327086362218697,True
0.64019349148934768,20,1.3499600597522579,True
0.58379658927824973,17,1.4825064252936075,True
0.68699507691680184,26,1.5322779528556112,True
0.57987040934738387,17,1.567578660035081,True
0.59908545440456962,18,1.1110248998111296,False
0.53057887443637752,17,1.5265633089916846,True
0.56192609677490624,19,1.5040951478553322,True
0.57685633475714915,19,1.4721782151156662,True
0.64613505240587676,24,1.6185037305925527,True
0.55617867024194256,17,1.5697763512612928,True
0.65279107731092767,18,1.5330701315058686,True
0.62745550626911417,21,1.5833027928078571,True
0.5876118633008145,19,1.3836939324776849,False
0.56643328755480904,18,1.6635220889697442,True
0.63067805714477343,21,1.3273760660977085,False
0.53570196246576784,17,1.5056420473182544,False
0.57792507723195341,18,1.5329061949267286,True
0.58964898410228506,19,1.6657762273018342,True
0.58202510127267937,17,1.5600940065188904,True
0.49715160730456687,17,1.4427004074022112,False
0.55984690103284895,16,1.5998173701381702,True
0.50593334689780722,17,1.3638508857147296,True
0.57966428498529787,18,1.3328716544314205,False
0.57111500665309234,17,1.6623953748223594,True
0.48615665267206326,16,1.4217604284146832,False
0.53930739535258254,17,1.5451952052239895,True
0.54133875412317189,19,1.4270474225519132,False
0.53775447078719041,20,1.2621953744597871,False
0.54509690452926529,14,1.4103636160725337,True
0.55061002838762785,16,1.677281572194663,True
0.55923118551499751,17,1.5638304268711054,True
0.51415081254013606,16,1.5487214926135766,True
0.54880134384904511,15,1.6839356777523387,True
0.59430127625262474,19,1.5832692805338919,True
0.47734116448618447,14,1.5478466515852847,False
0.54061571939496345,16,1.5242122129189331,True
0.51403482270609258,17,1.4327357430466343,True
0.54340518166406815,20,1.4725484275093932,True
0.58555500407439276,18,1.1115852688148755,False
0.572833322238401,16,1.2774100554118069,False
0.55072775068349467,18,1.5636346280557696,True
0.5657527108143382,17,1.4734505515855889,True
0.60497624472799205,18,1.570810320273885,True
0.53338831714961532,17,1.5208307236213172,True
0.52384530937196128,19,1.3501243816736048,False
0.53868155026425768,16,1.6097874056284018,True
0.51778900177849985,15,1.5742765771836069,True
0.55778996700810035,19,1.562462958924673,True
0.55385125631273624,17,1.4120951150312164,False
0.56450469443347695,19,1.4591662039654629,True
0.51192289942662339,15,1.4517438634761606,True
0.54246400194958777,16,1.5221352818475875,True
0.53714257888985961,16,1.61087286718542,True
0.64553279672435715,21,1.601723589336193,True
0.52012842864345943,15,1.562950248411263,True
0.51873757321490532,20,1.2419290649299166,False
0.51112273514225115,15,1.5690608292222792,True
0.61424713352491656,19,1.5829512973335436,True
0.53199816469496353,15,1.6239023753695196,True
0.62862513841261158,21,1.5881536815187487,True
0.57182240463734901,17,1.5114372216824341,True
0.60334089244255218,19,1.4848420517609446,True
0.56371582440514001,16,1.4896094395925297,True
0.55741440599228786,16,1.5950512754867696,True
0.59769863722679761,20,1.5429840634577694,True
0.48713658596057485,15,1.1657816112812767,False
0.51278534852379787,18,1.0356807054907815,False
0.57009409895560414,18,1.4926152126109449,True
0.83883082758985628,32,1.3077797688018984,True
0.55307844836044706,16,1.6456591876287281,True
0.58145484528671276,17,1.5618748344279338,True
0.63087605683046954,21,1.6605565767745711,True
0.72516250537378024,23,1.659927043700969,True
0.55019217070266668,17,1.5334275329154103,True
0.5507339634381373,16,1.6394931114594136,True
0.60348868114390541,17,1.4624082254978534,True
0.57838878530487026,15,1.387174945296936,True
0.5931051605793044,20,1.6186364987323518,True
0.56007859864265563,19,1.4730999006104297,True
0.52683217105826186,13,1.6797388560958113,True
0.58197301020951075,20,1.6356308084773843,True
0.54817820673926121,20,1.3682445016169951,False
0.50102345944852422,15,1.599350342763959,True
0.63819278446533256,17,1.6378424711695496,True
0.54805180083819904,20,1.4165406314909907,True
0.49305179253373294,16,1.4123931068463438,False
0.50943954216447285,16,1.608528811163344,True
0.55768763404498711,17,1.6218703492780899,True
0.54107064092604096,18,1.5325300309108589,True
0.57664381097606188,19,1.6091849807438405,True
0.56096820928517199,18,1.5114369184017269,True
0.51198369853003933,16,1.48119326321696,True
0.4937526924745152,17,1.2308055469516397,False
0.55143239300137581,15,1.6329044817047098,True
0.52958846744687238,18,1.3899643477850796,True
0.612518413655603,17,1.1392902707506372,False
0.5240518839212015,16,1.5337861587702,True
0.55388151908695815,13,1.5786822781232479,True
0.55431551341785446,18,1.6198588902337892,True
0.58445346547849653,21,1.4505538825111279,True
0.5145620860792679,18,1.3240063474275108,False
0.6664842624132159,20,1.5966299125835617,True
0.57029776494854634,16,1.4521946899726694,True
0.68549484358572121,22,1.6992295398980841,True
0.5729402662960329,18,1.6698203983650157,True
0.58521465062046885,16,1.4898680366656427,True
0.52645977979101011,16,1.5380200621660616,True
0.62728037224186473,18,1.3779708519597393,False
0.71575468973704626,26,1.6363744000060585,True
0.66092882967003408,21,1.5980347188670676,True
0.54479703984567762,17,1.5866941934017587,True
0.51347635017965421,18,0.99378039583219679,False
0.73095326786851866,22,1.6015497412226796,True
0.7300629568019571,22,1.5447072280558829,True
0.55471439954008939,16,1.628784763854451,True
0.58661215527786326,18,1.5062871541438256,True
0.55733671987693334,19,1.5568145187420814,False
0.69882083871640499,23,1.6767415609235372,True
0.55035699003332839,18,1.5244579452656204,True
0.54126038180035696,16,1.5419857932743939,True
0.50433622383385124,17,1.3611743697045782,True
0.57350642692558618,17,1.4155467871695302,False
0.56212580812338775,17,1.4868933256765602,True
0.57776870140426062,20,1.6801260988832907,True
0.56090654907832616,20,1.4481581410438014,True
0.57982116355370961,15,1.6743802640922307,True
0.55856037898521738,17,1.624398339149248,True
0.59152931305273038,19,1.4948842862279474,True
0.53690795136726055,16,1.407162998660104,True
0.54221339467012919,16,1.524318678411827,True
0.52240068165952114,16,1.6584102934987823,True
0.59085019380947212,20,1.4818080206917403,True
0.55251485731648464,21,1.4366129429221195,False
0.52106566349175065,17,1.4995272891823879,True
0.55653029834953327,16,1.390500822877617,True
0.56810762844973051,18,1.6053415290372486,True
0.53620627432172607,17,1.3994094011812099,True
0.54531986880977545,19,1.4696919821737269,True
0.70895870250098403,25,1.6742615616411343,True
0.55721397855710164,15,1.665713152283111,True
0.55629429158368271,19,1.5729310288755105,True
0.63611249741328546,23,1.6889833493667594,True
0.56870306012263649,21,1.4728801201580948,False
0.53389714549499201,17,1.3848697582152965,False
0.57722780434417842,18,1.503562001954202,True
0.55833079155143328,20,1.2304707462918958,True
0.56608829504494129,16,1.6077531180434468,True
0.53217699940225083,23,1.4003106670939081,True
0.60159896911740007,17,1.6404519216113926,True
0.5345133581277155,17,1.5238606628167373,True
0.54104435353859481,16,1.5996333680705701,True
0.5166198342539926,19,1.4208845365651137,False
0.55609423812226466,17,1.520360860025179,True
0.59702638308318301,18,1.5602323075217852,True
0.55595452004288826,17,1.5467174636343195,True
0.56849941621721889,18,1.6648402002313099,True
0.51703629198895185,16,1.5856295364130366,True
0.51905409352053389,16,1.4274416205157043,True
0.5214814248132208,16,1.4198101103230636,False
0.50581913533312739,16,1.5112835438589483,True
0.55782357915632241,19,1.2257839347068764,False
0.6250156722319703,22,1.659670817689604,True
0.61080500896184597,19,1.3481220525493025,True
0.56994353246878282,17,1.661310857575014,True
0.52720245844217295,16,1.5313761100343044,True
0.55112016428148691,18,1.6021089793157572,True
0.55340458044663443,18,1.4015100499973538,True
0.5371480480436589,16,1.5495568064234542,True
0.58736981671149224,19,1.4089374713900471,False
0.95554423521631515,21,1.6549947458910863,True
0.50847415887114322,16,1.56892240296833,True
0.58400583409949214,20,1.2855265373629083,False
0.53363271634919285,18,1.4232948896079218,False
0.57108178180592017,19,1.5179188926991143,True
0.54941292601535852,16,1.3915750378578238,True
0.61234376288910009,18,1.5274762984264336,True
0.65892912217321919,22,1.6964266287093595,True
0.49974640631650646,17,1.396691903269152,True
0.50132319832517214,18,1.5152449848278082,False
0.49507803069626599,17,1.4165577289779292,False
0.56273644961055336,17,1.5938776396642236,True
0.65923013213898107,21,1.6729066634220349,True
0.55609871044570236,16,1.6686569257773711,True
0.5511687201917832,15,1.6324926657091048,True
0.49323345025727494,22,1.1875767295494357,False
0.56737673915413755,16,1.6104546840703524,True
0.56803364319740801,16,1.6669818931383513,True
0.56751645995208122,19,1.3565473548096254,False
0.53993591945928288,17,1.5697252613935517,True
0.5386676574849234,17,1.5960797650542786,True
0.55317970924676074,18,1.5982548349110091,True
0.60053602185458821,20,1.4490914505407437,True
0.55960290313642325,18,1.1810924375083174,False
0.56729299454850912,22,1.4069031261445528,False
0.49585001762999392,16,1.4056453219573313,False
0.69277093419066726,24,1.614692966156956,True
0.57142615039724654,19,1.4957821370911524,False
0.53219592820664496,18,1.2415540332462558,False
0.5813506162335893,18,1.4370783411777361,False
0.54094576812574169,18,1.6007449283269384,True
0.57026961131330056,17,1.5787000222887384,True
0.6271360048406226,21,1.6293989186488156,True
0.5462263203264226,17,1.6432941548273912,True
0.65696414372236778,22,1.6365048587208271,True
0.52577499602514732,16,1.518521269069852,True
0.52822944690498219,16,1.4368569633624111,True
0.56964500449747424,17,1.6545358770814573,True
0.5269485414607965,17,1.5465557523924076,True
0.55746068053801767,17,1.5514185535340743,True
0.49730408845313634,16,1.5746543456074014,True
0.55707622108249588,16,1.6252060807926416,True
0.57905716083131831,20,1.516336609046735,True
0.52824327176327102,18,1.3570535627712272,True
0.57273535513046303,18,1.6212793272270154,True
0.55911509030447282,16,1.6475372155411918,True
0.58325613855300751,18,1.4790560721626422,True
0.59094310905970338,21,1.6194662166495779,True
0.61337439132241112,18,1.6397352664697442,True
0.69540280484304351,24,1.6517291988761444,True
0.5908806365604462,19,1.4914020300552204,True
0.56532443067402038,17,1.5504161470332387,True
0.68711816884139787,23,1.6887402548448021,True
0.56445647652324915,18,1.4572840850811148,True
0.55294042193669757,13,1.4924877518680282,True
0.62156342768356687,21,1.6607590156892766,True
0.56617036829487299,17,1.6136910169386072,True
0.55879488260321575,16,1.4171381187235437,True
0.47987089161034691,15,1.430387560534202,False
0.53685278979886375,16,1.5720486865350269,True
0.538301635999615,16,1.5300745684439274,True
0.78184310159983872,26,1.6824726280566753,True
0.5866680687765029,19,1.5869939036095373,False
0.50693764281686049,17,1.5972045755158957,True
0.58990914926647653,18,1.4984487812892424,True
0.62006264475711226,22,1.5157368350608513,True
0.55343123090473689,17,1.5913693294505473,True
0.52859012518061677,17,1.5085400427100077,True
0.5194286244098163,17,1.3307737160652371,True
0.58513392152282817,18,1.5544989804177065,True
0.57063559945417441,19,1.3223531453825694,True
0.54027705518518176,18,1.5184585125796253,False
0.59251231038244956,19,1.423550258277051,True
0.54904271194030607,17,1.4466899315271491,True
0.57080446176283373,15,1.6908632402436643,True
0.55869077109749632,17,1.5306837936920141,True
0.56986335673309985,16,1.4802743093845363,True
0.54593857475337781,17,1.4314341940283037,True
0.530072311387081,17,1.1123641076008299,False
0.53777377971196183,18,1.3960609762406917,False
0.676890361884531,21,1.6627090768290353,True
0.62609635559266674,19,1.6685985265844889,True
0.4978987040500556,19,1.3737120788431825,False
0.5545464678682156,16,1.4676248274794927,True
0.52774446900251359,15,1.6042961325607688,True
0.53915490654567189,17,1.5189393160623206,True
0.58146024654331496,18,1.3961604138883748,False
0.53573938133241283,17,1.508948245000427,True
0.54937717921744067,21,1.3989923049188133,True
0.53027683560257877,16,1.6010993725321572,True
0.54839548484572365,16,1.6006611111004407,True
0.52903498455539311,17,1.5116934588309634,True
0.56776621428442076,18,1.4897521944813288,True
0.54507113108055172,18,1.4155393758878614,True
0.56643151880735909,18,1.4674952628718547,True
0.53847508751484652,16,1.6063447487892806,True
0.56150722274370291,17,1.3825190936139191,True
0.55375629804063597,18,0.96313215066003799,False
0.58656748440258366,22,1.56422179119616,True
0.55816602658296199,17,1.5002796541147123,True
0.51493624836734664,15,1.6505320874810867,True
0.53932516798396357,14,1.542701204949251,True
0.44521527158196339,16,1.1383543341088314,False
0.58047969436148439,19,1.5523789730760251,True
0.56021576287347874,19,1.5615999111960812,True
0.52011100552252143,16,1.5323558319816606,True
0.55260057827626485,18,1.5916920810198836,True
0.6936591629962876,23,1.5438575672476278,True
0.61281156137342785,19,1.5976792517712859,True
0.52647303085475428,18,1.3971522326886767,True
0.50647737779322599,24,1.3444497043166532,False
0.70466996283999606,26,1.6519221192539892,True
0.56853094455057329,18,1.4815786615570892,False
0.49642679521131144,15,1.6342047898571275,True
0.58499868501008312,22,1.5006010631383697,True
0.55382403553495529,20,1.5632922572436299,True
0.5987637827829656,17,1.4509992769040119,True
0.50991453105492202,20,1.2753703193767711,False
0.54310902734855271,17,1.6501881431938128,True
0.5484167859744693,18,1.6256691307907021,True
0.65893095439594496,22,1.4521199367208675,True
0.5525649623418587,15,1.6834978076590967,True
0.52637267521055664,16,1.4468933739182461,False
0.57603929511520402,17,1.6297798217406321,True
0.58509529022235107,20,1.5689910602556052,True
0.56740140318731169,19,1.6425762909462489,True
0.5620397571357949,17,1.5911178747074135,True
0.56279320553594148,19,1.4801337177224232,True
0.58943996378961816,19,1.5079266254337773,True
0.54961789800762095,16,1.6432071915803477,True
0.5663865836093902,17,1.6528606007418492,True
0.57955988132638858,19,1.5979626068486674,True
0.55208486568863413,20,1.521043818277374,True
0.51089056891146845,20,1.4829710343543285,False
0.52475019218678809,15,1.6075899000011573,True
0.62575271715378133,19,1.5470356256108013,True
0.53995094259164056,16,1.5547228948765466,True
0.57368164400259858,18,1.6206105254724867,True
0.5557473848758645,18,1.5437295936633335,True
0.5704682644246768,18,1.5171665427335992,True
0.54665134220641465,18,1.4581078302623378,True
0.59488879908515291,21,1.337162228696547,True
0.56596224042932841,21,1.597422360353755,True
0.55708122568253859,15,1.4467418812508106,True
0.49710137511308222,19,1.3837370949508649,True
0.5565139581453733,17,1.5087591404288345,True
0.54707424791932691,16,1.5930556623323318,True
0.55491732968309004,16,1.664197133321915,True
0.50225017394382532,18,1.4277199821677053,True
0.59251474591742959,20,1.5826001789683877,True
0.55769014343876266,18,1.6147763742797758,True
0.54156255180491419,15,1.420762207189785,True
0.64966102566689488,19,1.6363257592676339,True
0.5837073373197107,18,1.5788304480070916,True
0.54571075347624709,19,1.3687075529954096,False
0.56902803336110352,18,1.6560760557927887,True
0.50764926575925451,15,1.6172226625148824,True
0.57537004197686181,15,1.5927148551912107,True
0.51245662083091037,15,1.5787852659085384,True
0.53040509656144907,16,1.6001106038090156,True
0.56852408893430317,22,1.5941885193594358,False
0.67731591567913219,23,1.4815967710601026,True
0.50274542455764626,18,1.3336050596713609,True
0.6044572537717865,18,1.2291048435617178,True
0.62446131802148497,18,1.4247255781662687,True
0.5744102614653056,18,1.5926986326930761,True
0.55241530833590435,19,1.5444403134764744,False
0.58087190046481907,19,1.5485632204313162,True
0.56105167596138983,17,1.6283567301409474,True
0.63939976824610456,19,1.4921154356397299,True
0.51384438509316821,16,1.4951976755644985,True
0.62772458910497519,23,1.668042587664607,True
0.50558774802144468,15,1.5441744007146452,True
0.49798777341625783,16,1.3919747071402915,True
0.54019968538782548,18,1.5025121461933768,False
0.55837126580766383,16,1.610346221755,True
0.51106840204886039,15,1.2527450762781913,False
0.64182971502707276,20,1.3960388630245821,True
0.57010201075986866,17,1.4031099278571282,False
0.56636846486390013,18,1.5362508570138671,True
0.57135798570396601,19,1.5427250123462155,True
0.56027274946472516,17,1.5747900286939034,True
0.51714816178380274,15,1.5791397920641259,True
0.55890126229843218,19,1.3815066969657026,True
0.61504314312703579,20,1.5918263829950681,True
0.62308612373364258,21,1.5059360746317281,True
0.52317954317518522,17,1.5418167022650142,True
0.51346893712650998,14,1.5594225503255306,True
0.56996926282754767,17,1.6446081774887638,True
0.5628196879745323,18,1.3826860411029771,False
0.5927606059716295,20,1.5144159488577575,True
0.59732984108976495,17,1.7080064257995271,True
0.67523908608451799,22,1.6824247838424293,True
0.55387447252011046,19,1.6055102090682509,True
0.62793798093963293,19,1.4741108296685901,True
0.51686439409768958,15,1.384140986045939,False
0.57172867148991025,16,1.5685852811765668,True
0.58695288936345968,18,1.6973081845307061,True
0.67926850018631246,22,1.5875950584024574,True
0.54749927699768186,17,1.4966838338228037,True
0.51949816888947631,17,1.5910773964695422,False
0.5606359702811573,16,1.5023997378074416,True
0.50765892232894905,16,1.3677141644129915,True
0.55678605216075605,16,1.6752997869668036,True
0.55022444888289845,18,1.4586070624213585,True
0.53782291345824751,15,1.5877000738706808,True
0.60447447919220376,17,1.6868556143825408,True
0.57632320977744245,16,1.223519214003286,True
0.54013302711007405,17,1.5734907364642885,True
0.48744542466697521,19,1.1825338197216042,False
0.56165527570558071,17,1.5857435479277087,True
0.53957386793540818,17,1.64644512115829,True
0.61964054007557223,20,1.5675787131395233,True
0.54408585223363737,16,1.5183742335969017,True
0.7414795093812746,22,1.7023197015406819,True
0.54991235069796263,19,1.2076195876819422,False
0.54393705383768076,18,1.2016825990589215,False
0.60936543834335211,19,1.630943734637686,True
0.57049029744780277,19,1.5676428072975392,True
0.51187969287042423,17,1.4416506935887552,True
0.56741924879858907,22,1.4711472823017842,False
0.5780003870771897,16,1.7158712980740316,True
0.5720712867333515,18,1.5736226173674541,True
0.58179772485280612,21,1.5072194265210337,True
0.60745922465736857,20,1.3773228368309771,True
0.52422832945137976,17,1.4481069874021739,True
0.52488972913817611,18,1.259672187526528,False
0.58962957092810497,20,1.3591810460164859,False
0.52620062358058195,16,1.3266865784563695,True
0.78301403428501271,30,1.6142524525355049,True
0.55009781092473742,18,1.3600164075666223,False
0.55617433480090683,20,1.2413591080103239,False
0.64681022786200604,18,1.4107736468542824,True
0.5212550132920305,16,1.4158265772749956,True
0.60323311604074659,20,1.5768938872159139,True
0.76164507953366034,25,1.6854512609000121,True
0.54612489256080043,16,1.6852113542415832,True
0.55968046767030544,16,1.4808562990097756,True
0.62054287399076646,18,1.7164918676579322,True
0.6786231393444494,22,1.6827747265077366,True
0.48035596589202084,16,1.3883325120363739,False
0.54807505771802711,17,1.3475797045146449,True
0.59460329272175849,19,1.595649928784266,True
0.57501739844457223,18,1.5884782187639463,True
0.58691312887883385,20,1.4547300910884822,True
0.54293749214581588,16,1.553749458905614,True
0.62348636227368925,21,1.6353930263478946,True
0.62891977134496924,20,1.5963343082728998,True
0.549167797791691,17,1.6095849278342598,True
0.56354429472511525,16,1.5837496729214997,True
0.57714778744172723,20,1.5325508276502791,True
0.75186304926547265,27,1.587273785302461,True
0.55755750310141505,18,1.3606199868106983,False
0.4898049716818732,14,1.5307690491883814,True
0.5555610373961215,19,1.5484938156407546,False
0.55294147051564557,16,1.6728202118433846,True
0.56856708971836722,16,1.6790525883122958,True
0.55536152356083757,15,1.5217516237705611,True
0.54040927337627376,18,1.5289894161880546,True
0.5549133481041636,18,1.6393990186334946,True
0.87081912419450702,43,1.6766587787259182,True
0.57090852567904837,19,1.5669119247615988,True
0.54125584294592344,14,1.6649777169289173,True
0.5606012497736742,17,1.5470642945964133,True
0.66803211382615912,22,1.6327916890559098,True
0.59150575669807037,17,1.5135404881870276,True
0.57016750721409581,15,1.6951872162807524,True
0.57265235425139116,20,1.2185936852509724,False
0.59020821944353907,19,1.4060331643721822,False
0.50678541475672256,19,1.3048835772337861,False
0.64898321126477265,21,1.6500617377304887,True
0.49467741102906831,16,1.1270516454126414,False
0.49244843724758947,17,1.2039954150432155,True
0.54441384885770339,16,1.643941006300476,True
0.58070237998619989,16,1.6290101664263485,True
0.53559823995673994,18,1.498372105466496,True
0.55949018600888734,19,1.468058608382413,True
0.56244820610233115,20,1.5002464215480888,True
0.54066181165839533,17,0.95933284616344172,False
0.63445956064884523,21,1.6592715663188606,True
0.55920734432646801,20,1.4133294013539484,False
0.56003113520194236,17,1.5880487657110138,True
0.55181470131119281,16,1.5280826162400392,True
0.65346424658163949,24,1.6584603443782779,True
0.53794236685831609,18,1.3534837742478227,False
0.54509060786674812,17,1.0496398044548789,False
0.68302774508335462,23,1.6352160201355623,True
0.57707698172129096,18,1.6290650048740316,True
0.59281931633298912,17,1.5097328751982577,True
0.51305372357971368,16,1.5917789633119921,True
0.62074553997579374,21,1.5642939230522772,True
0.52955273232203948,15,1.6381828702925771,True
0.57431247272078356,17,1.5571258686686018,True
0.55399502093752828,16,1.5717650690793736,True
0.60316839111824405,19,1.5294037970912695,True
0.52667586654587695,18,1.363883542251596,False
0.63720315207444389,20,1.5707374204447697,True
0.55979893244941525,17,1.4977645050658159,True
0.56529452060825591,16,1.6465573252717021,True
0.55650277573410545,18,1.6425319342867781,True
0.5265944223228739,17,1.398238169036556,True
0.55310543193666339,14,1.6900647431148756,True
0.53123950955588461,15,1.5777447535952374,True
0.56950702080085147,18,1.6532972470733107,True
0.548964846884339,15,1.6940825389614964,True
0.63460047966716426,20,1.606586627700235,True
0.51942880282645454,17,1.4508409381128535,True
0.57718517198341801,20,1.5899055743456798,True
0.50740872500687717,17,1.3250530667904568,True
0.50985526607144693,16,1.3261199002721251,False
0.68021668747256225,21,1.4952950848617947,True
0.58402983418945642,20,1.5668846047649265,True
0.54064164427317962,14,1.6776951071166533,True
0.52912647322700446,16,1.6115419954082777,True
0.53809059054434316,16,1.6342700341271774,True
0.60009087828921026,18,1.631488153976254,True
0.54232663351138666,15,1.6691975558641954,True
0.53288635227501202,19,1.2774267885092596,True
0.61516292782053339,19,1.506072753430528,True
0.61601199960527731,18,1.4702105508834551,True
0.6635465367229455,20,1.6439391750782171,True
0.5382056667863423,16,1.3962856354390618,True
0.49703673768336865,14,1.6511212903765375,True
0.55884177384417444,16,1.6694984974215032,True
0.52876050119243823,19,1.183206779955378,False
0.57997633862688602,16,1.2814985249000539,False
0.56487478127029067,18,1.5610684234914114,True
0.62226494970791979,18,1.4199252924134289,True
0.5088439549892958,16,1.4700765333275654,True
0.53398889004292271,16,1.4811911617199969,False
0.5378280506276788,17,1.4855908196144463,True
0.50446757928147179,18,1.3565141829911398,True
0.56589777391827922,19,1.2515367216121389,False
0.63540009512819851,21,1.458633369298314,True
0.5435438424905904,20,1.2057063034783153,True
0.55106231104270076,16,1.6797159331810552,True
0.60088324211144462,20,1.6969148084553458,True
0.57075562294379711,19,1.4799308582962083,False
0.54265316400768948,18,1.5149637294416434,True
0.56400148781946069,18,1.546053179022209,True
0.52147363841996497,16,1.3841428639607556,True
0.56199599723509364,16,1.4451440762168382,True
0.56729655466845441,16,1.5736096699880029,True
0.52864267513098173,16,1.5716136544941526,True
0.56589298738836658,20,1.2298502917930185,False
0.55531521228660985,17,1.6775771783000579,True
0.5050429718684567,18,1.4098274169943907,False
0.56282303554382707,21,1.4894043941740054,True
0.56763475040542777,19,1.6636012809625909,True
0.56003532962380487,16,1.599828107276561,True
0.54251419915304921,15,1.3775146781672631,False
0.49354748285432759,17,1.3563345967732021,False
0.52099283153454012,16,1.5703461997992418,True
0.61542112631602197,22,1.5817319785379635,True
0.61989010927738797,19,1.6109748346808281,True
0.5221410011288381,15,1.4636924226221477,True
0.60637798962999911,22,1.63694872999398,True
0.57009235254009749,15,1.5819320999413606,True
0.56652560987094713,17,1.6331389842173902,True
0.56364767793200421,16,1.6508079289084576,True
0.52937408722224377,14,1.5566066637232354,True
0.54619232246644378,18,1.4763450923190213,True
0.58357515957663497,18,1.4197371203637015,True
0.55345638233613526,18,1.6142533792529885,True
0.52642930783604258,17,1.3234084272273912,True
0.5148959067447173,16,1.5742689634949629,True
0.56382101821975994,18,1.5329043939328462,True
0.6044224205074531,20,1.6880914785675836,True
0.56817286617248342,15,1.684822650419586,True
0.57484729889959651,17,1.6617517366707137,True
0.58115977480219339,19,1.5671028943486693,True
0.58584764601493555,21,1.5922751289938757,True
0.52064450911512916,17,1.3880261922175616,True
0.52988430407150755,18,1.4942428470463169,True
0.70429410311603424,21,1.6262207443411461,True
0.52153569814602885,18,1.4824439009700061,True
0.6180439159479747,20,1.5709191928346931,True
0.64533411792243678,20,1.5060173888246722,True
0.5417354889663788,18,1.4497755751891996,True
0.53129790185760151,16,1.5172584968767242,True
0.56876693410964618,18,1.6431186367140835,True
0.53925221435225568,17,1.592478658530518,True
0.58018001640375916,17,1.6060787426637657,True
0.56924856411485647,17,1.6408299568505507,True
0.57863734715709436,17,1.449586068224582,True
0.55704911565147142,18,1.5618526827600283,False
0.544862712108378,17,1.6282549318057276,True
0.57344579419257846,18,1.5912169649381249,True
0.52226661177793376,19,1.5384512999950235,True
0.56772838058157982,16,1.3790934604208225,True
0.5222154822818833,14,1.5776097008849073,True
0.58492997806935665,16,1.5370122701312352,True
0.55798249907922115,17,1.6020430335156628,True
0.54778787803126527,18,1.6474766543550055,True
0.52050093702039202,15,1.6179972384346049,True
0.57934734899415263,17,1.6497415170813576,True
0.55368285944925355,16,1.6689661460797323,True
0.56415165488642782,19,1.4536716187941023,True
0.52713754376914834,15,1.6377665707866791,True
0.56650159277055101,18,1.3151589825656804,False
0.54467411521625897,19,1.4809493860563692,True
0.57033738965036029,18,1.395750217664337,False
0.48373945836322818,15,1.0102021157588184,False
0.5041130584609449,16,1.3535189443406705,False
0.64761531019168128,18,1.6218570010728652,True
0.60104381531557971,19,1.4474708944116108,True
0.57142604723158896,19,1.4094799580683914,True
0.54309332438456437,16,1.3359181359093424,False
0.57130378073184596,15,1.6509039137383044,True
0.59862675421175471,19,1.511239418535786,True
0.58524267493861692,21,1.5141386530434753,True
0.58182062923201761,16,1.5919068872756186,True
0.56714175332932659,20,1.2914907823249322,False
0.71142449831134924,21,1.6556119594266667,True
0.59983431608273485,18,1.5673036511996408,True
0.56260750518129177,18,1.5336724913844306,True
0.56993368065253081,17,1.6375069700439431,True
0.54799485162408013,19,1.3573845309260111,False
0.49316182442415524,15,1.5881014364528485,True
0.59740945591395522,20,1.6303376198262678,True
0.49796772225129954,16,1.531551671811749,True
0.52937333221182159,17,1.4731540016988711,True
0.54177345608306038,17,1.5557469905274888,True
0.56877356521151956,17,1.6686887111230362,True
0.54272437314976085,16,1.6174902267870661,True
0.56527278715349738,16,1.5675796103070789,True
0.55831883126029902,16,1.6946483986567424,True
0.66025664117167526,21,1.5570192753837975,True
0.54934169771267827,15,1.6665341786585612,True
0.62934322742930038,21,1.6081693257935068,True
0.58561510029076114,19,1.1278752949169628,False
0.58401248474613754,16,1.6626670465702469,True
0.58524319164905469,20,1.5830877824261844,True
0.57677138308532139,17,1.6010147608209255,True
0.5626420856252794,18,1.452981318655344,True
0.57576205054560292,15,1.6610475945973415,True
0.55899041381495729,18,1.5569892682696327,True
0.83729422368886541,33,1.669405088958648,True
0.50886078037216353,17,1.3745014472734434,False
0.57074658211250007,15,1.6677989105439428,True
0.54463875212349588,13,1.627927556822653,True
0.57015278106423584,20,1.4253691627894132,True
0.52008457439438815,18,1.5770591044231461,True
0.54004932548741658,16,1.4851399410189976,True
0.55021380009872534,17,1.6007307734742202,True
0.55931814948989433,17,1.6199031471667644,True
0.65898349177726256,20,1.6282305579789214,True
0.57752099395463441,17,1.4904447523066944,True
0.54316346283003925,14,1.5300157923265372,True
0.57181854051229497,20,1.2454200431776772,False
0.56109495143173549,17,1.2196312911212657,False
0.51464262581658338,17,1.510070488192107,False
0.59018019107107644,21,1.4307938158239284,True
0.49858799152802175,15,1.4611593149769631,True
0.95734730985385585,41,1.6900903978591524,True
0.56665510242679196,20,1.5338295077067654,True
0.55539353601927433,18,1.2984086403932822,True
0.54882160323375651,19,1.324322607527316,False
0.52849044798297695,16,1.3930344923650364,True
0.57769464179159724,18,1.5087423199025012,True
0.54934225761892175,16,1.5995151974872206,True
0.64741737718357217,22,1.7022594528585759,True
0.56491480257130378,18,1.6216038385163023,True
0.47757096302535057,15,1.4742293007931717,False
0.53840416742193531,20,1.4601777252666523,True
0.64382204716920499,23,1.6593580554405654,True
0.47409820998210156,15,1.4448804544420202,False
0.57913935610139,17,1.5423475453285931,False
0.60168292615383234,21,1.5187582596616427,True
0.572979710007673,22,1.4143691964897032,False
0.5550909530700382,17,1.2093920059018388,False
0.50207004845459979,16,1.3641577382539138,False
0.57302625195865187,18,1.6439858479953193,True
0.5466727370796518,17,1.5315903300248594,True
0.54708766469150283,18,1.5857502867348563,True
0.56157300357899431,15,1.67771873027092,True
0.55241059718364516,17,1.3436896793263127,False
0.54096198529484563,16,1.4113869495395734,False
0.53820252874000729,18,1.4835365612623996,False
0.57914861718323429,20,1.5222708353939436,True
0.52642190069906747,17,1.4872418005700787,False
0.57801367802249437,17,1.6152786334029463,True
0.57624578749588151,20,1.5269918152238071,True
0.55834666093466556,18,1.6757062108123288,True
0.55795826784273472,19,1.4742648579116642,True
0.53542515428067561,19,1.4700949815061288,True
0.56994089114090485,17,1.6411476034349517,True
0.51063466498675003,17,1.4135866432403486,True
0.62456373826062039,19,1.5412606255991559,True
0.56122156954864033,18,1.5734720178003085,True
0.52186251229360914,18,1.5062954422067614,True
0.5276082957746886,17,1.4782825927243042,True
0.5404833308210174,18,1.3487054471288411,False
0.57870249650082506,19,1.350486170733765,False
0.65657296684318678,22,1.6807927782156864,True
0.63698153968232651,22,1.6576305417637887,True
0.55035332822318694,15,1.6162593077015184,True
0.55093668992303291,17,1.6040948853740959,True
0.5722470643730484,16,1.6090999376548691,True
0.67614354133391519,22,1.6374245576734752,True
0.52833812194187879,17,1.5032915407863379,True
0.54348861910223845,16,1.5961921950997631,True
0.52719592626096623,15,1.5336601376541463,True
0.50146736108551926,14,1.4817713343416128,True
0.4620977182913123,17,1.415388280908477,False
0.55414975980276171,17,1.5841610096864318,True
0.52227281942958981,18,1.497625726309934,False
0.59616149314799372,19,1.6299641062700529,True
0.56285247400483351,18,1.5713235093545495,True
0.5417140411660426,16,1.6917547223806082,True
0.49215421454770819,16,1.509858109414894,True
0.56550129918423409,19,1.4057311879655865,False
0.5500686547337813,19,1.6315280024186256,True
0.56639499005414629,18,1.3658876646063727,False
0.50580790469840886,15,1.6265355729489459,True
0.53473901334129481,16,1.6154781872262387,True
0.54097243150667806,19,1.3779612188830483,False
0.56858045322517048,18,1.6804488298411953,True
0.68393547086446194,23,1.6292136381242188,True
0.6008773015552642,20,1.3455063841554811,True
0.64906676928253371,21,1.6347658953421107,True
0.47912482977631038,16,0.91306810305877129,False
0.5384544028113265,15,1.6560308602001568,True
0.55328505089251767,19,1.2384887021600592,False
0.5953304648964064,18,1.5726707218915086,True
0.55958438323188853,16,1.6747753333141639,True
0.56083211554786883,17,1.6124982017659391,True
0.52765851274620446,19,1.2905715811407015,False
0.51243756731692025,16,1.5872802462057918,True
0.56670732460059092,15,1.5179263549722282,True
0.59756302059361444,19,1.430644872716921,False
0.54163483957024006,17,1.5601591432357111,True
0.61002222189420641,18,1.5717795915061552,True
0.63070115420366324,19,1.6068169213450141,True
0.58136326751411349,17,1.6087313952091351,True
0.57706788895994277,17,1.6268147041487202,True
0.52568409199782318,17,1.4101698208396789,True
0.58181059014187231,24,1.6038234585021636,True
0.49109660916108006,17,1.2865228707675003,False
0.63516365204511682,18,1.549228086862328,True
0.47085721935345348,15,1.346425321015807,False
0.56438861480047853,17,1.659892065779929,True
0.61576576003906691,22,1.5628717813932267,True
0.56430196253719,17,1.5794002553226765,False
0.55257676526591015,18,1.5492761580933716,True
0.58248077565865652,17,1.3455051571253025,True
0.57060558837503572,18,1.5595790580879378,True
0.52007970717926089,17,1.5206760025459709,True
0.95476232529107496,26,1.6437697358289205,True
0.51608305656526088,17,1.2113329388123701,False
0.49486517201935709,18,1.4311759037540976,False
0.49522645605492316,21,1.3979336660336654,False
0.52198791693577029,19,1.2066055584317315,False
0.54403908666752643,17,1.6007594769669127,True
0.56609909696541594,16,1.6723086947885759,True
0.6189490572026598,18,1.5635348699091136,True
0.52465430502190169,16,1.5744144639502908,True
0.64458890731474694,21,1.6791522906779994,True
0.63351326629012616,23,1.6755606572947723,True
0.53991796165556916,15,1.4596631874230872,True
0.55427177555055063,20,1.389826556961822,True
0.56035679546418726,17,1.4247391906271742,False
0.54752190709810211,17,1.5741446346606536,True
0.52383945937094412,16,1.6549063972979516,True
0.65625417617840043,22,1.6444409976809806,True
0.65019175713622024,22,1.5670162761784352,True
0.59051324314556353,17,1.5409152058314344,True
0.52720878283276418,15,1.4473303434796401,True
0.68036752662174871,21,1.6692482774972042,True
0.51123511694598744,17,1.3966973946651631,False
0.54520407252626735,18,1.474766457281546,True
0.9530472312409336,19,1.6906541836322895,True
0.53713511732368724,15,1.5925737395732764,True
0.56381344840984504,18,1.4923166266875516,False
0.53052300970616351,16,1.6202322260885496,True
0.5375942716372587,17,1.6504381776283816,True
0.66904480505289154,23,1.5446902473386119,True
0.54682312831043489,16,1.6092778179621396,True
0.6398309138311985,22,1.5681589206039184,True
0.50473182992914434,17,1.4799548105714564,False
0.6142112416351756,18,1.6285541014093374,True
0.62005158756560896,19,1.5936150750194464,True
0.57105418125881091,18,1.6312467063206808,True
0.53426295363826937,19,1.6020085001153881,True
0.56621888003051535,20,1.3763642209408193,False
0.50149180802711024,16,1.4005905995348193,True
0.53875851908082006,16,1.5588286547305854,True
0.55781772679247188,19,1.6015320272052944,True
0.53625577927718227,18,1.3290470589343335,True
0.58245406074621953,15,1.5622761036949453,True
0.51453628329946033,17,1.5507964899258502,True
0.52482813663062011,17,1.4218165168195342,True
0.50068767440906026,15,1.5832378975777259,True
0.57685869670908019,19,1.5606188214458692,False
0.56625849009163653,19,1.4932976848444528,True
0.60256909173287576,17,1.5478422606655224,True
0.53840862166616932,17,1.4545738307912452,True
0.68591269886391848,22,1.6721631189788515,True
0.57503644939902809,20,1.4222110793147882,False
0.58110592416112261,17,1.6401319912652723,True
0.53202733355051013,16,1.5854506190323596,True
0.51593345623411746,19,1.4667124950674195,True
0.59733788204329941,17,1.6675384714346708,True
0.5821951552984127,19,1.4968896284551414,True
0.498463692587505,16,1.4043774747257216,True
0.53388142148189943,15,1.6546026094323023,True
0.56749777883265462,18,1.4868819013146009,True
0.57682896459810884,17,1.6666711908313201,True
0.5095030995290174,17,1.482080800588861,True
0.58532377371896793,18,1.5434536823060541,True
0.58774127679759403,19,1.4706173787421721,True
0.54214814424419644,18,1.4996100625230138,True
0.538305362644106,16,1.4501140149886695,True
0.54363983753232692,17,1.5406875302888616,True
0.64170095964247253,21,1.596010028814574,True
0.5550466496931481,17,1.6540279339541857,True
0.56355695094451397,16,1.6476109325042034,True
0.50106153046420054,16,1.322282006470076,False
0.57124295132173453,17,1.6426372427414475,True
0.55152742126205789,16,1.6750109179682504,True
0.5538438583557268,18,1.5168804707977579,True
0.52543293376313094,17,1.4370501653147247,True
0.56285749515497219,18,1.623224443037766,True
0.5170093924618665,17,1.4353146240945724,False
0.56788885448026527,16,1.5918136601207944,True
0.54932909536346863,20,1.3729729982130232,False
0.55680999775276407,17,1.6668821712269701,True
0.50731832000836263,17,1.3381714226934656,True
0.67205345443572595,22,1.5216575780821233,True
0.49783698228085954,16,1.573656367135797,True
0.50104776529635042,17,1.4229506639303253,False
0.57083346588392614,19,1.5977040317011293,True
0.58982575382597568,20,1.5487274191884259,True
0.5172817576243629,15,1.5184084905138071,True
0.5363215176664502,18,1.5803696098815847,True
0.54902383740612093,15,1.5775789371616034,True
0.54128867362440303,18,1.3204114528007631,False
0.54844493331838229,17,1.3316125324194796,False
0.53855041736399945,18,1.4809519394811765,True
0.57401716233589972,17,1.6999217313918986,True
0.53791581107221842,18,1.5381366174128766,True
0.6200300229088902,20,1.6382588105893439,True
0.56391903065071325,21,1.4710813259061202,False
0.58380288982950579,18,1.3757475662046821,False
0.59385692207571861,21,1.496414186077949,True
0.64719253684345335,20,1.5000598974670343,True
0.53476136873537228,17,1.6096025223307404,True
0.73729189978298759,25,1.6388546972858986,True
0.57920609296439285,17,1.5828399111500027,True
0.58332557646112715,16,1.2449128056993679,False
0.66328921307657951,22,1.6546769282292613,True
0.54984749212629969,17,1.6504596208502758,True
0.58161440253545293,17,1.6311676620386044,True
0.53434834470952997,17,1.5727013529718528,True
0.54840088613061855,16,1.314330731632638,True
0.55502041261326618,17,1.5809711657328194,True
0.54368906673419981,19,1.4308647486691506,True
0.49844485395534582,15,1.488180580535815,False
0.56929247582114284,17,1.4262639025891553,True
0.53055182279504465,17,1.5677019415175077,True
0.54143188130480868,15,1.6421379439120716,True
0.55296886688174152,17,1.522984780451704,True
0.55645366529504459,18,1.5963706839635992,True
0.57815688569701951,18,1.309929504453947,False
0.55226023564245641,18,1.4967372604526128,True
0.54973536872710538,16,1.6236890942194344,True
0.49423667189320974,17,1.1668397653386804,False
0.53919650841746669,17,1.5994883371933677,True
0.63620373324960566,23,1.6793203900134295,True
0.63002830524691589,21,1.6515406083728466,True
0.58706177221144051,20,1.4979404273278665,True
0.55965059601253775,19,1.5739430874370053,True
0.59802622361933322,22,1.4658489130878694,True
0.54289000252418473,17,1.6549093703461262,True
0.54722145030426861,19,1.5058650096517112,True
0.58497132788421746,16,1.303672815731941,False
0.61646058292064443,20,1.5464751779892447,True
0.59218124831316232,19,1.4682299594640029,True
0.50164138538502112,16,1.3279932849961733,False
0.59183827647686371,18,1.5346425058815298,True
0.54826655985950146,16,1.5432581857205276,True
0.55258393099764791,16,1.5976007694710694,True
0.54847454460149703,16,1.5820278909566405,True
0.58085095967370759,16,1.6432723819990309,True
0.6166898668277041,20,1.6434889729386877,True
0.56255423236583635,16,1.6516046629347423,True
0.62349768153032059,20,1.5364551302021918,True
0.58604043208629408,18,1.561588950318342,False
0.56850009692253745,17,1.4747121848066229,True
0.53236535012404129,18,1.5660993660742173,True
0.59653477590037829,18,1.4634370776645025,False
0.49011710070510101,15,1.4362040984552769,True
0.53588457605923123,16,1.6147415180911575,True
0.55298400064695363,17,1.6522827799968471,True
0.55423673820625896,17,1.5199883937312011,True
0.60419404590956727,19,1.5521668529414085,True
0.50628327789672256,17,1.389548134172317,True
0.52463341713218825,14,1.6117188765065504,True
0.56271110945228775,19,1.3876555049978447,True
0.52830206011025471,15,1.6829688188172356,True
0.53774851308117433,18,1.5621694586807571,False
0.52223167216705946,19,1.479966756048505,False
0.56278706332455974,17,1.6653985849655821,True
0.62447934704032348,23,1.615073816362917,True
0.55908375987711523,17,1.5213010583732265,True
0.55435523915194984,15,1.6827315397735159,True
0.57732765216416415,22,1.5558902624046473,True
0.49063652628564253,16,1.4366414364676208,False
0.588803220649181,18,1.6849916023144522,True
0.526770812752406,17,1.6139423520824989,True
0.60942158355748943,18,1.5390978502930135,True
0.49920470311012843,18,1.3555332382021323,False
0.57003636554398296,18,1.1734475749481448,False
0.57689368163413035,19,1.4493289879584035,True
0.82319716948405608,24,1.648098111436525,True
0.53699770441542216,18,1.5241854783238526,True
0.57914850077149427,20,1.5628307897075457,True
0.57220651992887117,17,1.6276252724129772,True
0.57541082968119539,21,1.468368708171607,False
0.51248781451162362,17,1.5422151531394923,True
0.60462329371516976,20,1.6950494262441629,True
0.5805313487121706,20,1.547299452848182,True
0.58805527264249136,20,1.6506214406789295,True
0.58712972730514423,19,1.4148133419616375,False
0.4449941397397944,16,1.1723345375689924,False
0.58268983372942873,15,1.2997090593339646,False
0.5513644265465435,16,1.5285110103201911,True
0.49555716416361706,16,1.5566979261652703,True
0.49103290504893715,19,1.2072930201039584,False
0.4839712960450937,17,1.434027437613276,False
0.60004407507629076,18,1.5338389972759472,True
0.59630520893360539,19,1.4901677581008925,True
0.55326180200911246,18,1.5257164816609998,True
0.53689090867104217,16,1.589601659947089,True
0.56286322373319031,18,1.5727708835716991,True
0.57171693077149521,18,1.5999131263703235,True
0.54944341889707482,17,1.6185854907184112,True
0.54430310768765244,18,1.2196733089417191,False
0.7017231287182204,25,1.5844659732723472,True
0.53791638324473523,18,1.4367536941932486,False
0.54469547926767881,18,1.4615337084253301,True
0.51875099715066941,16,1.4013908672992108,True
0.49076271679093925,15,1.1198201145780429,True
0.5715628962096323,17,1.6280252642476396,True
0.54907026591705888,20,1.375832855537664,False
0.55604051640464336,18,1.4570655422906975,True
0.5081789473933267,16,1.5730780882033486,True
0.49015973731547069,16,1.4347071327785816,False
0.54067068825045161,17,1.391253111939972,True
0.57688434223895768,18,1.5145653951447802,True
0.55017807548577669,17,1.5597361969303891,True
0.59950053164427264,17,1.574979864115317,True
0.5670888364162513,17,1.6709950011513977,True
0.57770043771384338,16,1.5891546397448248,True
0.60213727100907188,18,1.5059112797280636,True
0.52395117226065013,15,1.5007991064549084,True
0.51068290514945758,16,1.508004750686383,False
0.52975871015147113,17,1.4200169446646671,False
0.56305030925164123,18,1.6015333843760335,True
0.56768350241773813,16,1.5081818320491263,True
0.65585371826278616,20,1.6973859933381865,True
0.56039435587189124,18,1.5421268540403312,True
0.52628093719824565,21,1.3254640284856809,False
0.48238743781302074,16,1.3654301141699148,False
0.59113952763111377,18,1.6252739540325121,True
0.63843705859288347,21,1.5670102751225683,True
0.56804341233138689,19,1.3698972508913319,False
0.4921880374387288,18,1.1180674857953568,False
0.5296454615043843,18,1.3244559934602518,False
0.58143722103880491,20,1.5877188000041551,True
0.53242808670139685,15,1.6309613561703287,True
0.45314018837315279,18,1.3333605630348189,False
0.57742853847216158,20,1.4339701971717369,True
0.59173602712149875,19,1.4325839433430669,True
0.5496059444587077,17,1.5945907436476132,True
0.54315731153536329,16,1.6021301999263042,True
0.54781292469185916,18,1.4218974991829316,True
0.51764956221937175,16,1.5450358105483455,True
0.61547466509758275,18,1.4970187801607282,True
0.58714086159570089,18,1.534550615061296,True
0.5298890104478664,14,1.5703874346034907,True
0.62855327197452648,18,1.6156054603620478,True
0.47061644893631344,15,1.4544209283260803,False
0.525959110037719,16,1.5018646893265688,False
0.68620472015275746,21,1.6259230752997389,True
0.57880293310811592,18,1.5452124361474744,True
0.5539387403392797,16,1.6261759248422121,True
0.64277311653444957,20,1.6595839116546371,True
0.5576222813997419,19,1.4900678333038861,True
0.55007001153074919,15,1.6459639130564101,True
0.60901277596990977,17,1.4894852673443186,True
0.56830238599593419,18,1.1859367878270957,False
0.51075833204607834,14,1.642215934296573,True
0.77912135155867979,26,1.652716207571816,True
0.57288445160245072,18,1.6088604646525153,True
0.57100393512743952,17,1.4983151687199969,False
0.52191798150041491,17,1.575190712739877,True
0.60044666223742316,18,1.5609652294722325,True
0.55488835823864613,16,1.5232520646551566,True
0.54612968958554564,18,1.3312015859732695,False
0.58145145413643762,18,1.6743091550550464,True
0.50595899333521033,16,1.5702103351558201,False
0.59411341204924584,20,1.6805925266622828,True
0.52611774688928625,17,1.5078856669598402,True
0.58648472216058822,21,1.6158999668202783,True
0.5440230564702464,18,1.5315388345508072,True
0.49258447902165914,16,1.5668366245864376,True
0.5280334219481968,15,1.3605409881561508,False
0.56726129441907958,21,1.5103081072557552,True
0.53706294356019146,15,1.5960573329452208,True
0.49413925460802871,17,1.3964320255344833,False
0.54863663524065842,19,1.5564856242128229,True
0.52248518202883143,17,1.5098271708197655,True
0.5172911425872051,16,1.5781359072810344,False
0.50911287619514967,17,1.3885825429533856,True
0.56200206907553951,16,1.6909242743371233,True
0.51882908914810011,18,1.5632409656302257,True
0.5307177296409149,16,1.4355738084629357,True
0.5559272601337506,16,1.3701026950503099,True
0.55753826286470565,17,1.6098457096681582,True
0.47604216692213153,17,1.3424933487408861,False
0.53725451617914199,18,1.5033179833943029,True
0.53325871219131515,15,1.4620586545333105,True
0.50671309066413517,15,1.6065102205383495,True
0.55576087490644288,17,1.6500211523519541,True
0.53495668440553679,15,1.5864949862572233,True
0.63260310723460411,19,1.6568404478612422,True
0.59622801995040831,22,1.5618411922941375,True
0.58605404665413474,19,1.5021660055854307,True
0.5600031857246911,19,1.3102583442624547,True
0.58609278747452087,17,1.4951441462013295,True
0.56860170764115359,16,1.6636962149105199,True
0.51631406704640048,15,1.4416252922207018,True
0.6004343860550263,20,1.6040804236964756,True
0.53602719495323448,17,1.581716608447356,True
0.58015722190798202,19,1.5570162576311894,True
0.59311857716654215,20,1.4030098990804472,False
0.57095004154610007,18,1.5058384090390597,True
0.56207681484656147,19,1.5762679625060141,True
0.53997831765414928,18,1.4958874331386758,True
0.57886587245004972,18,1.3455810025431931,True
0.57123016910553026,17,1.3731525598094034,True
0.49050272868606409,16,1.3374374766251966,True
0.59825310463101122,18,1.6398996419109424,True
0.52859282599577539,19,1.5662041666591626,False
0.5604432520901389,17,1.6215150968688758,True
0.58950101692090318,19,1.2592882285058178,False
0.56543785057575646,19,1.5168306468151529,True
0.56383107298767277,16,1.5672472639216675,True
0.55511862288344604,18,1.5439585023570066,True
0.63115298729348457,21,1.4697895690646423,True
0.53756443276399413,18,1.489003850695791,True
0.54305543857543415,17,1.4652594720342775,True
0.6064167562147269,20,1.4893589078341545,True
0.55699605568697308,15,1.6962592153245226,True
0.5611381937094162,18,1.5411532057389674,True
0.57135206821154982,19,1.5775473190741667,True
0.47314418808241632,19,1.2149747034825327,False
0.54682518616672782,16,1.4631590613678265,True
0.53534368223916207,17,1.416339910209683,False
0.59102269004919572,19,1.6848834432072206,True
0.48481723076614713,17,1.1556264827523079,False
0.56907999398533937,22,1.2273854163930964,False
0.56405853544109741,19,1.3967288869943135,True
0.55682266151939652,17,1.524868259892201,True
0.48989661881929331,20,1.2321481145235365,False
0.51155813458175814,16,1.5516218881954535,True
0.5685254212066585,19,1.5918761304004201,True
0.48713283391078488,16,1.4390419928941403,True
0.73008601293260111,23,1.6394250656499405,True
0.56102850460504916,19,1.5286263652037657,True
0.52133627494196999,18,1.478198176676274,False
0.58668210323448289,17,1.4273249215759727,True
0.53457373661691254,15,1.2339071354264017,False
0.55821755517229465,16,1.6864052654684087,True
0.54993142287554375,15,1.5196116029139344,False
0.52274176007423467,15,1.6839134906088837,True
0.53966140378785366,20,1.2948679513995356,False
0.60925417079353705,19,1.6397320820037418,True
0.58774764656651968,17,1.6815140074657,True
0.95229729044983602,33,1.6706095261891518,True
0.5203103174390159,20,1.4483639685812333,False
0.56909099206514224,18,1.5488353265156254,True
0.51355869681953192,16,1.4106001332943396,True
0.53731455526889571,18,1.5383991600132525,True
0.52672127519320744,15,1.6275584544691952,True
0.5861989300977527,17,1.5399358429377978,False
0.58159126350481183,18,1.2154111769209581,False
0.54058085958658164,21,1.4955702863876925,False
0.59449183648807136,17,1.483232751183829,True
0.59126313739997105,19,1.5427140287191763,True
0.54682885639195333,17,1.569158881889511,True
0.56711264977802833,15,1.6153600071138661,True
0.48779217085232823,15,1.5089940518965834,True
0.61427156032178865,21,1.6505528263862557,True
0.56160451944128864,20,1.3564489101830639,False
0.56297337967414818,20,1.3679369633701672,False
0.57531686961229833,17,1.5196583649900908,True
0.56918163813140565,20,1.0765911321648958,False
0.57144106710019404,14,1.6826828181097331,True
0.58394970496367637,18,1.6161727677488755,True
0.56831772683775461,18,1.5115145553482578,False
0.51407175786579351,16,1.5598427079488715,True
0.5668260626252295,18,1.4336380492813137,True
0.58759698681896499,21,1.5035908908679441,True
0.5050829341817259,19,1.3922066018741863,False
0.58851799773815971,19,1.5084515227484887,False
0.58728461278931798,17,1.560199109268932,True
0.53751772445170709,18,1.4729229138492839,True
0.53539484187113007,18,1.5094738375818784,True
0.48549232540638459,16,1.4366114262063086,False
0.53877905870842124,18,1.5496451512487024,True
0.63709821800956845,22,1.5826992760337557,True
0.5547014831747985,17,1.6584639523996541,True
0.56371092985039795,19,1.0220147489022477,False
0.58111580820130992,20,1.2883671444022577,False
0.65440538564825423,20,1.5430765565518543,True
0.65822401036084577,20,1.6764489749239257,True
0.56655184440881412,16,1.681252793872505,True
0.57306439788283337,18,1.5956899184884772,True
0.5397504557697651,18,1.4680614718811216,True
0.56544406589863649,16,1.393848574276267,True
0.65994896880589804,22,1.6152917054059053,True
0.63233521482172306,21,1.6527256930434719,True
0.55288818059496614,17,1.6694019173882724,True
0.56296066241966869,17,1.4869223888969989,True
0.58093350181206249,21,1.6077394238890668,True
0.55831999219634032,19,1.4353574460920093,False
0.67664145567050604,22,1.6643583351975757,True
0.47177538040825689,14,1.4936093956644971,False
0.58020079469586905,20,1.4629532603818112,True
0.58547869773934558,21,1.5048216558820691,True
0.54829789789031491,17,1.5238259563813465,True
0.55261314508262938,16,1.5540945695620236,True
0.54638258034770026,18,1.5800707416065547,True
0.50707598354666361,17,1.3628691899322944,False
0.5704629579316195,17,1.6658272944882691,True
0.58979132249822586,20,1.5225809027358284,True
0.51794118767577391,14,1.6312717625704862,True
0.54733642618575973,17,1.4624523592868104,True
0.60991298928988547,20,1.338301523656896,True
0.67680871915792651,24,1.6758596639864001,True
0.64931090227902077,19,1.4833124155181956,True
0.57980477901962724,16,1.6342780515623458,True
0.53895714180756704,16,1.6458611378576591,True
0.55519189297991567,15,1.6929781291808317,True
0.5636044194948836,17,1.4826887661379962,False
0.54841300850772479,16,1.5563960528243364,True
0.56448411711990687,17,1.6438753973562954,True
0.54443055039564281,14,1.6833152921524088,True
0.59733425196272461,19,1.6011213827671849,True
0.57003546782793346,17,1.4853598559179517,True
0.60234502207310137,20,1.6342689962355523,True
0.53534934988689598,17,1.5239016252020081,True
0.72913545259279733,26,1.5979779522201634,True
0.51226150785832447,17,1.5088556887185474,True
0.55902666475940599,14,1.4513168826636167,True
0.61503033142643404,18,1.3675845562107896,True
0.4768893784708107,16,1.3932604675956626,False
0.57752640194034111,18,1.5157393375900055,True
0.57615010582299619,18,1.5771501465883504,True
0.52925326168037323,17,1.5778100681357337,True
0.53578428747911244,16,1.6590138403484238,True
0.61559983600036949,19,1.5870531260689194,True
0.57578691101679802,17,1.5605534897832021,False
0.49599575436555876,21,1.1302909347120784,False
0.4791221215787132,18,1.2989898903458041,True
0.53418502215892705,15,1.6593094590349655,True
0.50995825568041531,16,1.4235336156353342,False
0.55854487430715249,18,1.502808844521073,True
0.55377844562473255,16,1.6623587989919022,True
0.57435535114452618,19,1.6237290116162086,True
0.54522721540295527,16,1.542875135730811,True
0.54449501125654554,18,1.4326379714297146,True
0.59690501400103335,18,1.5831204861853816,True
0.58771469320169212,17,1.5868543911836668,True
0.48522364913270416,17,1.5177787803033722,False
0.55067208549314861,19,1.4834247519013746,False
0.54426795539574302,17,1.5565339742301603,True
0.54840600661113692,19,1.4580696185847541,False
0.56429979544527342,17,1.4826399124421601,False
0.51937894642710525,20,1.415331057675425,False
0.55268603055170284,17,1.6361978103652963,True
0.53986135083713271,17,1.4311285407324854,True
0.54667240453456711,18,1.3490492415792679,False
0.57718525343824278,17,1.5034416968348521,True
0.57929260032214025,20,1.6783953967110841,True
0.59695223642945705,20,1.4061407291159043,True
