0.47957339814094202,12,1.6215607503208327,True
0.46175622177840919,13,1.4703137147121024,True
0.46257164505965087,21,1.3793545429338878,False
0.50550174858691133,14,1.631766722876117,True
0.51823347714416146,18,1.6194497236902656,True
0.53619693265481627,22,1.6574410611905355,True
0.44420417320963174,17,1.4010780518229269,True
0.47890582010330129,14,1.6783207001610949,True
0.52546355969203862,14,1.5570228852748922,True
0.47915996215986856,20,1.4704828577835931,False
0.53941777436386307,19,1.5502007629627477,True
0.51294581929999927,16,1.4333156062606789,True
0.48464403491419328,13,1.6332320713858426,True
0.50369541547038299,19,1.246584048205859,False
0.47256148339108855,17,1.330859962079753,False
0.52886001502526347,18,1.6802247247063602,True
0.44795932575607117,18,1.2252807287876173,False
0.50807992600858354,22,1.5170919241126732,True
0.49939639839873456,19,1.5135726823735838,True
0.47741720769087342,16,1.5334428301691718,True
0.49153361392601452,16,1.5548341754198962,True
0.51206785519282472,14,1.5287509040037182,True
0.49439938442125053,16,1.6144305091075777,True
0.54714738148499442,18,1.5843468586886085,True
0.49501354023348093,16,1.5178554685919425,False
0.52124578145596268,16,1.6596830781853131,True
0.46075026930553004,10,1.5860435860835946,True
0.4523775713089756,8,1.6153544422595003,True
0.50858591952102117,20,1.3786798082338554,False
0.47518338185386971,18,1.5792127697324068,True
0.46932666854530569,13,1.2426671477387394,False
0.52800294467478592,12,1.6705863724660168,True
0.43981520563128512,10,1.5271787644972408,True
0.42582629808101846,12,1.4482149130341588,True
0.51203039363595027,15,1.6005199083574022,True
0.45206874623764171,11,1.5047647928049634,True
0.46986110181999002,11,1.5681081644652166,True
0.50386504092488449,12,1.6160372055817445,True
0.49576171719711759,12,1.6127328631976947,True
0.47034030218858702,22,1.1183468575332125,False
0.45213672706904895,9,1.6331019166701977,True
0.48649474523990166,12,1.6620845745461064,True
0.48952385510706475,13,1.5649845326381191,True
0.47751261411614299,11,1.634869454626487,True
0.48644603693448446,14,1.5948306658924289,True
0.44006640705551031,9,1.5544264922711992,True
0.46549165894660338,12,1.5771253317483345,True
0.52502143244394117,18,1.6606097133185262,True
0.55269226365203894,16,1.5401250617610047,True
0.48096319768008905,14,1.4142409592781009,True
0.49733531803430531,15,1.592111726161977,True
0.52130406403379204,12,1.6455002752235672,True
0.45974174295127646,15,1.4436526343942575,True
0.47881110620220074,12,1.6806291856128792,True
0.53353799631164023,20,1.4827702862064005,True
0.47775909959800184,11,1.6652455719849184,True
0.52684837552410158,18,1.6229050348469469,True
0.45221023905480823,13,1.4738881905098342,True
0.49941594789865335,16,1.6585057212620351,True
0.48414109393938254,18,1.496831712000499,True
0.44107692409925103,22,1.3417678685409069,False
0.46938394154606877,14,1.603969995456759,True
0.53819901705919526,12,1.587193762483524,True
0.50097958768330175,17,1.577321107070109,True
0.49184551115165909,14,1.5395653845642909,True
0.48893837944719698,13,1.6878033907936305,True
0.47988024462797335,17,1.5476792420891152,True
0.47100540156970921,17,1.3421325403931426,False
0.56198124755380452,27,1.345840998176653,True
0.45072422311641019,14,1.5657448401858169,False
0.4993358133012411,14,1.5969889065957015,True
0.46323452377344837,12,1.6592797651517392,True
0.5231993821353691,24,1.486794696006654,True
0.47529318908798512,14,1.5568028497674842,True
0.48687277241700266,16,1.4379875484608293,True
0.54608283558290072,18,1.698715123023425,True
0.47839070793477612,10,1.656847543139125,True
0.569178535168261,22,1.4718855814745024,True
0.45979682987170967,18,1.2936193438481423,False
0.56605625986710328,28,1.3574487462115046,True
0.46429145962035606,13,1.3152722868418361,False
0.43538337831483648,9,1.555120036805383,True
0.51203398403519429,21,1.5240407932395739,True
0.49118204296962281,15,1.4638528369101427,True
0.52163546911269076,15,1.3966754169327376,True
0.52133462282586351,17,1.4526353376922552,True
0.5353454321288621,15,1.6779814230629349,True
0.50664448087257119,13,1.6499700751199438,True
0.56732644611212601,25,1.4916888156258792,True
0.48380718018136437,18,1.5276247782766439,True
0.57460433498828434,28,1.3296999737950002,True
0.50292608667298278,18,1.606773701332626,True
0.46631245703384228,12,1.6548973901268467,True
0.47597278306730917,10,1.6060551765859972,True
0.50120692873023387,20,1.4370691328750489,True
0.49336457849063331,15,1.5988057795436037,True
0.47167365149910212,12,1.6248412165786208,True
0.53759486334120721,24,1.4407074784096137,True
0.48232395615449297,11,1.6587414914136593,True
0.56434693866633734,25,1.0312450570598122,True
0.46191220213083967,10,1.6313976234192975,True
0.49463746268882752,17,1.2664715661158492,False
0.4334238215176861,15,1.4455359640390049,True
0.40862185622523306,7,1.4634988609812458,True
0.46562610611827537,17,1.4921911915472454,True
0.54921025270552404,21,1.6548906960692724,True
0.44775152892414993,15,1.4719957969690765,True
0.46730637275431303,12,1.5436276785760481,True
0.45020735084597835,17,1.4332732408646378,True
0.46495582353703535,17,1.3776365705388456,False
0.48666854168812562,13,1.5490576025556233,True
0.42067536043176601,19,1.3832071755939703,False
0.49579162958195466,19,1.5521485711243963,True
0.4638609215765655,11,1.6708142392490148,True
0.48796483418889891,12,1.5944014560589646,True
0.46162582504186683,13,1.3533627397427594,False
0.50656287593724736,20,1.4865108466757067,True
0.48745260827603987,18,1.5871818940676825,True
0.47139814014469161,10,1.6496124876982439,True
0.53897949391300126,15,1.5361076056568619,True
0.51087403862297165,16,1.6175554743707952,True
0.50203528991480817,22,1.3353143362713249,False
0.4665703419082754,20,1.4052546691759205,False
0.5782257801504983,21,1.5140699495938463,True
0.388383271730806,15,1.1020532245438714,False
0.47605134443530556,14,1.6593197549380794,True
0.46207336678572131,14,1.4647229903891148,True
0.50302735265164067,19,1.5205702673370816,True
0.59585921443382706,21,1.372695205413615,True
0.45319068951891878,15,1.5554955904062346,True
0.44760747428818387,14,1.5254681780882151,True
0.46178184900575386,12,1.5724416188470527,True
0.48483096512828655,14,1.6195538870082293,True
0.48267624773274642,10,1.671774918970087,True
0.43871482884631807,8,1.5912969886138595,True
0.45066127904109493,8,1.5697738156254286,True
0.49322404998297947,12,1.5444069039661592,True
0.49701186893530869,14,1.5555802859324657,True
0.44176171039522799,16,1.3700002562920421,False
0.41561087774031646,9,1.3522284516304963,True
0.50981230809912426,14,1.6406927039783292,True
0.47397483954222663,11,1.5896877213416287,True
0.5225651490258465,24,1.5200802486880245,True
0.50588091945773295,13,1.6200890789026787,True
0.4623736996914346,16,1.5477655685110003,True
0.49963315605577735,14,1.5891145822446235,True
0.42487253178019502,12,1.4958926973402773,True
0.50069866403003516,13,1.7058357581423091,True
0.52439904815560512,16,1.5319017907525228,True
0.46547148828721219,17,1.347746176372411,False
0.43435595162722995,12,1.2746026834731117,False
0.44507689606248502,13,1.4588526884559396,True
0.49912085075760965,13,1.6029222065189654,True
0.4812058446436821,12,1.4791138531966002,True
0.46735686369283852,12,1.5570189939439347,True
0.50584864143924968,22,1.5231022770550655,True
0.48551670872922242,13,1.5648617488692285,True
0.54128915890497109,22,1.4543254920283168,True
0.49247524832513856,18,1.505909350011811,True
0.48863811569189758,19,1.583223238237349,True
0.5264341887102989,14,1.6408292634526462,True
0.50578318649969467,17,1.4863054397811637,True
0.45989823272171093,17,1.5340204185194415,True
0.44505345614859576,15,1.4432469658452656,True
0.51106750424335268,13,1.6062497629773869,True
0.55733502140064406,15,1.5642840026918792,True
0.47752996681795551,13,1.6629152169470762,True
0.53490899757559729,23,1.6518860530260346,True
0.5086927588603779,16,1.6074145453051698,True
0.4776743730023606,10,1.5866176642466188,True
0.44509279996813328,13,1.5350887350934019,True
0.53613052653064874,26,1.5605948274647223,True
0.5366473471457911,22,1.5556123226272121,True
0.50831704988508652,18,1.6484534655824656,True
0.50289815383550307,17,1.5178202975936352,True
0.48155278304674293,14,1.4344873230918189,False
0.44827646759949991,16,1.3384131921526079,False
0.47436286599968719,7,1.5468801603993412,True
0.48329068600720509,16,1.5468276459221619,True
0.48082269615243506,11,1.5300785522782621,True
0.49629659920087399,10,1.6652962156995361,True
0.51527990868503837,12,1.5868004760557446,True
0.47607381846744473,16,1.6589559572166159,True
0.56532702371557353,22,1.4199697923466337,True
0.48855057486238418,10,1.6831430412580026,True
0.53070458795177344,25,1.4848140875101823,True
0.52130610169912184,14,1.5176435941561714,True
0.46981414900483298,13,1.6447401480165003,True
0.51301916052558338,15,1.6784786153422377,True
0.48768031555236524,15,1.4882123960950158,True
0.50651620069722492,22,1.5001482402207449,True
0.54422761101180606,23,1.5475504935583766,True
0.56034449123765073,21,1.0788922909554943,False
0.46503944288095866,17,1.3890956358111897,False
0.5145732838131799,12,1.6433235662838019,True
0.57782295400914896,23,1.4093203913734729,True
0.45754202223533635,9,1.6390415732105887,True
0.44796497519217221,13,1.5437262319098481,True
0.48229235967141521,15,1.6143533924288704,True
0.47455431058771408,13,1.5067735713616155,True
