0.95206127115670969,24,1.6653506949540906,True
0.96050805100533843,19,1.628687406423984,True
0.62076337487892785,20,1.5690868844812655,True
0.68155156955989882,20,1.5323629300722992,True
0.89212032326315971,27,1.7124951591306554,True
0.9518239721512084,18,1.4969834485959288,True
0.62028375524839174,20,1.4587188715428969,True
0.96325608204569613,18,1.6558565747378058,True
0.6489176274572559,19,1.5771181763553326,True
0.95589493922070412,18,1.6487700160918466,True
0.95695903903528101,19,1.4243788287556469,True
0.95330447308293298,18,1.680361602733621,True
0.95208057515580113,22,1.4426874501106317,True
0.66746558715587134,19,1.4321576417716468,False
0.53898830135551667,17,1.3610395140449409,False
0.52737708455397392,17,1.3439418689276346,False
0.96555865518573836,19,1.5877772378358057,True
0.51126101127180079,17,1.3799565368792934,False
0.64375804300301109,20,1.5727697155047176,True
0.95085615451867356,18,1.6100977725318033,True
0.95066536614105857,19,1.7078371923328377,True
0.69972979335631746,22,1.6606063809765204,True
0.95269476203111436,19,1.5967066126996725,True
0.66277431611327287,20,1.636955039966784,True
0.95203936683267321,19,1.6430770708563858,True
0.51294579549182018,18,1.4056278536258384,False
0.96074271998415117,19,1.6624476023386279,True
0.78108677724509201,24,1.5787791161613831,True
0.6185695280969139,21,1.4074696840797811,True
0.95014139368458184,18,1.6865186833806862,True
0.86585903561043354,27,1.6079049284865976,True
0.83689163632798835,25,1.5904589354262706,True
0.55852511558771534,17,1.3096848589245691,False
0.84926518035964815,27,1.5003643449055639,True
0.58868605592125844,18,1.5018516970958071,True
0.59654355668390691,18,1.644917583694476,True
0.95211984683853168,17,1.64963007100586,True
0.59489778402387805,19,1.5496378063352292,True
0.89841009517157921,28,1.6611396123160309,True
0.55481584791428273,18,1.4865584627061139,True
0.61154391694896293,18,1.6266010779428226,True
0.95927772355856111,19,1.6167091478491273,True
0.96629227978963794,19,1.6577113783384432,True
0.50449630549171065,17,1.3037653435721417,False
0.96143372123009418,19,1.6076332352034708,True
0.96388384181870113,18,1.6418367424009441,True
0.54808214777700015,21,1.5088305061727756,True
0.75568942472562395,25,1.5628698900132882,True
0.61540065996580229,19,1.4260996911441348,True
0.59460769713880668,17,1.6164774343188835,True
0.64967069342123052,20,1.4983538070854969,True
0.55849023121745556,17,1.4279337462625803,True
0.67187739256470369,18,1.6666972554360535,True
0.55299047915728616,17,1.5794272560420111,True
0.95950588333650155,19,1.6239191925598235,True
0.79648976981807273,23,1.5284422294249924,True
0.95200446376998316,17,1.5904362611367326,True
0.89198598114755046,28,1.467934420554335,True
0.55236114911664014,18,1.3974009929877635,False
0.55530313790669161,17,1.3536695502659843,False
0.58612602070054431,17,1.5662491639940039,False
0.61197892862762204,20,1.5415497863766177,True
0.56364755660317711,17,1.5624888562861543,True
0.41001262390089144,18,1.1326700269863506,False
0.88583004886970629,29,1.5066328844292731,True
0.54818444351926088,17,1.4242510407177424,False
0.54979359347672918,18,1.2587594734607288,False
0.57351800407238596,17,1.6023398614062794,True
0.6644632612593443,21,1.4362561167412906,True
0.61942825120653833,19,1.601865987320557,True
0.51760773105189606,17,1.5762791848431712,False
0.71976985318942843,22,1.2907575434384539,True
0.95715518023126178,21,1.5437711622775854,True
0.73162412605802951,22,1.4172948575797863,True
0.73644746834109354,22,1.5714806531728056,True
0.56310185958026793,18,1.3963728669006623,False
0.6255524594597015,21,1.449987093697229,True
0.74371833862596615,22,1.5298720052889521,True
0.58335996125779566,18,1.5205985188785149,True
0.61120941096405101,19,1.5785540161829408,True
0.95473954457547761,21,1.5370747315341489,True
0.55558627608229005,17,1.5562696965654961,True
0.96132278207843191,19,1.6684019424364402,True
0.72045888931975033,21,1.4449576282322618,True
0.60420471582768842,20,1.5703023937464371,True
0.54947416413957395,17,1.5511674045566795,False
0.64501485054396779,20,1.5819219124857098,True
0.80922129856422143,25,1.6029689863408214,True
0.56377110167494837,18,1.5791892239129175,True
0.48296691208310122,17,1.2020277598117037,False
0.9503911391530635,26,1.4942098281268898,True
0.8078414800324476,24,1.6688006300598053,True
0.95008262817110956,18,1.7012726895802674,True
0.60818897582446096,19,1.6096429801103203,True
0.9577638774196322,19,1.539417054792974,True
0.95868367863797133,19,1.4708423895513887,True
0.55497106592159617,19,1.4399212216261894,True
0.96589901529080957,19,1.5391669073455785,True
0.60561542631272525,19,1.5062913857107345,True
0.85400622517741887,24,1.4659684844127314,True
0.62998973716819029,19,1.5629131793708335,True
0.65518948705722357,20,1.5619340492256966,True
0.76422846799747046,24,1.6031268405043873,True
0.95895597587114589,19,1.5863743555607297,True
0.58894416503898972,17,1.65701658401411,True
0.83717498907103904,26,1.6148728015852805,True
0.63866270650236345,17,1.6938005934679454,True
0.67586016381943648,21,1.6047884100037866,True
0.6672617359402736,20,1.5005932846296848,True
0.95759117486134904,18,1.616463275072296,True
0.47926205492352292,18,1.4151885221414715,False
0.95673511914458753,18,1.6194403758950731,True
0.7030854587172114,22,1.5049564216574043,True
0.53641867675581734,18,1.4317142204648599,True
0.59646637306313077,20,1.4193410856447584,True
0.55739850829686832,19,1.1782366820690147,False
0.63367696306743271,19,1.628586364549756,True
0.57057121922938803,18,1.6070372500013936,True
0.96291489548129772,18,1.6889124660680026,True
0.95386193256694685,21,1.6840099418873709,True
0.59846974647815177,18,1.296567058346384,True
0.96281155764975335,19,1.6154297364742134,True
0.95817785121135379,19,1.6432346270140874,True
0.68850735493791482,20,1.5634709761243071,True
0.53533346822497152,18,1.3881366916033036,True
0.56907576899410139,18,1.2223550183423479,False
0.95394580735617918,23,1.6607633556247294,True
0.55691533636657164,17,1.4160114427068495,True
0.73929222678908502,21,1.4920156892894754,True
0.61148405359768843,19,1.4295619383128224,True
0.5851848729609278,19,1.3979997546038339,True
0.95368905371780588,17,1.5638137972278441,True
0.51235524088174123,17,1.3606018819497803,False
0.95235351572357818,18,1.5398663351084392,True
0.58514846566415535,20,1.4302082316748219,True
0.87527958930809657,28,1.5867546718301728,True
0.9580452876799298,19,1.5764282063235575,True
0.54727110161595349,19,1.4664201296811332,True
0.58138933161627282,18,1.2227907087746874,False
0.63955239397866681,19,1.6425767496544599,True
0.61078794074667653,18,1.4208142106739641,True
0.95254202983415692,20,1.4978468732017778,True
0.79795019670417466,24,1.6562030190924624,True
0.71614708459658472,22,1.4996434665298615,True
0.65498236657327091,20,1.643799751182291,True
0.53270991573390047,18,1.3142439742545757,True
0.95510042895191238,18,1.598841125897275,True
0.96113858286275422,19,1.6410133901059918,True
0.52306476677750957,16,1.4207324632936171,False
0.5578031745965526,18,1.4760634080427253,True
0.95813949054159087,19,1.5077844027664737,True
0.84203023813226907,26,1.6387808051264563,True
0.96297569031541408,21,1.6137214850226522,True
0.67884456745141175,19,1.5929391444121703,True
0.95965315274866825,18,1.5209547227326159,True
0.95946996947166363,19,1.6277715455173289,True
0.6505929175476074,20,1.3865988499192508,True
0.74967932029013362,23,1.6163768871068833,True
0.53951537356069601,17,1.3657378972780154,False
0.67744678439124961,20,1.6208544284847948,True
0.51259306977936403,19,1.2346841248492919,False
0.9548902525552283,18,1.6530542720315418,True
0.95994537249125389,19,1.6407651892838711,True
0.73160318934817881,21,1.5477632116915085,True
0.54062923851537215,18,1.3213819808565861,False
0.74940405258571396,24,1.6274111879815909,True
0.50020303982616166,17,1.4087853131281511,False
0.807606144145816,26,1.5749698970615289,True
0.58603482223831849,18,1.3340089421245174,False
0.53075381800280574,17,1.3953409167932997,False
0.57339847347469042,19,1.6047541955335569,True
0.9628105589101531,18,1.6648730292124141,True
0.63532783862163833,19,1.4141083524679225,False
0.95846781530158975,18,1.6281200138694614,True
0.78123537547392019,26,1.3490509426161428,True
0.85829493414855007,27,1.6243120839504532,True
0.95540255097532556,19,1.5817596955440656,True
0.78728254119626662,23,1.5962923463319332,True
0.5268072561628746,17,1.4004315389081983,False
0.56549110917193302,18,1.4178638497747598,False
0.95817737611529852,19,1.6090412573959416,True
0.73091227151836369,22,1.4819547432278577,True
0.57237650682643282,19,1.4894399623904166,False
0.78562494926171178,23,1.6756138777636582,True
0.69217772708650016,20,1.5005624247374976,True
0.56286835085416509,18,1.6702005559130448,True
0.95610995029528711,19,1.592368113000274,True
0.9435389008538887,31,1.5320953691488972,True
0.51043103079901875,18,1.3682515315575232,False
0.56770187537437711,18,1.3387180973635586,False
0.62932041467992861,19,1.6012574462181801,True
0.50156103843320765,17,1.2665021996527923,False
0.96126997902093037,18,1.6445187668554551,True
0.88332179988739412,27,1.5913783414771097,True
0.58522121563580298,17,1.3574036183029241,False
0.6443555728421958,19,1.613219741086678,True
0.9517017398406703,18,1.6230808806333499,True
0.68684233281857143,21,1.6115136675484547,True
0.56638457416268118,19,1.4440567228123806,False
0.57848038925793133,19,1.4285914488469744,True
0.53615014941688022,18,1.2309288544806298,False
0.62827507544562133,19,1.4856028590600574,True
0.63819459779568544,20,1.5809433395818682,True
0.64905070784080576,20,1.4488719866707163,True
0.76878800990222984,24,1.5442716231593037,True
0.57978642079568976,19,1.6348451933001034,True
0.52222316620183351,18,1.4133335473684445,False
0.65040919293748078,20,1.6287112171305065,True
0.5615429369982653,16,1.5763967733759785,False
0.51455007449513857,17,1.310096044364023,True
0.9552714521475536,18,1.5839706316077016,True
0.95401543350848594,19,1.5912446589402873,True
0.61695275843454966,19,1.575082926636137,True
0.95497874659839987,18,1.5978300795813147,True
0.75490337195662294,24,1.6279384416887304,True
0.95046595419501967,18,1.6678586495584073,True
0.4695829632362134,18,1.0916384519827846,False
0.66005898427803988,19,1.5337073631075808,True
0.66290631928629351,20,1.5525282385645602,True
0.56902840192462523,18,0.98389755777370946,False
0.63904376728830559,19,1.5182919280363756,True
0.96000901428545415,19,1.6367231596614342,True
0.95940865014973298,18,1.6788349808546121,True
0.53980822592602218,18,1.5339151519669094,True
0.67261025459905777,20,1.549362878814488,True
0.68580011280263686,21,1.5016294987137675,True
0.64187259084949444,19,1.1307035064123796,True
0.95081762336101872,17,1.5960817731091927,True
0.46581519652743875,18,1.1887098882443148,False
0.95214283283938572,18,1.5593797826120335,True
0.52882034371576625,18,1.3500183510038455,False
0.96317030540435933,19,1.600055314031825,True
0.77109307513348346,23,1.427632355636292,True
0.95950212834154125,18,1.6940289847971692,True
0.52865435471046152,18,1.4012941837358053,True
0.7744499292905217,24,1.5665110176152919,True
0.95699689359205142,18,1.6994555111870429,True
0.64917912022992874,20,1.4922425052201931,True
0.76635655571485006,24,1.6250822146188499,True
0.62058178225888061,19,1.4915709420168959,True
0.58377419037327716,19,1.4237971263385256,True
0.52866973683786989,19,1.4515918975036151,False
0.61577355493282648,18,1.3217759855722286,False
0.46748245695175994,16,1.3473834493782175,False
0.56262365142762127,17,1.5538681405226984,False
0.58061240975888329,17,1.3356419199338689,False
0.9617777679227516,19,1.6275150484060241,True
0.95865427946238901,19,1.5039535934145656,True
0.95331296317437064,18,1.6994638715695443,True
0.54132868125846045,17,1.615349799078603,True
0.55156701812045295,16,1.6275893703233513,True
0.60443981391512147,19,1.5962050456611345,True
0.56980269283753726,18,1.3589284121591407,False
0.9516437374062523,17,1.6859338956081698,True
0.96107748221060474,18,1.6504570010212805,True
0.5887484320545896,16,1.4504674321636868,True
0.951238879157282,18,1.6390749129848921,True
0.95219098623178355,20,1.522431636102163,True
0.64650524475917337,19,1.3971479536420435,True
0.78869245864220661,25,1.5568215767573399,True
0.57246076529206025,17,1.5108949659091169,True
0.55985289793889714,16,1.6317188005014831,True
0.55892108470708601,18,1.4229260898271399,True
0.69331982331783026,18,1.3204175181346294,True
0.95151102855769509,21,1.3902203174543459,True
0.56819123669991445,16,1.5433957412642696,True
0.74257805863527904,22,1.585731213696191,True
0.95446356616418571,22,1.4964877478655256,True
0.9588004052424145,20,1.5753137915798365,True
0.83113779334238058,26,1.4425660164236913,True
0.59013425648905393,17,1.5881614449905095,True
0.96213589837081792,19,1.6490466777484158,True
0.57378131485721973,16,1.4431709925103235,True
0.95251753419978258,19,1.6352638066477037,True
0.54069791726265515,17,1.4766869495186834,False
0.60846743489275701,20,1.5722372183493776,True
0.95061008934437152,19,1.6061339930387211,True
0.95967951030247323,18,1.6480292393288209,True
0.61274522645286778,17,1.4276017223669193,False
0.50899124742293544,18,1.3341605296447099,False
0.53178783328672563,17,1.4173170195156068,False
0.57952477642204459,18,1.6498504314360172,True
0.56872019058224543,17,1.511418031658198,False
0.95503875518235515,18,1.5746176091792621,True
0.95952866345165111,20,1.6606105439457319,True
0.79989973650421176,23,1.599981452869125,True
0.95207395208919798,17,1.6190537698878167,True
0.95119689100190974,19,1.4982585853943422,True
0.95509843170657227,18,1.6551586205940967,True
0.91599770524582935,30,1.6449187970520467,True
0.56073818852479862,19,1.5667481010857127,True
0.95250188459678109,18,1.6683466388058186,True
0.9564545128642381,18,1.6378243497659173,True
0.60972918063775516,19,1.4937821937642752,True
0.64651711223815089,19,1.5700476359153706,True
0.95674339748524728,18,1.6523785563623086,True
0.8296273326823651,25,1.6083993125823333,True
0.71619504981735482,22,1.4712449905617657,True
0.95452029883389755,18,1.6550342017952309,True
0.57799852310928979,17,1.6138059602738066,True
0.58178016565070112,17,1.4722481645760455,False
0.82521879440534918,25,1.5373738650211872,True
0.80933558143774664,25,1.4025924346919068,True
0.62686081511673997,20,1.4972275420472045,True
0.53411834277122772,18,1.4140477454601548,False
0.60761139168873901,19,1.4569115887851236,True
0.45535556546285744,18,1.2893718133891579,False
0.63037476474584075,18,1.6630470801140751,True
0.60025979195180978,18,1.5403977016047827,False
0.52807602874005455,17,1.4565376344216519,False
0.51790811345951937,17,1.5288309923869374,True
0.62790420386793688,18,1.6356791352936821,True
0.95643638273870268,18,1.5971596601305449,True
0.95411770325998491,19,1.6613004475118833,True
0.95169146055828491,18,1.5405358160791489,True
0.5708064865464535,17,1.2017242967812742,False
0.60002597955873105,18,1.4861039690110087,True
0.78384827068767959,24,1.6030286038760406,True
0.51880660475006468,17,1.4413412255619309,False
0.65412575413941088,22,1.6084661340297497,True
0.95436892398572926,18,1.5569294333603823,True
0.96098519591151377,19,1.5545699606894197,True
0.50532272259628608,18,1.4267663493061364,True
0.61314249222766914,19,1.4946203724702332,True
0.67700356593201871,21,1.5779358561557497,True
0.63782416609098824,19,1.3493477631630346,False
0.64299495472725454,19,1.590327731881481,True
0.95300819615657961,18,1.5539013553119743,True
0.5344968621297379,16,1.4722518018674766,True
0.95706999781264912,18,1.6441494580209706,True
0.96231139758348339,18,1.6117977682731452,True
0.57274825389625794,18,1.2394289129889313,False
0.57825116702368629,19,1.524781140927651,True
0.95948370883005074,19,1.516018794764679,True
0.69126254269040033,20,1.4099853615896627,True
0.95204610551785096,18,1.5604992004624567,True
0.58842333482755216,17,1.3109941042672149,True
0.61354042599422032,19,1.4776321555398599,True
0.52691377031283804,15,1.5750852393730703,False
0.73337005927457222,21,1.4254518794748761,False
0.95957098766607618,20,1.6214743175194632,True
0.9504942615984352,18,1.6100704119472862,True
0.95091013117535883,17,1.5231646123593032,True
0.61767655559769385,19,1.6432954095674457,True
0.52671526177716266,20,1.4625499903775225,True
0.48324155841506372,16,1.3416570890825656,False
0.62996793119098948,20,1.4739415456030176,True
0.85575464082511099,26,1.6727781441880354,True
0.95034571175802063,18,1.6210524208711632,True
0.95420240148217228,19,1.521713157717173,True
0.5133819075890611,17,1.3668353887821991,True
0.6241366486342409,19,1.5835272552680442,True
0.96184536016415423,19,1.6417972426166534,True
0.95870684732472156,20,1.6258009307884038,True
0.60109148173733551,19,1.493535904913706,True
0.96152028390127275,19,1.5839066495706802,True
0.61946108564592228,18,1.6716836406605249,True
0.9581955457494481,19,1.5959270539448962,True
0.56257496637542836,17,1.5745048625613809,True
0.62121096404487108,19,1.4362086635303712,True
0.95585973233711008,18,1.5394406591186001,True
0.95195297780696331,21,1.6334379090422171,True
0.96041479869597945,18,1.594607469890321,True
0.6778612534625329,21,1.5797063494985488,True
0.95893870981490115,19,1.5465186868562664,True
0.71715123037533013,23,1.4144528047949505,True
0.80782053931658226,24,1.583899025780416,True
0.5791577863599463,18,1.3902531611518811,False
0.51672187458189833,17,1.5001454963461469,False
0.63935727912406914,20,1.65350494660589,True
0.72750213216768711,22,1.5853070209777493,True
0.51998422798831301,17,1.4661950908953258,False
0.48768770330043559,16,1.5589667329352332,False
0.60874821082636388,20,1.5488774287825957,True
0.51862148984647594,18,1.5567249679806991,True
0.54425263103385069,18,1.3895596566652726,True
0.62325997896042018,19,1.5337637964672066,True
0.56073845840157654,17,1.5368626019788014,True
0.56450755972795874,18,1.4339399900240339,True
0.47686085618130836,19,1.2370470305152526,False
0.95822175264262011,18,1.5930859975154583,True
0.95960483448602107,18,1.6450690191873536,True
0.71512747815099786,21,1.5985271114161268,True
0.95818661808646777,19,1.7039837446736272,True
0.58210714112339668,18,1.6299795219686104,True
0.60340341085204174,19,1.4914223647685598,True
0.58394068114607833,20,1.5020397135066352,True
0.59888653483035392,17,1.5666881239693184,False
0.57547615062752666,18,1.4733279300479833,False
0.50719444301182126,17,1.1694484331802746,False
0.62824921074297313,20,1.6016325534238276,True
0.57756689799582928,18,1.5097147203135761,True
0.96059614790362602,19,1.5916921980077183,True
0.51105681056989072,16,1.5239642157449156,True
0.61694534252239985,20,1.5884523219737767,True
0.55702010841080651,19,1.3277745100573193,False
0.95809483376863624,20,1.5705027521993751,True
0.59110111088995665,18,1.304698990355398,False
0.58833241426153138,18,1.5565607377772959,True
0.961396524054007,20,1.6645454304843759,True
0.55998061175055591,17,1.2037676919584828,False
0.61529405104095813,18,1.5660974902016107,True
0.58619269534132878,19,1.4195173890843213,True
0.47526695480172543,15,1.3218808824120247,False
0.53486006629995575,18,1.4711022951275814,False
0.55588687498032208,18,1.2445482614803809,False
0.54121006843900665,18,1.280373717705833,False
0.52666745650460045,18,1.4131554861841356,False
0.71968881092015491,21,1.629890758987405,True
0.54928733653816386,19,1.3968036986170229,False
0.60941177415127223,20,1.3528423801469971,True
0.50213739310417915,17,1.3610174788315177,False
0.5635996683659924,18,1.4233276527247756,False
0.80452794535335848,24,1.5868637124502656,True
0.9536940544829009,19,1.5557257246792289,True
0.95269106594899888,18,1.6261459383839612,True
0.95596278701951143,18,1.6278320877314374,True
0.95874186854637766,17,1.637552123335857,True
0.57544426255739245,18,1.4681306415392807,True
0.56967744478844951,16,1.4734042108715026,True
0.74627679294760929,23,1.6235317880619442,True
0.74913928942309838,22,1.677349290878638,True
0.65075959802134187,19,1.6369810417093213,True
0.62297575855570908,19,1.5929350618298852,True
0.95390850608981559,17,1.6288068173360821,True
0.6238665795053091,22,1.4708486124950733,True
0.58190510107938842,18,1.3976736491375497,True
0.61164652291628063,19,1.6140708000654647,True
0.7723752332402708,24,1.625877856254587,True
0.95242272865849298,20,1.4386023178666842,True
0.96147590526320903,19,1.6195675543961121,True
0.55374293398716656,18,1.5383989113471583,True
0.6577508299143161,20,1.5810373298628686,True
0.95007887030266724,18,1.5505400925547852,True
0.96255947150841104,18,1.5620945974165852,True
0.60932088495521963,17,1.4726836707633086,True
0.55274593756757329,18,1.4555372361172709,False
0.63394468695337325,20,1.5397271533992549,True
0.95746157169462076,18,1.6925870515191337,True
0.74884634709149722,24,1.5543226304409321,True
0.49897067683191404,17,1.2591448227536519,False
0.57286230235364888,18,1.2360456857695294,False
0.56572359628310598,18,1.4257999286961522,True
0.89041213814688791,28,1.6005756815248686,True
0.58627993998899597,19,1.5044160426640989,True
0.95716895809169411,18,1.6643775523717239,True
0.55803266980481692,18,1.4187419738990279,True
0.49415006111347454,18,1.1872754998797541,False
0.54081429802883041,17,1.5473839216575263,False
0.51027476131920291,18,1.4179651698558509,False
0.56803389979807184,17,1.4864983004554337,True
0.9567351874554918,17,1.65155559998887,True
0.963881254541604,19,1.4478029584375613,True
0.58813452986551329,19,1.3885166732808143,True
0.90792197079828263,29,1.6197107135371918,True
0.79185053572923203,24,1.5974214661625863,True
0.95296731680962354,18,1.6571502503868614,True
0.56718528242313382,18,1.2823680663442729,True
0.95532420748031632,17,1.6087767186365327,True
0.55088686651256857,17,1.4825417435006694,False
0.66171347906033595,19,1.3996400439271981,True
0.95695173581436344,18,1.2844395529506973,True
0.57755285075283014,18,1.3698180312552559,True
0.57385897298120037,19,1.4194100945156427,True
0.75935794187242411,23,1.5239796147560027,True
0.65311504516658581,20,1.5681566742667046,True
0.94943383981101914,31,1.5831456547764529,True
0.60410804144085806,20,1.5518925986653231,True
0.73532635559461246,23,1.5678700229984006,True
0.51619609396970501,17,1.4307760386668837,False
0.63113603818191777,18,1.5214400637363772,True
0.52884723929930355,17,1.4247487038226594,False
0.51798339636779656,17,1.5238091946661076,True
0.95990311653583227,21,1.5067230585461573,True
0.52782248363033235,17,1.4895463024803117,False
0.55551959419674657,17,1.4314606897551534,False
0.51767113946951304,17,1.370932152664412,False
0.81120095680883675,23,1.6498119089487338,True
0.69647149538143405,21,1.4759704581654722,True
0.96452948318693765,19,1.4325798249226287,True
0.95063954646107396,18,1.5686059698165786,True
0.59540031555276351,18,1.499367067645494,True
0.62869842165794387,19,1.4902195410837193,True
0.94704636607718684,30,1.6216011891193578,True
0.94101570525123535,30,1.6106043931931791,True
0.57811390246241312,19,1.5210907135349765,True
0.96220483175663452,20,1.68009052564563,True
0.95311852021125532,18,1.5722783849828792,True
0.60923550889647038,18,1.4420008071507699,True
0.6245856855902816,19,1.6412238354170468,True
0.90245553248517629,28,1.5879209613523642,True
0.57167206906390533,17,1.2684558647164546,False
0.96113904779550829,19,1.6177030934685377,True
0.56436721918140886,18,1.4646347582991612,True
0.76421394637191409,25,1.4298788201650148,True
0.67252537893175479,20,1.6065821080434866,True
0.54803751143165425,17,1.3621619318381069,False
0.55433082602463046,16,1.525175780139352,True
0.66839713015315627,20,1.4740800150915192,True
0.58001695049489355,16,1.5444455124511531,False
0.96390627995630085,19,1.6626590595651198,True
0.68352378277938941,22,1.5657522379045092,True
0.93439408534326274,29,1.6509765748801468,True
0.9547459707313215,18,1.6461187469828653,True
0.65107451676498029,20,1.3824854360206396,True
0.95721541790630116,18,1.6811645996557432,True
0.54794900127817237,17,1.6418710823601654,True
0.68776472919775389,21,1.6858973639234178,True
0.79222410796005494,25,1.5274958050954484,True
0.57506653907755567,19,1.377226076434799,False
0.96145999199081666,18,1.6972278823838445,True
0.96337196400069081,18,1.6505251802242111,True
0.95031011027531254,17,1.656519573650679,True
0.76902773324644058,23,1.5811555725637712,True
0.79158709328955834,23,1.6259456014402787,True
0.64504730634564489,17,1.6013795267382915,True
0.64303458072793296,19,1.5434600759617341,True
0.58408193990076585,17,1.4757678091043116,True
0.77141560883292859,23,1.6607466266927202,True
0.56360289786746998,18,1.5789171478772146,True
0.67355916597109078,19,1.4946849825090582,True
0.55629664754241903,18,1.4176482008016669,True
0.59249001365557363,18,1.5597370854783248,True
0.85466193006745828,27,1.5684196407218371,True
0.62580499216781438,19,1.3706978816793101,True
0.61119427836938489,19,1.6340434781029216,True
0.66927920920963879,20,1.5913465949560266,True
0.57491051842968544,18,1.4810009862147786,True
0.53488479165480129,17,1.4149222160766608,True
0.57550994086642326,19,1.5623500076689185,True
0.5456617594123947,18,1.1273311986230441,False
0.6726828275167106,20,1.610363446474208,True
0.95713274736061527,19,1.5900956347509949,True
0.5676065627419109,18,1.4620433190139264,False
0.62645536900016385,19,1.5856058182154766,True
0.96421561842169412,18,1.4961766377193479,True
0.95781586694611298,18,1.625249327300857,True
0.78247454456137844,23,1.6107428791534917,True
0.57196364619844975,19,1.3030253498743887,False
0.63798999224290576,20,1.6553205958169743,True
0.95726404267521559,19,1.6075658153069092,True
0.9591794714811378,19,1.5678570795469799,True
0.87425580081571896,28,1.5867621580450444,True
0.95963314255791399,20,1.6373082960484784,True
0.77277049924958219,23,1.515741261253069,True
0.57434278591646526,19,1.412413030869333,True
0.55939558179395454,18,1.4202270942238795,False
0.59600143919358584,19,1.5144114265727786,True
0.60240439139312318,17,1.5101212088281406,True
0.71090513275487655,20,1.570197833208212,True
0.62440028610119014,20,1.5978240332205489,True
0.65914215060349479,19,1.6109351522089408,True
0.52912404299154914,17,1.4579037363262435,True
0.56488393032908135,16,1.3743629851671693,False
0.59229352890605602,18,1.6334619293717254,True
0.58049165539406888,19,1.5462909489171615,True
0.62700039008708419,19,1.6402129506698293,True
0.60959977018277334,20,1.5836326703768537,True
0.66090468635964805,22,1.5461438061299926,True
0.50957626886977092,18,1.3258851536201834,False
0.9566180833896275,20,1.7048171924869893,True
0.58433784093143015,18,1.5119214771540253,True
0.96571917508523397,18,1.6659959757199092,True
0.66954385776354397,19,1.5740932965346965,True
0.8100634116789075,24,1.5664379660923382,True
0.63481974126375817,19,1.6332109390185057,True
0.65676379631297321,19,1.4924952683722084,True
0.69975436000485258,20,1.6016389553280515,True
0.6496212779309668,21,1.6512771062106155,True
0.57374658993552852,19,1.5186843059647326,True
0.80853468947242646,24,1.5925714264269484,True
0.56198406625367758,18,1.3857004142455793,False
0.95672891049342867,20,1.5105022199799338,True
0.95146262842116891,22,1.4808105632008195,True
0.47346020294446944,16,1.040223007544465,False
0.95042859245932854,17,1.6573041303099434,True
0.67343288721053696,21,1.4865312848856442,True
0.59954161971334863,19,1.3435211617304121,False
0.95390610619498462,18,1.5957147087228551,True
0.59662300849133998,17,1.4399257233210383,True
0.67525095365858856,21,1.5049279793433052,True
0.96487708972350461,19,1.5984518202105225,True
0.67583640683458135,20,1.5542628687185573,True
0.57584684330722169,19,1.5440785307651674,True
0.54567203420918453,17,1.5233944475255647,True
0.55911347746287499,17,1.5280705478353873,True
0.56391197361985645,17,1.3844453769192195,True
0.787356730452343,24,1.5637220919019377,True
0.57425558762869133,18,1.0940111209956733,False
0.67881482780291069,19,1.6584421556768669,True
0.95495276129428108,20,1.5632432608394071,True
0.5968080606106958,18,1.599659222426056,True
0.54374502011584991,18,1.4979003677544755,False
0.51861530411765411,16,1.6166014460129527,True
0.75846605173631665,24,1.7043492673477605,True
0.8543836280954975,26,1.4752640761695437,True
0.67217212075087462,20,1.4327192640120081,True
0.54144786825219693,18,1.2544679792713926,False
0.50576915391615451,16,1.4839365742963855,False
0.72814141570436175,23,1.5182821247497833,True
0.95513212560813854,18,1.6938588108249049,True
0.95807591357980815,20,1.6086797057441433,True
0.56871409091417313,18,1.6329709055985695,True
0.54086338113847465,18,1.3580704910051518,False
0.95936490061385693,19,1.5670280700019874,True
0.63018943717572862,18,1.5229946105228362,True
0.56518210100225375,18,1.3443817527208455,False
0.94442376547922924,30,1.4978914415067253,True
0.50434291721911373,17,1.3630144493954004,False
0.95461882243260343,20,1.6243181817237842,True
0.6256882847832953,18,1.5591583839952032,True
0.63457201842791455,19,1.5451752506737857,True
0.85527444108507034,27,1.6925381437422231,True
0.70029630612810456,21,1.6001725348717437,True
0.66693415230941611,20,1.6084723379551604,True
0.96059538028881741,18,1.4895432200779826,True
0.5724369780388332,18,1.343170859233084,False
0.52274675833090556,16,1.5905645329896778,True
0.9651688075500825,19,1.5687386186004535,True
0.95394836161785856,19,1.4094582224934096,True
0.66249621642476675,19,1.5852902359803809,True
0.80629200101202914,25,1.4973463096391622,True
0.51840674868471548,19,1.2180515854183509,False
0.49941393694668818,17,1.5296581448467457,True
0.8677505356245736,26,1.5700181995373172,True
0.70578661645485341,22,1.5292997095601089,True
0.56530580971337985,18,1.3838241655911023,False
0.70127467917401975,22,1.6723969807813792,True
0.96182117195033934,19,1.5848536818233718,True
0.6271857864722612,19,1.6134687024649326,True
0.95910516334728868,18,1.6857849159386256,True
0.9605193623329773,18,1.6649094023344941,True
0.64119540284576915,19,1.5984119334156355,True
0.9584850829512076,18,1.6295692722036395,True
0.96671057813338446,19,1.6764904439354376,True
0.63153240220848672,19,1.5841872246589856,True
0.5356165622082153,18,1.4599085064855488,True
0.64316370990767335,20,1.5825322337638161,True
0.52992269466704955,18,1.2980102664777902,False
0.48888193090794807,16,1.4251898350068912,False
0.85059616383395797,26,1.4069512808992124,True
0.53962649362584059,18,1.4149488897785878,False
0.95666027421861788,21,1.6544266222424358,True
0.96035920493881866,18,1.6088013773174004,True
0.45727456040377584,18,1.2998657176198321,False
0.9588741240594818,18,1.6905890687125953,True
0.96329174062334055,19,1.537731163848264,True
0.96572740116332756,20,1.543006906758025,True
0.54702351066120958,17,1.365597482560253,False
0.95450589268763419,18,1.6178596424359479,True
0.8822271109204084,27,1.7181086621041077,True
0.95282480386931756,18,1.4030353729138212,True
0.96072327313885764,19,1.5799611013922559,True
0.6788069710179333,19,1.538100475097137,True
0.54623221678876788,18,1.3857516846983795,False
0.48489219078671303,16,1.4985577167636992,False
0.58305578809668812,18,1.4538915455214254,True
0.52891729292913636,16,1.480564263360435,False
0.65085311423773462,20,1.6098395545457638,True
0.5345325963013049,16,1.2852723282593328,False
0.61057886724183119,20,1.5378667643105919,True
0.95661186277174004,18,1.5984404945165298,True
0.92236047284367384,29,1.5591586049591559,True
0.67714270827420875,20,1.422726614420923,True
0.60954154858133192,17,1.5228968531498412,True
0.56324285449330491,18,1.3539109046930757,False
0.61361921562002841,19,1.4994985544340844,True
0.66674062756455532,21,1.4820215683826634,True
0.61692774289980845,19,1.5677189844955586,True
0.5604619317978855,15,1.2977508993583484,False
0.57596561163982718,18,1.4861854370312715,False
0.54392697405587054,17,1.530723961248116,True
0.75223767699726907,23,1.6732453325067853,True
0.56425585136689338,19,1.356167008798409,False
0.95122054542022594,18,1.6582256909030817,True
0.70033662298757593,21,1.4676617157981116,True
0.95659318607649302,18,1.6713355968212449,True
0.62828158587828298,18,1.4941211003968138,True
0.73252990938518903,23,1.6639401878715085,True
0.73880177530289182,23,1.6403499463166911,True
0.75009662903839491,22,1.51132503269007,True
0.56291737770478389,17,1.589363290965349,True
0.95049381820442003,18,1.6294729153896368,True
0.9516714031787028,18,1.5828673029210196,True
0.50335927688324156,17,1.3141526605933229,True
0.71070782950857314,21,1.537540828454832,True
0.95034858844496117,17,1.6845670478428061,True
0.95702944550383895,18,1.6637835674993107,True
0.55469857077676032,19,1.4236738758363676,True
0.54538003487866227,17,1.4678946951550182,True
0.92924061179377382,32,1.6134399732419078,True
0.65907382883922383,21,1.500092987382992,True
0.56808543955813406,16,1.6390242695331798,True
0.71068829164290925,22,1.5866830666925289,True
0.68711213586078379,20,1.5520019435498158,False
0.62707475648778011,18,1.5367608587639217,True
0.74406010101910314,23,1.6160285706294506,True
0.80998035557430148,25,1.6265534194141458,True
0.50264772394496104,18,1.2583405636305462,False
0.63240471429462164,19,1.2785064413058591,False
0.66174730544945293,20,1.5124840833670052,True
0.63035436546507329,19,1.5494442499635896,True
0.96767382625400611,19,1.6796256523227076,True
0.95204482344621544,18,1.5691912317144623,True
0.53848657803210864,18,1.5490086286914142,True
0.60002114984053778,19,1.5416092212529482,True
0.95872723912340452,19,1.5846037760936251,True
0.76443841586243955,24,1.6473734617414961,True
0.56006292846352601,17,1.5107656322876655,False
0.53454975079907763,19,1.290171222952468,False
0.74345266681466027,23,1.4119850253704023,True
0.95265781005903349,19,1.4228003164498526,True
0.58862188856144526,20,1.6083789860721254,True
0.57042427444424171,19,1.4195586346292202,True
0.84630251995818029,26,1.5915248754639784,True
0.5155131856078502,22,1.1970581936218747,False
0.58165349791355647,18,1.6183610662693964,True
0.5877751469112249,17,1.1424211367173143,False
0.95809786082492276,21,1.6652731167711141,True
0.67554942112092986,21,1.530204953271034,True
0.9580695615857151,19,1.6293728726081049,True
0.64296501053045774,21,1.4636427818428297,True
0.6541377889633968,21,1.5747577707845601,True
0.9572782987790891,19,1.5507371066411868,True
0.95057513362101032,18,1.593545006886165,True
0.52131075505460256,17,1.239993130223227,False
0.58352572641917111,19,1.4572093109749582,True
0.70247811790814529,22,1.4422548935067614,True
0.5275446569284894,18,1.391058795406148,True
0.55835282899067284,18,1.4702359492066914,False
0.57894649038066814,18,1.4514995530521131,True
0.59760508615716024,20,1.3784537524267162,True
0.96392490241581585,20,1.6498575275518277,True
0.95727828961133488,19,1.5662277513818361,True
0.95009725008535473,19,1.6429816670999335,True
0.71056436408572354,21,1.6315761531312332,True
0.65468770618395455,20,1.5588519907143179,True
0.63189532787937619,18,1.4704681818502914,False
0.95221445527374426,18,1.6582104104187838,True
0.9601446112743991,20,1.5845815226458491,True
0.47538586691246537,20,1.2094321184738801,False
0.95070451869679384,18,1.6047525499553705,True
0.62013008360452337,18,1.6175289190939333,True
0.66523965987712552,19,1.5414030730787263,True
0.87131389644014401,27,1.410738520226348,True
0.95053355659185723,17,1.4760193731846996,True
0.57193202703949986,17,1.3267363634884963,True
0.95593564864487723,19,1.6411213976819186,True
0.8097193479256789,25,1.5067528295720634,True
0.55582976180058496,17,1.4273052557990547,False
0.95029675138491176,24,1.5919915169128072,True
0.56847568459277742,19,1.5482998524969989,True
0.55511754724194817,17,1.5221544365307522,False
0.56938823883180745,18,1.5001049303908738,True
0.8229726472857557,23,1.5498776556686704,True
0.60180414142718963,18,1.5253968042820771,True
0.59734705328470861,17,1.3272840812997475,False
0.62558778720136754,20,1.5166286261005881,True
0.95451360204554336,19,1.374020163847627,True
0.5541902992532769,18,1.4272879837588615,False
0.61935304509199485,18,1.4525640805173579,True
0.63200519050802795,19,1.5958653957593598,True
0.96109734601423891,18,1.6451899000257471,True
0.51437986983622452,17,1.4245561955888915,False
0.95270546309932447,18,1.645912732177766,True
0.58760061534075692,18,1.5057419680049595,False
0.48098156601339426,18,1.3531178440966294,False
0.59042954225400091,18,1.505125008948246,True
0.91292848249486613,29,1.5317618404784228,True
0.67010566098663693,18,1.6175802536350581,True
0.57150784898227813,18,1.2573099445343594,False
0.50653789965324303,17,1.4509415444838119,False
0.95206350787314908,18,1.5579700676318999,True
0.96477144983033947,20,1.588201378413024,True
0.95871856153369828,19,1.6461398639239226,True
0.96124248200449536,19,1.6054265539471013,True
0.56540880630874424,17,1.5713792786203007,True
0.53952364788467932,17,1.262001964163747,False
0.65860935878167692,21,1.5485655003160776,True
0.69899991525830296,21,1.63865365650063,True
0.67002545709199213,21,1.6551029439039995,True
0.57093624858023728,17,1.4562551745058117,False
0.54999968624335671,15,1.6543889624669381,True
0.95736195217738618,18,1.6374545415610668,True
0.95210550870175248,18,1.6037810002304256,True
0.54912113160743714,18,1.3395095418030141,False
0.53197684649862453,18,1.280228235561067,False
0.8612992262405994,26,1.5113187684807461,True
0.95848491622594123,19,1.5212655423924588,True
0.95149801158261194,18,1.6611123021248069,True
0.96013976178667582,18,1.6463915864545546,True
0.67149023284456777,19,1.5710578996634976,True
0.96745555139578299,19,1.6150551416760048,True
0.5591926814308239,17,1.499764358177442,True
0.66263638397634683,21,1.5381908507348945,True
0.9654432613620586,19,1.6166760375115963,True
0.62746286558792164,19,1.4158982222538949,True
0.55499135810821421,18,1.3187608454405224,False
0.58173686207880004,15,1.3328155250429414,True
0.96052579770239976,18,1.6745987073321023,True
0.9571192631969927,18,1.6336359331448487,True
0.95644830892302968,19,1.5734791709061116,True
0.95419653348720723,18,1.6272060616722048,True
0.54227531583695243,19,1.4276239932570702,False
0.54229939837041585,16,1.6000910484942694,True
0.5303115189452875,18,1.4866721926489539,True
0.56503173301952259,18,1.5111429718261769,True
0.55638480885540875,17,1.5633950590945511,False
0.59573577716824366,19,1.5578756651643517,True
0.95872690317504183,20,1.5202125745488126,True
0.56958784276055918,17,1.3950866498495673,False
0.67120438471961574,20,1.6685042468213798,True
0.52581350697951268,16,1.4612283335902383,True
0.84588711014716678,26,1.6760707670592034,True
0.53772394179144722,17,1.4375471899174108,False
0.56546922595633664,19,1.2988642588964998,False
0.69548466560712185,23,1.5368122863052238,True
0.58503127185112092,20,1.5663904136297604,True
0.87266048126436757,26,1.6902948777549474,True
0.63794798075681836,19,1.591563235498874,True
0.95666651889221255,18,1.6735110161510607,True
0.58970937638303755,18,1.3824719474835947,False
0.95666407883578297,18,1.6729028066867142,True
0.65923907617203192,20,1.574304284092261,True
0.6020610846446649,19,1.5114339777638628,True
0.61003846242909054,20,1.5415950523524755,True
0.58040204308878662,17,1.4961074951996933,False
0.70208135807590322,22,1.3349076410108012,False
0.60551492817977659,20,1.5213664230788662,True
0.95292911387021728,18,1.56107160400453,True
0.53786071560188753,16,1.2298868256897699,False
0.56634369346384272,18,1.5292629014243235,True
0.85935574409444848,26,1.6364133501017191,True
0.96252403522403307,19,1.6603794087383821,True
0.62008025676911904,20,1.4800859320932025,True
0.61021175042288478,19,1.4146266906275959,True
0.95413226332934675,18,1.6534439523478239,True
0.55919895507218209,18,1.4783351170727044,False
0.6748192507756775,21,1.4720901997387839,True
0.69195078224186513,20,1.5133003251065225,True
0.45725814338539039,17,1.2289926623474994,False
0.95304305091402419,18,1.6208526835388264,True
0.95337827649737916,19,1.6630566805017251,True
0.54967767949298529,18,1.4916391730134073,True
0.64367930857217937,20,1.5000719903695208,True
0.59603764642295942,19,1.5945006484284869,True
0.6582055958585038,21,1.488206490964471,True
0.58882242723907052,18,1.3452506333230647,False
0.6668955741197431,22,1.5582471563378926,True
0.78882286292093773,24,1.6090407342611055,True
0.85177882699588303,24,1.5009419338822201,True
0.60019766013960552,18,1.5614823175386634,True
0.95531272157516423,18,1.646434118444261,True
0.96196141945761648,18,1.5136356830181781,True
0.66029536014976331,20,1.645205173256395,True
0.60211336537748961,16,1.5922915392854353,True
0.63758417111593224,19,1.5932794298480091,True
0.55287546847623614,18,1.4070064680098264,False
0.65805173944663353,19,1.5431548012178167,True
0.95152338511824797,18,1.5015313369287577,True
0.46462405665147222,16,1.4358166819094471,False
0.95524817187407951,18,1.6128851868657152,True
0.81041654311207245,25,1.6187118408798897,True
0.52721911886956951,17,1.3086182771683117,False
0.95153569310502162,25,1.5864468380549934,True
0.59235317478612759,20,1.4500993854499566,True
0.62490782688128077,20,1.4459306530788998,True
0.96627472859801899,18,1.5414854239629323,True
0.70779698363149868,21,1.485413737847475,True
0.95065947869235923,18,1.6615781479707989,True
0.95959404549348781,18,1.6274268189362728,True
0.54622133600735734,17,1.5761892432029432,True
0.68279955258845482,21,1.5737009194221696,True
0.96012672729011916,20,1.701499658281262,True
0.62175308194998247,20,1.4403108523613395,True
0.49446197926345553,18,1.1635303178772698,False
0.96200735107912128,19,1.4636621463319137,True
0.51555791890708924,17,1.3313526164627674,False
0.53331632094844272,17,1.2417316387090969,False
0.90539370203719149,29,1.6180851266326501,True
0.95410273152582525,20,1.6510398158373429,True
0.96451972847658718,19,1.5390131084978382,True
0.65824505391208643,19,1.5305088171909249,True
0.66121472453873142,20,1.5742102993969294,True
0.52075761191761527,19,1.3995757858488993,False
0.53570021818113001,16,1.6367949970188056,True
0.51013077135001006,16,1.5659417151407444,True
0.6003187409298022,18,1.5867839023646171,True
0.5787165199823664,19,1.4766486748445424,True
0.95090334936754961,17,1.6459283775369704,True
0.95678651406988469,18,1.6419716351412164,True
0.56258635231738707,17,1.4832559569064574,False
0.60945848535789338,19,1.5521211752712742,True
0.61578625095176265,19,1.5706261828928696,True
0.61075193733072464,18,1.4119353532685668,True
0.52365282191094753,17,1.45553660048381,False
0.95407292278182421,18,1.6342905258366254,True
0.56466666623806661,17,1.6306952346990304,True
0.60581683460830893,19,1.5442267621893888,True
0.60774753080957233,19,1.5860779322436096,True
0.60200111956058699,18,1.461535124755615,False
0.63141270657399107,19,1.5174661648882546,True
0.60423056616820592,18,1.6596786232887657,True
0.62697484790726932,21,1.5021052004127768,True
0.79815871759969148,23,1.4699083459014395,True
0.953375599498411,18,1.6045317896192062,True
0.62598033019958443,18,1.5387645440815081,True
0.96130683420747776,18,1.5849565447854781,True
0.50594708329401783,17,1.3672604289071562,True
0.52983745046470687,17,1.4156916310542138,False
0.6190403171646216,19,1.4712122384824087,True
0.95183910105456004,18,1.6593537074816522,True
0.55500614395816406,18,1.442585241071576,True
0.55656691950183512,19,1.4592439286547176,True
0.63199583639015888,18,1.5906562310787991,True
0.56746721115196952,18,1.3905340073902861,False
0.67968118314809023,20,1.587072389540169,True
0.51590693446189173,18,1.382864241903015,False
0.95848081623156733,19,1.5725016679084127,True
0.69657128841621985,19,1.4944918914875855,True
0.56387478769665744,17,1.2152196215226962,False
0.95421894269984742,18,1.6843634262456535,True
0.6213837819638286,19,1.6970068312093332,True
0.95758829140114254,18,1.680921465176022,True
0.9520066807510813,19,1.5450370172137506,True
0.58261759420348125,19,1.4771356256954147,True
0.85714889605813205,26,1.5131876861681033,True
0.62360681937317786,21,1.5348866043906864,True
0.57106169310049926,18,1.5217672680420353,True
0.65662923818907193,19,1.6607332281005638,True
0.95294227451889957,17,1.5829833768550476,True
0.95732535634969795,18,1.6121261534602003,True
0.58836423998734155,17,1.6205716037709084,True
0.96150775252493037,18,1.6066234785170199,True
0.60271288228664877,20,1.4820674491975638,True
0.55578242561588831,17,1.4098331498764662,False
0.60806206221699766,18,1.3798409659468049,True
0.73471840592469995,22,1.5834055395171902,True
0.95425788228765274,19,1.6256210947792649,True
0.96276982489116258,19,1.6363447063720891,True
0.95884434311981614,18,1.5994364545825543,True
0.96152819889496199,20,1.6488395243582661,True
0.76064394859647233,22,1.5941523923681939,True
0.62656351393401022,18,1.5340267735048794,True
0.5666471443770793,17,1.5411975763053207,True
0.65375685117223337,20,1.5969028379667602,True
0.59176981142685481,19,1.5266366183507851,True
0.95023959945135095,18,1.6859762687905722,True
0.8719105926633075,28,1.483080686347868,True
0.57436070597307487,16,1.5386470567175439,False
0.55573035372801949,17,1.3018870598170034,True
0.5661655748693003,18,1.3496237480566737,False
0.95911120478829959,19,1.6530025346422415,True
0.53132941083214524,17,1.2591371073250575,False
0.95160791998187444,17,1.6521956423373954,True
0.49632599399689914,18,1.3708287587745216,False
0.96314916584340238,18,1.6925980826390792,True
0.66207675719473802,22,1.5402720269055372,True
0.58788053477244107,19,1.5128160876505004,True
0.72203803295443592,22,1.5539378399467119,True
0.58465233177570319,19,1.1787843794088706,False
0.67510342381572486,19,1.5189847166801804,True
0.61225635846978765,20,1.5172852339419785,True
0.58895683522879405,19,1.5224631872950041,True
0.58403908760187895,18,1.3511113404241795,False
0.60894954744311469,18,1.4290250853425341,False
0.96129633576014883,19,1.5339651260754092,True
0.70117199876775826,22,1.6279961740272155,True
0.62849381338263344,21,1.4864886954474734,True
0.95910108230415436,20,1.6331675280835829,True
0.56859269795518019,19,1.3996817299543536,True
0.55524073135211527,18,1.2107027560890704,False
0.55012282931444301,18,1.37354084307869,False
0.95039137234962112,17,1.6449370832950263,True
0.49320692788907716,17,1.4821133299790872,False
0.51302280765511143,19,1.1519420963411464,False
0.9598829909846861,19,1.6540190604819027,True
0.64029124528744485,19,1.684100477088184,True
0.65889570143891507,21,1.656646684623817,True
0.95830098975997624,18,1.6696623708894405,True
0.65990379297196122,21,1.5695758594556048,True
0.91289719570706362,28,1.6171755464084978,True
0.68076575613135126,21,1.5451122915022524,True
0.95561889994269866,20,1.649733010485432,True
0.62919920825728304,21,1.5544104589795991,True
0.53916766645126135,16,1.5370898421181189,False
0.61824203948677736,19,1.6267734309270931,True
0.55772099473620163,17,1.5379556059858983,False
0.58450104506639677,17,1.5089267527626311,False
0.9568422240177108,18,1.6321677322747301,True
0.52868299571651012,18,1.4777445517725649,False
0.95192522564885385,18,1.6639051865384544,True
0.55922593792425324,19,1.5934862052750418,True
0.54757646260401649,19,1.1070126765187605,False
0.95629933839496772,18,1.618465506261511,True
0.63304493073854862,21,1.4567552554028225,True
0.95592604577028495,18,1.5690980969533233,True
0.85009843037529287,27,1.6160685622693209,True
0.96165241470073071,18,1.5818436953077553,True
0.66594207438468322,20,1.4990666303662401,True
0.95823214218222441,19,1.4824053533804582,True
0.62830313503935031,20,1.5256274169688433,True
0.49785983474305301,16,1.58484611089528,False
0.47832649173629077,18,1.4773464030637307,False
0.61531164557459261,20,1.5374655147477865,True
0.56487185194718703,16,1.6343799878029346,True
0.54150399736585819,16,1.3586333431898037,False
0.95692295297291829,19,1.6500995524347215,True
0.84037220325369077,26,1.6043315636237574,True
0.95204416152012905,18,1.6013060207875209,True
0.78890325302266173,24,1.6330255977060713,True
0.62670220494994189,20,1.4537713767577281,True
0.57897443561396089,17,1.1728067018192458,False
0.96245908056910479,19,1.5905851704920346,True
0.56195122237472972,18,1.4136574872568646,False
0.95889911129894501,20,1.5295115522018234,True
0.95518214381593203,18,1.6393042182228872,True
0.95835191137445186,20,1.6186858069918761,True
0.62072984020599686,18,1.4754605095145952,True
0.63305207212339598,19,1.6125738011039403,True
0.55332924601307754,17,1.1440904656562176,False
0.56983741228289553,21,1.51713537251504,True
0.52044494681876219,18,1.3784637293853026,False
0.86985826872536565,26,1.5541873445454064,True
0.72236712435928851,23,1.6172322855699934,True
0.5663039254539618,17,1.4573759427604995,False
0.95105568300642418,18,1.6680949913373067,True
0.95824669205781587,18,1.5441461470452336,True
0.96130966313668098,19,1.5473373452365633,True
0.95449387561712573,18,1.6061512790231474,True
0.62896031067338787,21,1.6008681888829674,True
0.9542993468669041,18,1.6809082221077529,True
0.60216486065999775,18,1.6899015665924926,True
0.55787013818187514,17,1.3628424384969999,False
0.62333974145092375,18,1.4235139298840649,False
0.55811177986709382,18,1.1904714535159211,False
0.57705698188007515,19,1.3939473086547465,True
0.95666646375683762,18,1.6712731659657443,True
0.50580908626339405,17,1.23697609372174,False
0.59300432385856949,18,1.606954229120098,True
0.60726687057680773,19,1.3276758332905949,True
0.61509167944407162,19,1.3113992173783315,False
0.47763651287052705,16,1.3845452784768959,False
0.95607883209413336,18,1.6942907619432908,True
0.60636284132344209,19,1.5970832751799728,True
0.57410769697342978,17,1.2511207341688633,False
0.96220388813558611,18,1.6670748928561174,True
0.96311283864881214,19,1.6082138086941125,True
0.62352677764047837,20,1.4018301496545622,True
0.55884866983062964,17,1.4982364036880833,False
0.95446374297948533,18,1.4513435684362046,True
0.56821170211798555,18,1.4543318308205515,True
0.55499832103408098,15,1.4290626225240695,True
0.56247404617561048,17,1.5482111204024203,False
0.52554503520602247,16,1.4306185705760277,False
0.60343194186244231,18,1.4728378366007584,False
0.55258487674799572,17,1.449701055399792,True
0.95148825233829482,19,1.6291379063850984,True
0.95298217992660483,19,1.6590253332630804,True
0.55148131739183515,19,1.3041054803442786,False
0.96424644541873139,19,1.6496946491213396,True
0.59101856994662738,17,1.568140883998701,True
0.5708969936047813,18,1.4165855169687098,False
0.5434063363003192,16,1.1447571528908003,False
0.96281740234126723,19,1.6211344497897919,True
0.55667426775551909,17,1.5447734238852437,False
0.95208012259302632,19,1.6277856575337524,True
0.52437281686024018,17,1.4065932594484032,True
0.95536078877625041,18,1.5906983263189947,True
0.75428452356978959,23,1.6310295305602911,True
0.96438795798129462,19,1.5570274898327949,True
0.95641376365303699,18,1.6512517635579664,True
0.95005628995343627,19,1.6070749893532583,True
0.55049592470254949,17,1.4792855888997596,True
0.60540843757529572,18,1.4291311647228506,False
0.51322677743329714,17,1.537748639029636,True
0.96143355609510439,19,1.6643219054404685,True
0.52535881604322898,16,1.5721787665766256,True
0.50398722358383774,16,1.4545284417757254,True
0.63188842060791395,19,1.4173165083088504,True
0.8344523205635529,26,1.6378309127424362,True
0.50580793841504579,17,1.4356269913263022,True
0.62322916003429807,17,1.5198277581849298,True
0.54599663004135579,19,1.2500603414083098,False
0.64330104846256142,19,1.574570378254035,True
0.96251050617542511,18,1.6078422425295869,True
0.95703191984724334,18,1.6585099156699241,True
0.57325661071670309,17,1.5256856779393073,True
0.9527991783661055,19,1.6757384212212605,True
0.56095039682595427,18,1.3499231721535454,False
0.62517783885319411,18,1.622267267746506,True
0.95817513721902114,18,1.6274283739438185,True
0.54343089090784902,18,1.5395515156437669,True
0.96602389462253602,19,1.6314901207727717,True
0.6140420033991878,19,1.6129467893936271,True
0.95406750147960562,19,1.5586466214392629,True
0.59547212042444975,17,1.4919389646067134,False
0.56503068572520798,19,1.3849652742792264,False
0.61445246688741628,21,1.4953434057948685,True
0.60998764150423446,18,1.6865334213021344,True
0.96152458521682072,20,1.5552235612968648,True
0.95639404179420939,18,1.6560122793518022,True
0.64839008759998007,19,1.4611519127947525,True
0.60379024908591772,19,1.5968976168857647,True
0.95495296214744962,18,1.6927871857200472,True
0.79896501818991306,24,1.5948105055649857,True
0.95246857950512542,18,1.6095483324377964,True
0.67507532432426143,22,1.6018609256312804,True
0.57644299316396974,17,1.42541710199547,True
0.58703244984851655,18,1.5568997454498208,True
0.5494092159478895,17,1.208726207104841,False
0.95116506205875873,18,1.3578614573620624,True
0.57848548600127092,18,1.4886005559581479,True
0.96189853830428973,18,1.6065954466731269,True
0.55744930287753458,18,1.6057737682979183,True
0.96345214307809579,19,1.6665234160787674,True
0.58150319125431527,18,1.4731660316040787,True
0.61323751507469504,19,1.554085557145944,True
0.56738319009387961,17,1.5541126931585627,True
0.60545232124689174,16,1.6295715706331935,True
0.57487007900782072,19,1.5025164302037994,True
0.74038996107289523,22,1.6881164958768851,True
0.64167115269991248,20,1.6064029756404028,True
0.79247221435196702,24,1.6374350916991851,True
0.95532912818986515,20,1.4987567163964981,True
0.96247516949753087,19,1.6719662397892718,True
0.72276968300013411,22,1.6012565109108197,True
0.65366237677388384,19,1.6254595506741338,True
0.96432942762299934,19,1.525519662529766,True
0.74748694734689747,23,1.5775544806744648,True
0.57042660601094342,16,1.6550594334234767,True
0.95056537100960625,30,1.5467699250425291,True
0.67704997784709919,21,1.4940764856961684,True
0.53884754337535923,18,1.373105350608893,False
0.95084012003771023,18,1.5676975339803911,True
0.55030534620285265,17,1.5365355381897507,True
0.6997311715384722,22,1.4641339009935175,True
0.66429126649076675,20,1.6356615638796812,True
0.56911130851209935,17,1.5111762210887896,True
0.54564631792646068,18,1.3595005115440653,False
0.60167084598537679,18,1.490248765506166,True
0.71274723365125114,22,1.2991970589634221,False
0.94702808584019904,29,1.688956257297936,True
0.59226191113159521,18,1.4855743693318051,True
0.8451482935317719,25,1.4278604400007737,True
0.57431484507668229,18,1.3883909313913976,False
0.62741571964519749,20,1.6609565577251122,True
0.56568834922917288,18,1.4763724403763863,False
0.52249364253743147,16,1.4849864768985375,True
0.4728498288536247,19,1.235994805014121,False
0.72089160298656851,23,1.5753980924582172,True
0.9601633172447509,19,1.6226950849494144,True
0.95419762475743652,18,1.6272071331255138,True
0.57414605457359924,19,1.4288245756508111,True
0.56011268229111788,18,1.4233146596600468,False
0.95535056249718131,18,1.6459976095712834,True
0.95480951380231782,19,1.6672302579718099,True
0.95873191950397574,18,1.6777298931711304,True
0.96537261077804981,18,1.6298676849814524,True
0.61793960751098864,19,1.4304745012638695,False
0.59242607071602804,17,1.5444769962039837,True
0.60479054316991099,18,1.4204495694783743,True
0.64804099936727433,20,1.4822067360837003,True
0.51426051501856906,17,1.0544943567341587,False
0.56475904121634424,18,1.4917788550933557,True
0.62617493814513936,19,1.5929320593379788,True
0.96179535553959972,19,1.6376420159337095,True
0.96303989891332198,19,1.5471443445492505,True
0.43976588227077246,18,1.1760699181581917,False
0.69267225997115489,22,1.5668556692028128,True
0.56643917904260843,18,1.6250400975812331,True
0.56798248659680839,19,1.5052999579938178,True
0.95611297798357342,18,1.4645357527368696,True
0.95559109640234419,18,1.480545871081189,True
0.95224873802080068,18,1.6036296348688264,True
0.95313506007625659,19,1.5727568922353456,True
0.96111392722600009,19,1.6873827417250915,True
0.50923413125329486,17,1.4313990213455428,True
0.54014203018685347,18,1.4496482133947848,False
0.59761788597947951,17,1.3283620498513402,True
0.88485066980466032,26,1.4415454529861156,True
0.61060042749080201,20,1.4994052006171106,True
0.96269134352637675,19,1.4604453173723133,True
0.95846085983720219,19,1.4980621298469221,True
0.57367800800515723,18,1.4226615794049384,True
0.62891061419005523,18,1.4515513890310059,True
0.69474872453224967,20,1.5627870298288506,True
0.62687042961835826,18,1.4471378585610657,True
0.61287077066235152,20,1.5711929892304672,True
0.95931264895667745,20,1.5452647779606388,True
0.60248927732035618,18,1.6389700632648394,True
0.59029067058804707,18,1.4700725102098899,True
0.76364422148844802,22,1.347540088694269,True
0.95450591986876299,18,1.6163688881701297,True
0.96224021125561887,20,1.5520601927889885,True
0.53424430053558047,19,1.4449396821215752,False
0.95899851995920771,17,1.3472937825458333,True
0.56802400156889499,18,1.5556985978195179,True
0.6099921925304419,18,1.6360480709354597,True
0.592591231659088,17,1.1564559839988544,False
0.63846847651196514,20,1.5966582555475135,True
0.58142106697277984,18,1.4822907986307137,False
0.95028677952619822,18,1.6320962771236418,True
0.93816150307598534,32,1.4640359039365438,True
0.95843474766626702,19,1.3973756150867207,True
0.59405343934134447,18,1.3724463263468369,False
0.95845980031503131,18,1.6727537152096563,True
0.95258090147110608,17,1.6055069450027744,True
0.95277754209430165,19,1.5912613998796379,True
0.83355051467938746,26,1.6250014530266605,True
0.49209292227667129,17,1.3713321777933403,True
0.60907163867190761,18,1.6294718316783365,True
0.95485610642687646,19,1.6239578946881752,True
0.60224293288474096,19,1.5116596978954249,False
0.46403925019577769,18,1.4905039022706306,False
0.67015264807578812,20,1.4206162378030209,True
0.53993029017451755,19,1.3799279840291272,False
0.56249629593340122,18,1.5151700406076969,False
0.96038083458294021,18,1.6890230837518223,True
0.5683739964484652,18,1.4687454868847118,True
0.59025940899254326,18,1.4617703672888271,True
0.58959883965374904,18,1.6634095188927758,True
0.65359369173106308,19,1.4529002660671249,False
0.67571197324168464,19,1.6494811867391743,True
0.7197442223652939,23,1.5634660298494323,True
0.65248347945433394,21,1.5542501737080454,True
0.95837733745154374,19,1.5554645523857245,True
0.63845073465664071,21,1.3688541131126752,True
0.95694282599981162,18,1.6845211675343097,True
0.55577030476236955,19,1.3214785908021411,False
0.54091922335919118,18,1.5134511485398716,True
0.5119622107387154,18,1.464107499106948,False
0.52599614110079695,17,1.3599887042419765,True
0.95939143301205265,18,1.6784496223815639,True
0.52021437168350992,17,1.3583769390229774,True
0.60206675653875863,18,1.6356742184641984,True
0.62696099540991068,18,1.4617908144991314,True
0.95107434306986449,19,1.3706663562358172,True
0.81119356951706545,26,1.4507032759552507,True
0.53267819419780804,19,1.1280423339682089,False
0.95801258248625276,18,1.5463664103256218,True
0.50853322924235334,18,1.3331771998510653,False
0.96484408023910984,19,1.672648345757682,True
0.54471509363434401,17,1.4862993714665802,False
0.88030712670041777,28,1.639931738410086,True
0.64502639457947886,20,1.5441843407297793,True
0.56201911558005946,17,1.5888781009121808,False
0.95386489522518458,19,1.5986896534124602,True
0.57876738164974728,17,1.5259660817148528,False
0.95153618064556589,22,1.6033025229598494,True
0.95584398024242567,18,1.4954151871161467,True
0.7325746741561846,23,1.5922708218723323,True
0.57580750466477371,18,1.3633938353511044,False
0.74629449894655375,21,1.6575798178852219,True
0.56861974314271491,18,1.2453955061080408,False
0.7861072671561572,24,1.659410131370429,True
0.67063655653863397,19,1.5801694541759588,True
0.53904952324284516,17,1.5347082901374092,True
0.58225431618125012,18,1.4113553929469904,False
0.64805179583997297,20,1.5442561409168889,True
0.9502257086175504,18,1.6579750962820154,True
0.59211228916203484,19,1.5434275402383795,True
0.58924637803641589,19,1.3974402350232968,False
0.69137432402554122,22,1.4386441924165825,True
0.54037781480727753,18,1.1403542410510528,False
0.50017814219953449,16,1.3980466765923676,False
0.70671819642133182,21,1.5766987901421783,True
0.55504650742904948,18,1.4876530240597405,False
0.61631007531290083,20,1.578480506241049,True
0.95749230109148886,18,1.5668984965156385,True
0.96509006547398302,18,1.6552482542035516,True
0.70032819835174209,21,1.4695965388622723,True
0.639017640964329,20,1.5235161611620998,True
0.66775017166096706,20,1.5730212474326373,True
0.76857874588109143,23,1.5833640900902866,True
0.46067994016506658,18,1.0632555117892974,False
0.62793360180733215,20,1.5474580811058782,True
0.60484719586729929,19,1.570350348568686,True
0.96049889410243317,19,1.6426530660606364,True
0.64302297722761625,20,1.4334111786757286,True
0.58961649461101973,21,1.6004176767335301,True
0.57858455590053737,17,1.6704152813224649,True
0.78639748102690765,23,1.4733226152941901,True
0.95624418948186973,18,1.683305319009484,True
0.55022366736700468,18,1.2115666272881289,False
0.56011952368306084,18,1.4684800578021693,True
0.54050082811588684,16,1.6364998811845402,True
0.96183486844056154,19,1.6323030183741565,True
0.55630612747880881,18,1.3785536352832324,False
0.95500503949622273,18,1.5714637318344318,True
0.5573819902989503,18,1.4732968897288947,True
0.55625785944951123,18,1.4556870519783327,False
0.6365083597346477,21,1.6041009600784353,True
0.96183688439097592,19,1.5194869139176654,True
0.85341977508310807,26,1.506412194281546,True
0.63854704192339373,18,1.5435873359088736,False
0.70128513946545956,23,1.5810506982443915,True
0.72943868832324121,22,1.5975573236651772,True
0.7331036836903736,23,1.6235832575903311,True
0.63743322718391049,19,1.4475464600014669,True
0.57355845920336856,17,1.4460102605175575,False
0.59523459252047617,18,1.4841635006422902,True
0.95436406069999336,20,1.6457292413864526,True
0.55847254499310728,17,1.5144109294895611,False
0.60002010816859641,18,1.6467349269061875,True
0.54125638604763437,18,1.4841196170529407,True
0.59454785031823643,19,1.5958886325400601,True
0.95277273486344216,18,1.4557529172796693,True
0.95733480782996394,18,1.4333406463553211,True
0.50527265972083146,18,1.3984630813401893,True
0.55358799915019785,18,1.2885461332807016,True
0.95178479004887973,18,1.631801461788625,True
0.55229345530323493,19,1.1390519341235819,False
0.67640042447354909,20,1.3255499403878002,False
0.55500749326013787,16,1.2543512585013985,False
0.95527292845502132,18,1.6124592342425808,True
0.95556038349842776,18,1.6291373344125915,True
0.58996938453407677,18,1.4875201604715769,True
0.95311555440826357,18,1.5203104970180368,True
0.55648080756743823,18,1.4229607489157692,False
0.59613445416809785,18,1.5093936348808235,True
0.62640685029873777,21,1.5520276298650828,True
0.47692640960026034,14,1.477161953935068,False
0.95586179608360156,18,1.6165382648665565,True
0.58242254540257044,16,1.5018102694138702,False
0.56293688842172518,17,1.4521649050381358,False
0.49742353535968675,18,1.4846658389486691,False
0.94775805385910938,31,1.5321658037130865,True
0.55933607658786388,17,1.4434195438082242,True
0.95831131510971113,19,1.649145363935431,True
0.61361090664412143,18,1.3808217654224142,True
0.69675002786781992,23,1.5645625823542086,True
0.5999835310184497,16,1.5871514026378777,True
0.53307033515420177,16,1.5961590273218955,True
0.62842977632954866,17,1.3567796564906922,True
0.96083164580483582,17,1.5405971693442324,True
0.78334727262352299,25,1.6295435307393729,True
0.83602274214663563,26,1.6254820376372001,True
0.96102088482162751,19,1.6083224488621761,True
0.96500868992922062,19,1.5560920503789708,True
0.95966238327122932,18,1.6818545700593008,True
0.59317375555362273,19,1.60826899420511,True
0.56911579301217585,16,1.3754735723342946,True
0.61376840879128403,16,1.3210550500597458,False
0.56914740158399524,18,1.4881345927736058,False
0.65213437513323935,20,1.6163722940663423,True
0.96074831703861474,18,1.6730616059971632,True
0.55835778525336022,18,1.3306300229533807,False
0.96389209653677566,18,1.6936922548274507,True
0.5841422177397122,18,1.6583224900295499,True
0.9557600620443869,20,1.6032683160119789,True
0.63458887079133186,20,1.4777188729434234,True
0.70606779074318415,20,1.6246477052764903,True
0.63587876347533057,22,1.4283427439323377,True
0.76030450675717531,22,1.5272107912862114,True
0.54809194280497064,17,1.1592654713110819,False
0.74748881195751715,24,1.5954299987293776,True
0.96342509363710438,18,1.5729849040522841,True
0.50044939081930506,15,1.4282748777288008,True
0.96632308853827997,19,1.5236719487270647,True
0.71057336178573771,21,1.613520601805533,True
0.84100668126067468,25,1.4181949035295365,True
0.57370396954297653,17,1.5318243953728521,True
0.63649988536677715,18,1.6398432067214386,True
0.77730041172552944,23,1.5583071435780738,True
0.95240511599028033,19,1.6238949171031294,True
0.60867239227261971,18,1.5471940436745251,True
0.51421468639431334,18,1.4726379678375443,True
0.71934383446417427,22,1.5397843170763692,True
0.50037057451605449,17,1.3760249462876761,False
0.95315500180568291,17,1.6397231420390255,True
0.62855235252228703,18,1.5214874740420619,True
0.95334656009879182,18,1.5190772952494052,True
0.9610700527420033,18,1.4468664865264114,True
0.96384972706399619,19,1.3384756389652808,True
0.95206107737502199,18,1.4138098310765475,True
0.51771499193417625,17,1.5239259950034472,True
0.53849507632617333,18,1.4087957885785853,False
0.7168811190527804,20,1.4948007105695511,True
0.84645325477632871,26,1.6283217869684905,True
0.87530084485431703,27,1.524244849944868,True
0.62516440582715793,20,1.5872247638779609,True
0.54312456464007908,17,1.4566083961060154,False
0.95789517677337976,20,1.6155839735319979,True
0.60759849085024886,19,1.5810451472375986,True
0.5587341702040175,18,1.439695051409545,False
0.58947541901816258,18,1.4715521069897988,True
0.96255931221666391,18,1.6117819993124285,True
0.95964914730418227,19,1.6006250298060229,True
0.57186472163974389,18,1.4861188933807874,True
0.53375924664547492,17,1.1631209575965162,False
0.95035375049991089,18,1.6051698062557755,True
0.6518117489627443,21,1.5299466045840076,True
0.92984254156753343,30,1.6775507236999354,True
0.81033488456885849,26,1.6378179131350492,True
0.56569049474704391,19,1.4098089297724585,False
0.95971676520872662,18,1.4493481621721158,True
0.69016125717464527,21,1.6424587210103403,True
0.68863463587924034,21,1.6042346916832637,True
0.7768709898667987,24,1.5582773288451879,True
0.58192388973960452,16,1.3168024323009964,False
0.95530896272848509,19,1.6682173044641726,True
0.76902114234113028,23,1.5528063952939166,True
0.51776052036550557,17,1.3750586398276547,False
0.52658321607320946,19,1.292810339989295,False
0.5967678595549466,17,1.3600716892147662,False
0.61746418852142182,18,1.5891581652397402,True
0.57133109074151167,19,1.3441126276538731,True
0.49155089012848979,16,1.3360951195554103,False
0.95568121531602912,18,1.6283689081566868,True
0.58369973996244062,20,1.2953131338860708,True
0.53797405156051992,18,1.405508607396402,False
0.9152095825373302,29,1.5571706312382287,True
0.63453180423760125,20,1.6168345821311776,True
0.77714910902404366,23,1.6785654716708789,True
0.95217785006097244,17,1.6530115712067446,True
0.97053425834411378,20,1.6918335079360862,True
0.69644205085440758,22,1.5149636741719923,True
0.95909248079612941,19,1.4833917032897306,True
0.65092482018048825,21,1.6249319900910788,True
0.60052127407251399,18,1.6393940989331239,True
0.50099444015155936,19,1.3114680916996451,False
0.76592951470351067,23,1.5143896825132073,True
0.63927650499063959,20,1.4096278305454923,True
0.95842521278851434,19,1.5781805477122914,True
0.95821770926051064,20,1.4997782678145444,True
0.67402965903827805,22,1.5088845633346615,True
0.64398311447870882,19,1.4614818639871086,True
0.5335608208414423,14,1.6252678631170425,True
0.95696594374331645,18,1.5567903029597341,True
0.49287795540654078,16,1.4948081590687325,False
0.95788578387350376,18,1.5355539692403777,True
0.53253522420468447,17,1.4567336620863012,True
0.59571010364378352,19,1.5190297671133364,True
0.87094235294410716,28,1.5864396658709969,True
0.58146482956933121,18,1.4876843864660199,True
0.70076495573759601,21,1.480721457194655,True
0.95876284872927509,19,1.6530017179222876,True
0.90976893240706769,29,1.6614929191276515,True
0.95926995488812516,19,1.5941604793524107,True
0.95905696249729411,19,1.5507052197481954,True
0.53088801224340065,17,1.4069039984287377,True
0.63957242425434646,19,1.3408192052194134,False
0.60115473142603482,19,1.3697460847155338,False
0.95753126024339086,18,1.672500902327082,True
0.95308269750492447,18,1.6430980819355894,True
0.53752609356307246,17,1.4972030048722094,True
0.54633782618426074,16,1.6508459595394578,True
0.96109644984165321,19,1.6667716962148442,True
0.92012840645660465,28,1.5371796148675618,True
0.95622224673457445,19,1.6872893547862504,True
0.59795950130896725,20,1.353332440190901,False
0.59160170903501652,19,1.6103444971563634,True
0.95224311361437197,21,1.5825515328750854,True
0.77249696469107165,22,1.574881506261953,True
0.95137786971826932,17,1.433113681644554,True
0.96747643097573988,19,1.6614897889659883,True
0.56309347437668367,18,1.460956940423827,True
0.95047741544440212,18,1.5465166155249777,True
0.67000261779556636,21,1.42819254822049,True
0.70593240430626591,24,1.4455677207788133,True
0.72286306190835137,22,1.5142490224619998,True
0.53300344436459668,16,1.0992798879924639,False
0.51285949874811798,18,1.3818423032458678,False
0.84157389428120333,27,1.5618835375950713,True
0.71459060204545222,22,1.5583511603633535,True
0.48950484104286257,16,1.4561683435363699,False
0.60907066395627008,19,1.6292178931314716,True
0.80573078740064241,24,1.5481296919434844,True
0.70828608591469921,22,1.6097755366294753,True
0.53823500081994502,17,1.4217702305865085,True
0.81190777289673988,25,1.6637779111490401,True
0.64676730842983388,22,1.3780947929946334,True
0.61128844748231981,19,1.426028833302992,True
0.58558646166957651,18,1.4839773494817747,True
0.68063329717726728,19,1.4635916641657782,True
0.63745065863357075,20,1.6006502443317419,True
0.66373021058846959,19,1.5047506733409863,True
0.68576919506130796,24,1.5129392339202929,True
0.53283770957432708,16,1.5825551262277093,True
0.71122297225642683,22,1.6110920881778359,True
0.95698270890790016,19,1.4472700648680754,True
0.57603528494279888,19,1.5297183834109331,True
0.95809678352851557,19,1.6751235854676683,True
0.72014097141572897,22,1.405483204327667,True
0.90015525222665282,27,1.6877511543115784,True
0.60453827249637127,20,1.4007400707616251,True
0.84400616830862474,26,1.5339484154262237,True
0.55631902479764295,17,1.4803597711544898,False
0.95547090248978672,19,1.6427277253987245,True
0.95469251405131683,18,1.590932902296238,True
0.95499146780498712,19,1.5233441598995514,True
0.71640408007357903,21,1.6333006249210476,True
0.95932338371890902,19,1.5371290276425964,True
0.742804030365254,21,1.4718723071980064,True
0.61900832629627234,20,1.4165843700697447,True
0.63918205025804964,20,1.6196162030278751,True
0.65823192984593137,20,1.6610670650745096,True
0.95294805140286143,19,1.5116938052494122,True
0.59083066187244926,18,1.3049356732513979,False
0.61375737761624261,20,1.5998868160299442,True
0.95913361395218633,18,1.6901346924566965,True
0.54931270908732222,17,1.5222838962818845,True
0.72759099413684603,22,1.6018052167252357,True
0.95290035194317169,17,1.6657344416698796,True
0.57714373331746216,18,1.5601747190052486,True
0.58093110000280213,18,1.4101183214934567,False
0.96159411998403366,18,1.6766271315934189,True
0.55424132864825326,17,1.4806893088326269,True
0.96056066754293112,18,1.7057027374888738,True
0.60222362554341935,19,1.4788103800043846,True
0.53358800152319541,16,1.4611395677459911,True
0.58864875043736054,17,1.3181412741795788,False
0.62297738275260528,19,1.5534496766198074,True
0.95938443648274851,18,1.6301161031226377,True
0.65924915505972914,19,1.5989855660886851,True
0.75712831120458879,22,1.5087297570478595,True
0.59581836842867908,18,1.6207427476641394,True
0.49979618967969719,16,1.4898558463463281,False
0.68910899065655384,21,1.6065752941547575,True
0.57378861177278706,19,1.3593303339243561,True
0.95801443202751757,18,1.6566853424077932,True
0.58380901222452752,17,1.4565261602154926,False
0.60623695549085299,18,1.6385680347458766,True
0.95944026491919499,19,1.5378314117251319,True
0.48093231833569555,17,1.3239168422039211,False
0.53989947594130172,19,1.4491271083747437,True
0.59748039416158272,18,1.2795666967897492,False
0.52560353858195141,17,1.1761731215392757,False
0.62080672158839501,19,1.4626111664088377,True
0.56845859230857321,18,1.3628417599194589,False
0.57170784636856287,19,1.2961383125452692,False
0.43926221058288734,18,1.3188491612682247,False
0.94047387715028008,29,1.4686853547287722,True
0.61862853276116525,19,1.4347518528540895,True
0.58100541521844062,17,1.4024360697223741,False
0.63518480952588585,22,1.5029095728848989,True
0.49442958287033778,17,1.3591042115060341,False
0.58000031431887844,17,1.1737844668626327,False
0.49714358758538091,17,1.4069792743623848,False
0.93369655522741335,31,1.6365962972942998,True
0.7211957314854085,22,1.3761501879397819,True
0.58115048178065176,18,1.4363337365323028,True
0.95345754732459476,20,1.4908738603757818,True
0.60077906658706293,18,1.4716585240145208,False
0.5195856333748522,18,1.3038400753294161,False
0.83486557570128983,24,1.5989365179514965,True
0.6154547535653343,20,1.4553211791124747,True
0.62818285739902457,20,1.6114302897802377,True
0.56679287893698627,18,1.3242315195060785,False
0.54704370877594255,17,1.5870349211477226,False
0.53403630999059348,17,1.510928640340665,True
0.5384083771011472,18,1.1876782422305767,False
0.61033799322599869,19,1.4556840452157385,True
0.95651132817148177,18,1.5424966057116996,True
0.57418892128689003,18,1.5567774460325505,True
0.96106914181130998,18,1.6970226717311132,True
0.91884186454189953,31,1.679385739489881,True
0.9522579844130884,18,1.6213505036220599,True
0.96715133009396015,19,1.6875023654338515,True
0.52391414246878221,18,1.4665891988938855,True
0.92177071132382271,28,1.6287791930580711,True
0.88897445677873288,29,1.6596725654636284,True
0.72686085695301594,23,1.5904637712063232,True
0.56944542698949496,18,1.5823262850284407,True
0.55455073208499217,17,1.1792046051827771,False
0.65965056826446433,21,1.6587229416533906,True
0.67682374420061187,21,1.4997588159414657,True
0.56615135478212519,18,1.4766771402072525,False
0.58420334294543808,18,1.4456007966679605,False
0.51495151540210082,18,1.4363549840859282,False
0.49310217846884574,17,1.2765277654256968,False
0.6253012182985368,20,1.4608736762362329,True
0.77585160478125892,24,1.5760929446400516,True
0.51619427711381749,16,1.4829231232301407,True
0.63286584131654688,21,1.5366638513343645,True
0.57997315117302162,16,1.5419469304847775,False
0.95766679171063163,20,1.5163810908718649,True
0.95827887237632892,19,1.5032667304323866,True
0.5946501004599658,19,1.5870653331462974,True
0.96314035410426979,19,1.5142548617018456,True
0.95315038364151494,17,1.643703739977368,True
0.70871491609916648,22,1.408992551175039,True
0.51558338654148017,17,1.4368446197124083,True
0.59088054557148506,17,1.3482281503644615,False
0.95805252745583158,18,1.6310723573349173,True
0.50806718209434854,18,1.4479950363512883,False
0.95384672067965948,19,1.5959921978492149,True
0.53271955965412598,16,1.4394821727271783,False
0.55722631661485211,18,1.2988933782867254,False
0.6216043207674129,20,1.5953820251425681,True
0.7992339168712066,24,1.6462392103599615,True
0.7100805592776851,20,1.5761996824309625,True
0.96472601588709461,19,1.6046883426266061,True
0.58447767855317234,18,1.5791969169362672,True
0.58556326394520331,18,1.5459978709561528,True
0.55717209921475463,18,1.4413863711851427,False
0.53991511794440161,18,1.4417492368697635,False
0.57556679007934053,18,1.2996132224392334,False
0.95780669712977973,20,1.5829873501089484,True
0.95584256811452872,19,1.5831825772885775,True
0.96200678371740778,19,1.6092165095852546,True
0.57023371101855425,16,1.49450919085758,False
0.62937317828970341,19,1.527547162013033,True
0.5051572801828017,17,1.4091069363370521,True
0.95863965154186281,18,1.6062291348142737,True
0.9515300670589234,18,1.5884583146816968,True
0.5766156853694866,17,1.04422157671783,False
0.6543088833605909,20,1.5564515355211954,True
0.90860869694455981,29,1.643919815695255,True
0.72757910179655361,21,1.5806069860952214,True
0.54338657569538251,16,1.3949093787298956,False
0.57820786990355366,21,1.5031114671000692,True
0.93796390812922226,28,1.5940902777913692,True
0.66157789153925051,20,1.5798603600322387,True
0.57187539974926116,19,1.4584513682156335,True
0.6025612332589485,18,1.6551988994306472,True
0.95912774333125528,19,1.6104126832913743,True
0.95608225894431353,18,1.2456409266902178,True
0.96319302066372425,18,1.6922061132698092,True
0.61632346655753956,19,1.3765159804114639,True
0.96218604023006116,19,1.5925847861065539,True
0.62958121952281321,20,1.501219994711505,True
0.62502472973511691,20,1.5853142532146409,True
0.68433022975949365,20,1.6245333104834623,True
0.65632304149334053,20,1.663705189524662,True
0.58086082584985332,18,1.582794184232547,True
0.50287353348735941,17,1.361752915200692,False
0.57296063960345767,18,1.4560839378547548,True
0.53965494434431094,17,1.5359413096224332,True
0.58235007985141785,19,1.5895387649310737,True
0.96328482127341941,19,1.6732654831492211,True
0.61366530912964867,18,1.6296359225245285,True
0.95926289487205785,18,1.4962953135038961,True
0.58935209873076722,18,1.2762330339300174,False
0.51711440936951181,17,1.2124940098146879,False
0.58124563575504906,18,1.2409511851107866,False
0.95896097878970421,19,1.6150097735543474,True
0.55113772473303524,19,1.5971784437042518,True
0.67698765871560118,20,1.5847297931721209,True
0.95479283089004885,19,1.6227227857023527,True
0.52652333633302362,18,1.2619608119806158,False
0.51918344391806315,17,1.4976461794710407,False
0.64384627036409992,18,1.4101054593006501,True
0.68488878903514328,21,1.3894878628113891,True
0.53106200606678078,16,1.4589091977357409,False
0.54902585639202894,16,1.6412857104932448,True
0.96229503886092993,19,1.65489061220446,True
0.95279231103597406,18,1.5830728511095224,True
0.51725407156885506,18,1.2546962827019561,False
0.56308738568718608,19,1.4136325406055021,False
0.6438073707140467,20,1.3142549791409888,False
0.55712770112476606,18,1.4945277336607152,True
0.6225047148131293,18,1.3499485003235236,False
0.73708215548821032,22,1.6169655738749884,True
0.95855578058564017,18,1.6539969960121959,True
0.54968586631817029,17,1.4783616861743503,False
0.95964546350913638,18,1.6676723122482457,True
0.96264618385290412,19,1.6716551309822494,True
0.67116078751736974,20,1.5800912667246334,True
0.95817335897914269,19,1.5710154172755999,True
0.83929938123608228,24,1.6436048307353028,True
0.75641283083085664,22,1.5021408516095542,True
0.9516492770072893,18,1.6510852708952504,True
0.95447082458049948,21,1.474645687770606,True
0.55471285337286369,18,1.3943500256956907,True
0.88731641643411152,28,1.6068324778137906,True
0.63153036211069125,19,1.5609510145577263,True
0.96436336688126822,18,1.4335641675427064,True
0.64898130500958862,21,1.6258301852423491,True
0.65572545999385856,21,1.6148499307883415,True
0.95639567702012429,18,1.6573963885658138,True
0.95347295601581972,18,1.6540957538769914,True
0.58821960283874619,18,1.3364120781268671,True
0.95318278945324209,17,1.3488203976895148,True
0.95876406355893962,18,1.6005071159769853,True
0.57423875584854778,18,1.6082936716265701,True
0.92182025169788251,30,1.6396201028454496,True
0.96094860159670892,18,1.708946875475833,True
0.96141669220878867,19,1.528399278969075,True
0.82209374307230532,26,1.5862119860447332,True
0.57417750514846522,17,1.5186937367443976,True
0.74709087208852176,23,1.4991905348830696,True
0.964152608344786,19,1.5668844337375463,True
0.5144202203584548,15,1.533567346878947,True
0.49033776918354244,16,1.3961797290820652,False
0.63869299151783099,21,1.5506573739186627,True
0.96140037017047475,19,1.5756369792270357,True
0.95163215845113158,17,1.5413515743759181,True
0.95776674452413435,21,1.6622839187568641,True
0.92156017042906602,30,1.5555839125523272,True
0.57343067913160473,18,1.4545530430779996,False
0.7868485381679694,23,1.6690533303950201,True
0.62801459423920081,20,1.5461254110338909,True
0.62890079551190803,18,1.6505675250190588,True
0.47215893224412514,17,1.3307813188025777,False
0.96587205247568886,19,1.6553408156805602,True
0.68290619828715338,20,1.5510283576116604,True
0.53960272590378688,18,1.467920345768128,False
0.54617326175316527,18,1.4595845295077601,False
0.95095346741874387,18,1.6582080276291236,True
0.72173146760469731,23,1.5417586063398416,True
0.52550608610901794,16,1.5257243908203448,True
0.95612694855234892,24,1.5268361693839314,True
0.55880342249125758,17,1.4087748600533438,False
0.85635378620576696,28,1.6408440275014253,True
0.95610499327848419,17,1.5069545500414301,True
0.57691590178786356,18,1.5767299454055335,True
0.58890423744389131,19,1.5145856302225857,True
0.62644513594240891,19,1.5071859108923706,True
0.47501966757811703,18,1.1544089375617061,False
0.95020797659560829,18,1.6648134525171874,True
0.66128400497395556,20,1.4731166275455134,True
0.56465250323121197,18,1.3691487873571142,False
0.55544592320344932,16,1.4248772702876913,False
0.60715970503154482,19,1.5048629302397185,True
0.4737767490830706,18,1.04663905135352,False
0.96637800301297383,19,1.6791874208899602,True
0.66100478398619289,21,1.5582480305297344,True
0.95655844816145974,22,1.6784259726782964,True
0.75821827867382963,24,1.6833044129576111,True
0.79746514529070445,26,1.5973024232408919,True
0.96445594899563503,19,1.6536430249476657,True
0.77435339081641308,24,1.5161218837186092,True
0.62861100936381487,20,1.5367717351908896,True
0.96117705285534982,19,1.5320368491200513,True
0.54428140115172796,18,1.4523108225414145,True
0.46447153958115922,17,1.4715136763062058,False
0.54613316074353524,17,1.3471778432162962,False
0.56881256708335215,18,1.3887649919578315,False
0.95333959343917041,18,1.6962831980552582,True
0.57164661294099706,18,1.5209217716772552,False
0.49718771932167521,17,1.3383150571365567,False
0.95448909774528456,20,1.4380503687484554,True
0.96096615912423711,19,1.5993064222554589,True
0.95024443502367961,19,1.5266486209399659,True
0.95418536902967599,18,1.6209801071288912,True
0.96526942647169156,18,1.5019772953991526,True
0.50125697087445975,15,1.2975503464867284,False
0.95214389293105262,20,1.5183265236325338,True
0.55503477902360654,18,1.3121119851836229,False
0.95222330324059323,18,1.5698869770154107,True
0.69459450362358577,23,1.609287286739062,True
0.57781381818795274,16,1.5052356475944397,True
0.56825867512730543,18,1.4485308293896566,True
0.72210229799006009,21,1.2898436946070615,False
0.96732180281068292,20,1.5424073041852409,True
0.69258835405100427,20,1.6172568818507365,True
0.9609484315513358,18,1.6647270083273717,True
0.95065623370110264,18,1.5987666597665497,True
0.74712211746036583,21,1.3650159601638616,True
0.56521137226384877,16,1.586685365001379,True
0.96200014796453048,18,1.7105238068104447,True
0.68036444968277232,21,1.5271245626150576,True
0.58509569896845171,18,1.5532443375667229,True
0.53380944160411525,17,1.5406997260406929,False
0.4990191079195348,19,1.2910166073127252,False
0.95380133331292127,18,1.5754759822818456,True
0.95535158421272937,18,1.664760189824998,True
0.62872553394264263,18,1.6431653384216551,True
0.95119664963424166,18,1.6404351878641277,True
0.95358234687405063,18,1.6716735066179982,True
0.69718850467760451,21,1.4736748694883879,True
0.54394422456791436,17,1.1144129523128459,False
0.84270009158151626,25,1.5602259179376707,True
0.5156881603620932,18,1.287363789680259,True
0.95741226259259926,18,1.4499900668262775,True
0.60919872061154812,18,1.6125823530386023,True
0.95036735623609248,18,1.5709409024699252,True
0.56026641153060919,19,1.5178931940346849,True
0.53662857287739185,16,1.562458980423574,True
0.51751633169451183,17,1.4776440131698081,True
0.58248353835273081,20,1.5398245068206176,True
0.59720928473343793,19,1.4778811143535318,True
0.61456124731771067,18,1.4807346996732986,False
0.56074956833840839,17,1.5319542983527099,False
0.61659355969330687,18,1.462030103524504,True
0.6104816976676064,17,1.3145764024569133,False
0.95019192062175284,18,1.5943403971134058,True
0.76089920094383945,21,1.4925554397466574,True
0.45851565260477439,18,1.2257644245643067,False
0.55822791088627832,16,1.6018323679215907,True
0.96124161697463828,19,1.5185954761013782,True
0.65036005322874135,20,1.5953032319979239,True
0.60885703025281013,21,1.5791793286194848,True
0.95391786009103074,19,1.5018131108036437,True
0.63404512082739994,18,1.4895491829809528,True
0.97000075728145474,20,1.5750876982169228,True
0.64497828538385515,20,1.6266646171759698,True
0.53993440574984342,17,1.4597444382164071,False
0.57409583312491785,19,1.4414418319294928,True
0.95248362894945615,18,1.6899295129806202,True
0.68198346040345359,21,1.5305583086643828,True
0.51964993171747142,16,1.4131588906757722,True
0.61146423671501016,18,1.5849760569605054,True
0.52955817650806292,16,1.4242031156953092,False
0.54556195788314454,17,1.5159326245620446,False
0.54536773366891,16,1.5867225359956156,True
0.71006888255036515,20,1.5918039496931742,True
0.70269443883339922,21,1.6100514187887749,True
0.60186432702901627,18,1.584293018684217,True
0.65263130147143233,21,1.4571206328369715,True
0.95551153315274506,18,1.657386918955944,True
0.64657844233889261,20,1.5718290686854279,True
0.95309808661672357,19,1.4933531789228702,True
0.95072444089963104,26,1.6741647845308714,True
0.55347486381422784,17,1.4830076879048224,False
0.79461084321455944,24,1.6747551665626144,True
0.95743161419205502,20,1.5815739763589698,True
0.80386318646274901,25,1.5928640512894598,True
0.87421147466825533,29,1.6488114987130573,True
0.96298424952340478,19,1.5150961351379768,True
0.63346223327627793,17,1.6844994770834181,True
0.95807653617939459,18,1.6220695763861253,True
0.59040433581575535,16,1.5399270949723802,True
0.58755495033673166,18,1.4563178927439326,True
0.95490716067399706,18,1.5611827195803329,True
0.72735728350441531,21,1.513009302561958,True
0.54875449005058885,18,1.49669494662316,True
0.62469650222243289,20,1.4190549740654528,True
0.69265525098414638,21,1.6353624111783907,True
0.95344133717852109,17,1.5440076193251906,True
0.95905886047496047,21,1.5228729488443857,True
0.57099873332658291,19,1.4261499484291764,True
0.95738654786176003,18,1.6531796999757757,True
0.51866012152846075,17,1.5385567841248524,True
0.95391464801247161,18,1.6646156471312294,True
0.61594879915901257,19,1.5935287376068707,True
0.95584850043379943,18,1.6088098893983376,True
0.6763510960997301,21,1.5629586493099863,True
0.86835204799503285,28,1.6242883237843118,True
0.62114092833218681,20,1.4014327020492057,True
0.57896522492850144,18,1.5967047539941797,True
0.95240965986686321,18,1.6365815073579251,True
0.95108948744375921,23,1.5009945469498898,True
0.8298863996854271,25,1.5599021523874326,True
0.53322068906017728,18,1.1681310815035617,False
0.63387746129158962,19,1.5549591553294051,True
0.95614419143217444,18,1.5537508133033513,True
0.95609402870699822,17,1.6394628747269602,True
0.95238602377809234,19,1.6195947058026376,True
0.52045479532894867,17,1.4642876113111956,False
0.56543012576512364,17,1.5890434875403581,True
0.55699108061550318,16,1.6171525904270219,True
0.67975126220393844,21,1.5140060065666485,True
0.9520124593466609,18,1.559560227662351,True
0.56059847021443232,18,1.3615269182818064,False
0.67451447017524213,21,1.4645650153145116,True
0.52822584650500204,15,1.5448746440153975,False
0.54965861310132769,16,1.336582879822789,False
0.58420988939506557,18,1.4094192539214929,True
0.52538527845628624,18,1.5475728921472438,True
0.56199581102480956,18,1.6160572390149308,True
0.70371069582551815,21,1.6069075303915894,True
0.60793837385275362,20,1.3776498545254856,True
0.62938471976491805,18,1.4397658248234415,True
0.56752195900459557,19,1.5878177846777437,True
0.54284441176049647,17,1.5103682881842877,False
0.74753898752887005,23,1.7078212299510065,True
0.9581818396497076,18,1.6863472229420196,True
0.62385415655840915,20,1.644120039797341,True
0.60202929809977246,19,1.6094321801048526,True
0.54265384594443844,18,1.4125393221197255,True
0.89761857984964077,31,1.5826911442488993,True
0.52232529742741907,17,1.4530031264661902,True
0.53598015844425462,17,1.3173340555022344,True
0.56952766812857181,17,1.3034850213704468,False
0.90696737672758276,29,1.4836564088533,True
0.65255595572174274,19,1.5612658647056696,True
0.95210197442630484,19,1.5227317584609905,True
0.56852245982920557,16,1.6397772183428938,True
0.66402149719566317,20,1.6774791821935955,True
0.62519731117341149,19,1.218870497003204,False
0.95783030345445397,18,1.6603834664962951,True
0.4971995117393101,18,1.2011915269811417,False
0.97212969631824042,19,1.6855495023145826,True
0.95715062728995204,18,1.5758760738570181,True
0.95848917046565918,18,1.6105192198543938,True
0.68081806320287619,20,1.4967057655477367,True
0.96946964317637063,20,1.6208144340246566,True
0.52197860473409319,17,1.5259950705140897,True
0.54321938012792637,18,1.3220956162652877,False
0.95452989773793473,18,1.6241152623869615,True
0.70928494427120803,21,1.4569493443886661,True
0.95453832014867679,18,1.6711369467470856,True
0.96079228884007828,19,1.5803763622440874,True
0.7282310668972356,23,1.5791313651059602,True
0.95724501431821285,19,1.6580046103330306,True
0.46870606433183487,18,1.1924746484621693,False
0.54939849108747407,17,1.3865867445515292,False
0.6950637705663274,19,1.5504834382529671,False
0.9559863619335861,18,1.5204973335482483,True
0.60742986976847257,17,1.5482974542627397,True
0.59121833775142563,17,1.4983697683579635,False
0.55963581725939626,17,0.98710438436353409,False
0.88940921957492769,27,1.548529128878728,True
0.69343669867182656,20,1.5151881759750621,True
0.96058017855390954,19,1.5596996517716599,True
0.46969317044529918,18,1.2086383351249617,False
0.95315043336959526,17,1.6176002226341402,True
0.65000912176188441,20,1.261288812290476,False
0.60357970865106669,17,1.5104331241333979,False
0.79276681106446378,23,1.500534282577527,True
0.94629380256870221,30,1.5998635634573271,True
0.95272434665457806,19,1.5396693406406194,True
0.5875678867772347,20,1.5371697578341303,True
0.57572337057025025,18,1.5533429736891284,True
0.59178583631868209,18,1.630571356993554,True
0.9568603805840572,18,1.645113793683912,True
0.95976282318251482,19,1.6497017404326708,True
0.82271928179478226,27,1.5218877552916081,True
0.59457829165293585,19,1.4660550238354233,True
0.96278482917172237,19,1.6631474389801961,True
0.61296769132349649,19,1.5456552948188349,True
0.85877083215342631,26,1.5083910498383479,True
0.63701390914798139,21,1.4445604147127145,True
0.49938561060950837,17,1.4182226156846387,False
0.57665326651973237,17,1.4605863280329621,False
0.96627968255139629,20,1.5969883754002343,True
0.61135846558685103,19,1.5296454332758112,True
0.55896540176948795,18,1.4936437428953686,True
0.955138722296206,18,1.6722240955972463,True
0.5916593372490816,18,1.6107496679934989,True
0.63241851340163391,21,1.5786920962081357,True
0.95675253151678397,19,1.4445595989324904,True
0.95055892633877892,19,1.5473501079247063,True
0.59208349219085255,18,1.5203045531093125,True
0.51819239501600523,17,1.5218191968390054,True
0.66235613315853892,20,1.5670538813552326,True
0.56765303892487795,17,1.5494675762687746,True
0.75478971928907268,22,1.6313847411097082,True
0.95307784015261532,18,1.6024390010516691,True
0.60203625763301694,18,1.5213663657537164,True
0.96127810586463069,19,1.5814639550663065,True
0.73549801354501665,22,1.4843057380294817,True
0.66703826486420525,21,1.5774511795608608,True
0.59151208070499051,19,1.3817649482317855,True
0.71573746387952564,23,1.6116366803404232,True
0.9660341012218101,19,1.5160525954268886,True
0.60175670554714999,18,1.504068343370569,True
0.56934162047045989,18,1.2677976786011294,False
0.95387076040597574,18,1.6391695470108076,True
0.6250088777345455,19,1.4052681184399225,True
0.49646443266768192,17,1.4086746668459993,False
0.96150470839603497,18,1.5820906929326242,True
0.67538479625672354,21,1.3339817970872192,True
0.55545960351611801,18,1.2850293840023956,False
0.60503453655623574,17,1.497918588964402,True
0.65180080549408559,19,1.4747445756417528,True
0.57262504980385998,18,1.5563553286417491,True
0.95080610601235327,17,1.6656247779130926,True
0.67726815684262143,21,1.5767059164809301,True
0.80902152343475497,25,1.6105180053381114,True
0.56002166091737537,17,1.5821230938143502,False
0.96408738800361982,20,1.5963094584983841,True
0.55715076378043482,17,1.5111326224662471,True
0.64094484363722792,19,1.5338242503616379,True
0.58411977749937205,19,1.4446888771636137,False
0.55577902396376389,18,1.5147082626814852,True
0.56803087087186321,18,1.2339482722363708,False
0.72640453513415093,24,1.6659748810987496,True
0.6022450868098872,20,1.3458941082579023,True
0.84653889442262942,25,1.4589056812155636,True
0.95871832701231785,19,1.5800352791016836,True
0.62152847614803275,20,1.5248066377502534,True
0.56781112893028374,18,1.555637205234174,True
0.55240266723347975,18,1.5867145606675994,False
0.54318676605600058,17,1.4798564171812898,False
0.961026781987665,19,1.5153241787508493,True
0.95666844506500426,18,1.5032851579285216,True
0.5927864015820079,17,1.6445693226668627,True
0.54762407832246185,18,1.2992520471468563,False
0.78311121807715289,23,1.6907357307673645,True
0.65267249980006026,21,1.4281290360841186,True
0.74688359491827827,22,1.5951179914553077,True
0.66145339095899658,21,1.6716673381954792,True
0.48358996438781265,18,1.5341738671283842,False
0.51522323874051978,18,1.3527308820172159,False
0.60607494488786084,20,1.6359967819602323,True
0.96223029505292601,18,1.6241572705996143,True
0.63964501758293757,19,1.6805955635837819,True
0.95231060265061662,18,1.6438485806304486,True
0.59091150448092555,20,1.5845182486956197,True
0.95971625424019558,18,1.6839409148448734,True
0.54419040899289517,16,1.4742550442854048,False
0.57359040968818609,18,1.4575184146962983,True
0.63534983595530259,19,1.5193195527475616,True
0.60108794372161334,20,1.504210874997634,True
0.52362724777155023,19,1.2960076780615843,False
0.60878265277200549,19,1.5340053537891924,True
0.57146129476779617,17,1.5589607797048719,True
0.95371334649401718,20,1.6811562074591595,True
0.5696872506143541,19,1.2134306543784228,False
0.72644037460237831,22,1.6771489952166787,True
0.65691994196601056,21,1.5007563583643433,True
0.83106487030996545,25,1.6328876077784578,True
0.52510641058853913,15,1.6151631511142746,True
0.5366279545819207,17,1.5687488558537417,True
0.93437875056106889,30,1.6680597748829007,True
0.80850192127883025,24,1.4543896522584263,True
