0.44138799906702303,16,1.3821213534011827,False
0.49728633840389552,12,1.6313291746655201,True
0.50456513509666612,15,1.5809051366660669,True
0.46060754760555372,12,1.5661497764385701,True
0.50193948133212041,12,1.5911280012097437,True
0.46203307547335559,8,1.6703092990008837,True
0.50628292341649739,12,1.6835734501555146,True
0.52913300109565931,14,1.3946403263818044,True
0.49586114028123418,11,1.5080247006768284,True
0.44515733776498234,19,1.314121524799736,False
0.46484898190125257,13,1.4545951985426522,False
0.47157987691815551,14,1.600995877231995,True
0.47243199939857372,11,1.5805683421511612,True
0.47982064090717025,15,1.6379239671412769,True
0.44124002643643023,14,1.4857531591072459,True
0.49201621040453969,14,1.3243222720389298,False
0.49398974186529271,16,1.3868055723219519,False
0.48008023829822383,14,1.5894236188318189,True
0.48712581213259237,15,1.6349017043541245,True
0.5343910380669521,13,1.6110397117648019,True
0.50612588104334399,18,1.6623470691602191,True
0.44595583596778471,18,1.5592439928660844,True
0.49726189853750935,17,1.4655710857206627,True
0.50094396103806715,15,1.6204539948220666,True
0.47547207384988505,17,1.5441622506819626,True
0.45044762104003766,11,1.489197243445191,True
0.44822614033016006,12,1.6119572919099372,True
0.51339514862311264,15,1.6328808256138498,True
0.49786928039810319,16,1.5359745471662962,True
0.47083161280321928,17,1.444458088209887,False
0.4787199578824643,15,1.5829570738265362,True
0.54850525351827395,14,1.6292543304446161,True
0.49019055453169652,17,1.385509524917095,False
0.49419888724838912,14,1.4342969874324087,False
0.49499669103783384,15,1.4637993411825616,True
0.42839165890956998,12,1.4791311505425417,True
0.45936781943965166,11,1.5667342621786,True
0.52641448727691076,20,1.3535519647411085,False
0.46638010993320056,12,1.595485050230175,True
0.45907467426554238,13,1.6249386122110314,True
0.4142785988079688,11,1.4026040548698013,True
0.48895008294917969,16,1.5925485899906007,True
0.51946682089127527,19,1.6643692157271854,True
0.5068243486729167,14,1.6217005746558024,True
0.5042696160750606,15,1.4661919463213824,True
0.43171072033911057,14,1.3400459645968366,False
0.47330695994645794,12,1.5901338614054483,True
0.47617557139890015,12,1.4513633952163991,True
0.46977726981750301,13,1.5621685716159084,True
0.47907302245789324,17,1.5493791756678383,True
0.50763053030432215,14,1.6059511523762398,True
0.5350658530982525,15,1.5814739996855383,True
0.43660789402586286,10,1.4189251013005488,True
0.51946629009286416,18,1.4073457001379335,True
0.49085347067021506,17,1.3955316099499711,False
0.50918417352640932,14,1.4990019905695748,True
0.4947460703755921,11,1.613217483534843,True
0.47857883802730805,16,1.4356876333794806,True
0.45691472964745528,10,1.6465975233381209,True
0.45168610767134704,13,1.5153770165696818,True
0.44118961389650391,14,1.3938889596406394,False
0.48923535673120172,13,1.3002937606052858,False
0.42596865341017337,13,1.5224947044905393,True
0.46655339394366518,12,1.6039550475950184,True
0.45417275578665001,14,1.5345040277240416,True
0.55578577460317502,15,1.4336254327261881,True
0.42310185903307751,11,1.4575651750238039,True
0.44706167566902116,14,1.4194273233407073,False
0.46915162269883448,17,1.4669180715150889,True
0.49002020878763231,13,1.6902890500580614,True
0.4815596057306244,13,1.6246871777333098,True
0.49607334128356328,16,1.4903185932162097,True
0.51646424943701896,13,1.6408379878275885,True
0.49145054807306343,11,1.6722069638142611,True
0.47598194596229221,8,1.3868968480638335,False
0.47985570744581696,12,1.6394262189187985,True
0.50137343544659996,15,1.6066470744532309,True
0.46984191094067473,13,1.5862160755442938,True
0.45072388110672523,12,1.5714722106574155,True
0.46828451073737909,14,1.6107838970329895,True
0.47323013237890649,10,1.5630250054331642,True
0.5268201676283637,16,1.5763989426635925,True
0.46318464345197263,14,1.4654189741402597,True
0.49931521648082877,14,1.691486133292029,True
0.43078236104879897,11,1.4376119804420406,True
0.46205669968574298,13,1.5843738695308986,True
0.47966794600575513,13,1.4209939740431159,True
0.53034466917051548,16,1.6059569743388045,True
0.48010272754188682,16,1.4817557331681568,True
0.4869346632639438,19,1.261120897791832,True
0.39669211520672792,12,1.3561008575563771,False
0.4732167112222383,15,1.4942833043753019,True
0.44610031724625504,13,1.4543577899440521,True
0.50721606989602119,14,1.5317669668192773,True
0.51550649103197232,20,1.4516010155067416,False
0.46538694591607976,13,1.5840367340927297,True
0.49950355552579295,14,1.6265351125669567,True
0.47040754591757178,14,1.5139464027219163,True
0.49478416173560347,17,1.5323569295081303,True
0.48126566093987,12,1.6696814665851591,True
0.45024554036218811,10,1.4742056455022874,True
0.48954493765034035,15,1.5601081758665183,True
0.49464518414086639,17,1.6081633782119562,True
0.51574632125234454,16,1.5724820967839046,True
0.47785623786411369,17,1.4391377015179838,True
0.51447856122367797,15,1.68883905908274,True
0.50584459581001706,18,1.3587006459290167,True
0.48450954596146106,16,1.5704466557211112,True
0.49799216676260838,15,1.6032602483892235,True
0.45467863499646866,12,1.5909340760623762,True
0.48518144867569596,12,1.679272612362392,True
0.51409352414227172,12,1.5792430563254076,True
0.52496533068159945,19,1.5656554759473194,True
0.54301909843143614,19,1.6258059096672639,True
0.49228690912912082,17,1.525660130441777,True
0.45709241588872079,11,1.5738830191280537,False
0.50288045935949033,11,1.5890182467731011,True
0.46168714698829483,13,1.500606845169284,True
0.50581087529786783,18,1.4088039751502381,True
0.51610601610982576,13,1.6644581688133759,True
0.46361336700470379,11,1.6575513217741713,True
0.48758712827820716,16,1.556312758421923,True
0.51798940651557124,11,1.6542363126180202,True
0.46589912619050633,15,1.3389929008545682,False
0.4498324762671379,14,1.1960474251958275,False
0.43001680820301391,14,1.3414076184974877,False
0.4851250802470301,13,1.6355356381925137,True
0.45665288945341176,13,1.5283092578511634,True
0.45332445541793276,11,1.6164481680116656,True
0.49603749987463674,15,1.63642501320558,True
0.5167704277109636,15,1.5975315936236996,True
0.5470543349886311,18,1.5266364503134784,True
0.46791032802455645,13,1.5721710607074217,True
0.45107043645319722,7,1.5630421970201935,True
0.49009695794350006,17,1.6371673258530721,True
0.44048460620803265,13,1.3330296318478119,True
0.48058603970899955,11,1.6718660480971883,True
0.48869529629975711,16,1.5488537895421504,True
0.46329499208229763,14,1.4390436841484648,False
0.53313381559291539,13,1.6287168664266269,True
0.47908959600503276,12,1.6695120669858934,True
0.49126843735463871,13,1.6252554480961001,True
0.48384688465311959,14,1.6202760993357521,True
0.52033270357538297,16,1.5194127329281624,True
0.42599339030690547,15,1.2630720135153373,False
0.49393617030398657,12,1.6060865999535732,True
0.4746870933189089,15,1.4546737621511867,True
0.48338229895931545,12,1.3362566586179923,True
0.5039851753678759,19,1.384177741266079,True
0.42838322815216978,12,1.5061363409601669,True
0.50582553111086614,17,1.5881092462273105,True
0.49394079679635117,16,1.3468454219836234,False
0.52315838144907734,14,1.5850969144696714,True
0.47390232408928096,12,1.4982999048094257,True
0.45405614647417608,11,1.5501327566746845,True
0.47296195827730159,15,1.5938496789380534,True
0.49562866295944108,14,1.4651436060087399,False
0.4801857107492844,14,1.5246649896223681,True
0.52413497666223119,15,1.6055004558578128,True
0.44764552149362064,12,1.3934494153354089,False
0.50070733376756116,18,1.3880219031906207,False
0.47132811583685974,10,1.6469089345152692,True
0.48218079460678642,15,1.561456277316507,True
0.4320292562635305,12,1.4696013001090902,True
0.47273377247185738,10,1.6794265636117878,True
0.45675220099235425,12,1.567513304011654,True
0.47749538639672856,13,1.5746542938107859,True
0.54254471972410745,15,1.6543992449785565,True
0.45870641027067938,13,1.5861301847819371,True
0.43537820417434614,18,1.180717353612228,False
0.5230222602843243,17,1.5652345421888978,True
0.51599140748647498,15,1.6101691632073207,True
0.43154646906273059,17,1.357768504889207,True
0.48357832229480763,16,1.5421585219427913,True
0.53841657329177428,19,1.5639368933034474,True
0.49564064064997676,14,1.5961697409463533,True
0.48558247183048148,17,1.2906875312218806,False
0.50468843978840816,17,1.5708180011335009,True
0.52111654420607478,16,1.5651032307810004,True
0.49088454498491291,12,1.648160437941713,True
0.45556783068043805,17,1.5166522657309669,True
0.52372316534972385,15,1.5916419076124928,True
0.45913956330886863,14,1.5459342251563726,True
0.49864456962955617,15,1.5940386346254543,True
0.41505430842670593,12,1.4930008792567337,True
0.48764557658945146,13,1.6262695350927099,True
0.50286468050396627,22,1.4316974562625,False
0.48010364764685459,14,1.2991963657296499,False
0.47593965128093202,15,1.4731840303850439,False
0.49285844304281728,9,1.6743585906492187,True
0.49166544962853287,13,1.5221196397267998,True
0.50900672842165862,13,1.6282247823380525,True
0.45077088894851752,13,1.5133144978619733,True
0.48486467991483762,14,1.511977531368744,True
0.49908352394963007,12,1.4789743114356566,True
0.54263982045521308,23,1.5254150427301729,True
0.52552238633995574,17,1.6647981516716284,True
0.45482650644587319,14,1.3671209127132589,False
0.50096922597269944,18,1.6030301554979891,True
0.4896024768329158,17,1.5939944483175876,True
0.48463950999567007,16,1.5530930384818198,False
0.45220419045240312,12,1.5270235186330228,True
0.45111121131637832,14,1.5648886193855327,True
0.46982499505493036,12,1.6019959598895122,True
0.48153244117411687,17,1.3461884122451384,False
0.48306103989024207,12,1.4757592105358703,True
0.47185703915840593,14,1.3872761302209318,False
0.44733188957431885,13,1.6200086428900899,True
0.49455084453116643,11,1.6406841748984224,True
0.50811188479718661,16,1.6060318241349614,True
0.48811506079629091,12,1.673410040889401,True
0.47320611510822536,15,1.4680743932798517,False
0.52576735824586818,17,1.531579114212873,True
0.48658069946408616,12,1.5956282725394084,True
0.511331837485831,13,1.6714535858664352,True
0.42916010351625933,15,1.4124168923751945,False
0.50565533408912688,14,1.6820937692683515,True
0.52859838390440694,15,1.604871222650293,True
0.47549249128236515,13,1.594062065900802,True
0.51698953915599932,18,1.6391514149226429,True
0.45912486630527272,12,1.5372870915294699,True
0.53962932356740001,16,1.6653451545738189,True
0.38579730759178998,11,1.3537184285004127,True
0.52968301486698688,15,1.672108456396042,True
0.4801200567644372,15,1.4941809481210131,False
0.53261174612888029,14,1.5789308328443161,True
0.53622787447676867,17,1.5222592348827233,True
0.49477259530456164,20,1.4347736578795545,True
0.52140953453089023,17,1.4970109839135881,False
0.45592624011266364,12,1.6529168027580154,True
0.4635634576463814,16,1.5325382712633888,True
0.42502720241351366,12,1.4212802670954832,False
0.55939019556563785,21,1.5872525129166373,True
0.4616774126297149,16,1.2597458625305913,False
0.47324862022939401,15,1.2501658133194873,False
0.40619977106968569,12,1.4562849880493547,True
0.52085320174575811,17,1.4901589730228473,True
0.5320036196179424,16,1.5681552864355739,True
0.49701054616012186,14,1.660780903133356,True
0.5601352151673934,21,1.5615079587384457,True
0.46275672568978693,17,1.3238719021811434,False
0.44443308554633731,14,1.4632841455716421,False
0.49601394611778071,17,1.4925244679074743,True
0.47999302298085605,12,1.6468437426419951,True
0.47697800106548882,15,1.2421418109473648,False
0.51965831823379172,15,1.5827203305022071,True
0.46703804494210249,11,1.6419185952435162,True
0.50008016925483745,18,1.4798337167097748,True
0.46911317486216658,15,1.6145897001515657,True
0.47931547971617494,15,1.5646775663802186,True
0.42532858378841137,13,1.3335481938791556,False
0.49476180188668584,13,1.6036070335513992,True
0.53129458985694311,20,1.1323695468304926,False
0.47487454950713104,18,1.3903608624030719,True
0.45824760501172257,13,1.5048793076681439,False
0.45635656611676451,12,1.4825749197323419,True
0.46279541065380825,10,1.5233581182753981,True
0.48217293275207984,16,1.5306083632740528,True
0.46082552869917986,17,1.4833914856606105,True
0.50505330762859613,14,1.5215784803507533,True
0.46899217274893085,17,1.2226429556202441,False
0.51535819358051871,14,1.3084741319121063,True
0.45263485304462847,13,1.5872327056475894,True
0.50704874927466503,11,1.6054853983378592,True
0.51928068660317372,16,1.4703799371635329,True
0.4537700841292357,12,1.5186066371121913,True
0.4663814240910058,9,1.6269461631269309,True
0.47816460926294285,12,1.6217185171965143,True
0.4880302665381851,12,1.6614978541373071,True
0.43820711836272697,12,1.4790588454701887,True
0.47689788687894424,13,1.6471003741871835,True
0.48709550628114118,17,1.5586082442183338,True
0.42237225603496603,10,1.5015161628850662,True
0.51930477709262113,17,1.6579598274408729,True
0.51746882947579753,15,1.4896371677066313,True
0.44245653345291908,13,1.500734596713982,True
0.42160347938691517,15,1.2457254259982342,False
0.48409061483785604,18,1.5020576390707154,True
0.46464298469343562,14,1.5378125833078273,True
0.53944895008661486,17,1.3260784623523603,True
0.52470038749713865,12,1.6195719997605433,True
0.46913778920554561,13,1.53168093689834,True
0.48242349250718503,16,1.5163904475882402,True
0.45080383299571858,8,1.4233911684622358,False
0.41677181019530379,13,1.4091136751385809,False
0.52337974108499929,15,1.6900442022260715,True
0.46364257292304289,9,1.5702706396208612,True
0.49826191883607734,12,1.6652639273569727,True
0.45292835406314513,13,1.511784750350293,False
0.45523244435116433,15,1.3471813227364913,False
0.51644472997998481,15,1.666432561996309,True
0.53902596024066984,19,1.6537028762589241,True
0.46665262939183466,18,1.3195623922516759,False
0.47472370986941265,7,1.6527156054875458,True
0.49715105198971582,10,1.6643387426038003,True
0.50575726992795433,14,1.6112094136166504,True
0.46111906719088508,17,1.413641177342885,False
0.5232634559074768,17,1.5926627877264397,True
0.47478437148371272,12,1.62788399602893,True
0.50094971613017103,13,1.6748960241657858,True
0.57588340634655988,21,1.3300206176776899,False
0.37886435778142558,14,1.4156618651646848,True
0.47080466032806395,13,1.6010534453435317,True
0.48281833375923155,12,1.6526235235056845,True
0.46175918874250227,13,1.5027401031323051,True
0.45002748291221822,13,1.4283586512479101,False
0.48154934199923916,15,1.514635842388047,True
0.52759237838703255,23,1.5385299602394522,False
0.50828104278309183,14,1.6352741438067029,True
0.4841792024440848,14,1.3625605028408503,False
0.46473692353643892,9,1.6546542526049315,True
0.51231060913411608,16,1.6748969898285051,True
0.46761582072130381,16,1.5533709905656536,False
0.50517546247348499,15,1.6032801608579847,True
0.4648417939605915,16,1.1733350267829756,False
0.45235107108347228,15,1.4497460799439756,True
0.48710177859993531,11,1.6420112909245297,True
0.48249690410932278,16,1.5668481954622282,True
0.48986610645771028,16,1.5416024631298828,True
0.47758924815534731,15,1.6003386313542232,True
0.51819896516853403,15,1.4419332934723634,True
0.48751596028089567,14,1.5811328910808591,True
0.52629121497136122,15,1.5097422491775574,True
0.44459840651003002,13,1.5801678237918657,True
0.51639988921989866,12,1.6800703344543413,True
0.52422081539145537,16,1.6606100784029545,True
0.49215584806034723,13,1.5719528340967621,True
0.51711052073541774,14,1.6826389504894024,True
0.44710874107476806,11,1.5152949866452834,True
0.49565347819494487,16,1.6096057812879172,True
0.43729360691486258,14,1.4962898117066232,False
0.44020550552809667,16,1.1899704839827334,False
0.44633209833165238,10,1.6154226808557448,True
0.4121411721816054,9,1.4893727234873324,True
0.47646117248182912,16,1.6122707858242209,True
0.49648089454011335,12,1.6807914342612746,True
0.52971475368685228,18,1.5067932472257726,True
0.45719061559310503,14,1.2556166723452229,False
0.48723638266661529,14,1.5515550029636282,True
0.52557933463697859,13,1.5621445856225582,True
0.45715030873337786,13,1.514902827564055,True
0.46407905209136441,15,1.546001613101077,False
0.47647037150616633,11,1.6516165410021661,True
0.5009827102478569,16,1.6584188312647026,True
0.44162483731470092,14,1.4197502290537305,True
0.47598213762495484,12,1.6446145648919901,True
0.47444965304775649,17,1.5310233766202677,True
0.54041709946631189,15,1.6330560239094902,True
0.48346868224901091,13,1.6608590123274833,True
0.49487733098780101,15,1.4242449538393771,False
0.45128157419100062,12,1.4514341534284727,True
0.50664902931189726,15,1.6404205907724421,True
0.43164310187195942,13,1.4902124820431359,True
0.48536144754918842,15,1.5097525001143655,False
0.46796178845274206,13,1.5775126391427989,True
0.46695591158146599,11,1.5258399544111152,True
0.52477635033838399,15,1.6521778826820812,True
0.4584135788027891,14,1.4887429179601086,True
0.45609636428175865,13,1.5106353028136719,True
0.45485160041076916,13,1.4105279466264595,True
0.47323531279679348,13,1.4841818321562947,False
0.51554460545501957,18,1.6551194329400487,True
0.46766556241082774,14,1.5044319870187612,True
0.4261292205455825,16,1.3375311432666639,True
0.45941575761576192,9,1.5963192961974546,True
0.46156461122834214,11,1.5202513143237404,True
0.48273995830342059,12,1.618207382303162,True
0.46024727718782621,14,1.4527584146834995,False
0.48436413816007973,12,1.6048031596808752,True
0.48454854745454434,15,1.5936932281586451,True
0.48574800755656333,13,1.4923628345875657,True
0.43125057352579954,17,1.3366361603537036,False
0.44152412353241938,13,1.5209010934561045,True
0.53764235078577949,20,1.5528728342701072,True
0.46507392274844939,12,1.586532914391467,True
0.48671352615880803,12,1.660954227254505,True
0.48526032841613992,11,1.541406515940412,True
0.46190783360301729,12,1.3500699646247372,False
0.46641952321604851,12,1.6155341490228496,True
0.48337656779126226,10,1.6490801875358421,True
0.43523520608120253,14,1.3970069617000307,False
0.47653676313768206,12,1.6621941391920543,True
0.45771294588859845,10,1.6858853134987106,True
0.48561227225879411,16,1.5282575657926423,True
0.48923643881634804,14,1.6050577105219788,True
0.38962599045563762,11,1.4497845332237969,True
0.49282618122304639,13,1.5919811441614273,True
0.44797088249967543,14,1.3664930222940992,False
0.45294110069608928,10,1.6294195065205148,True
0.42264267452429272,12,1.4126650411270416,True
0.48665007322080028,14,1.5916633312085404,True
0.44986109651626083,12,1.5698007157624381,True
0.49551816502059964,15,1.6428413018330743,True
0.45295660462904397,7,1.593239938551501,True
0.54632220876647397,20,1.6491256547208122,True
0.51653053489664413,13,1.6876681399223612,True
0.41477961026311988,11,1.473361648482491,True
0.48241786128227659,10,1.6907900606854058,True
0.47221064044659578,15,1.4059096501088904,False
0.49768121422747169,14,1.6618358937369659,True
0.52651028691929846,19,1.4452399913684997,True
0.45363131155448905,12,1.3929187427468079,True
0.46162951724961709,13,1.5147133767297709,True
0.50302626303083964,18,1.6246585839821279,True
0.46485250354435054,10,1.6494908560152102,True
0.46118009406299765,7,1.6684635349007979,True
0.47648237972243929,11,1.6291056328799189,True
0.4932292440671146,11,1.5337909458599661,True
0.47100602178066597,9,1.621807855977774,True
0.47016202266604734,10,1.4628427738671064,True
0.54283135789060444,18,1.342322397358146,True
0.50808723945674228,15,1.5106301777564504,True
0.47562789113008885,12,1.4351405183785293,True
0.52006359395981849,15,1.5145061275334384,True
0.53083958701741496,13,1.5705347636842562,True
0.47917259930188233,15,1.4579861284916018,False
0.46617950837289218,14,1.5018615544236142,True
0.48853896959573689,16,1.5084184264110487,True
0.48224661434733307,14,1.5699549535916926,True
0.46313133393631689,14,1.3616173015712683,False
0.42373708637018997,9,1.5201820715629775,True
0.54399266097545129,15,1.5242635402045428,True
0.53281395404324283,12,1.6758533145322079,True
0.53474759542089534,16,1.4427591945530263,True
0.4465176592106827,16,1.4823742883622724,True
0.46254879063300114,9,1.6431316353140488,True
0.52253690944238063,14,1.6386907746360637,True
0.46235525915540887,13,1.6400118075486101,True
0.47181570377356602,11,1.5855761945255211,True
0.45887982289312468,13,1.3873035624114107,True
0.49033498847973522,15,1.275067225682468,True
0.49986232015241755,14,1.4604853155838833,True
0.43462195047603741,15,1.3961760593104415,True
0.43891966929442355,14,1.4832775177097279,True
0.44846320867659484,17,1.2127781260345623,False
0.46259259297356553,14,1.4903016143205001,False
0.52072712498602169,18,1.3780274546313784,True
0.45807033528818886,11,1.5616867179662948,True
0.47664615083829354,15,1.5955855116724638,True
0.46039848093626323,10,1.574947533269804,True
0.4972097716999081,14,1.5112427032318638,True
0.55325812444176736,18,1.4833009437814655,True
0.44065636068401026,15,1.4115711802460442,True
0.54763204170477608,23,1.1315412925772648,False
0.5151882519953811,14,1.6719364675043566,True
0.48044662776112529,13,1.6272396295069231,True
0.51429402284395709,15,1.3318900904050113,True
0.46302398340133211,14,1.5713590059285043,True
0.47942756502131817,14,1.4543163728864639,True
0.5293493663740465,17,1.3365187493127457,False
0.43322606304474165,10,1.5425815651641659,True
0.47738878881484303,16,1.4643919781368124,True
0.4940243197802795,16,1.5234593224530453,True
0.50417986317402341,13,1.6395681166009379,True
0.49868946669874803,13,1.6070494040758481,True
0.45643704279265834,13,1.4830021550690273,True
0.49332258463635825,17,1.4864952026038354,True
0.45837708615244604,13,1.4752272458851363,True
0.49180305482859743,15,1.5362971186132628,True
0.49299183708365191,11,1.673065985349153,True
0.47915847591356908,19,1.4006491067885396,True
0.46806931625745363,12,1.652802380616214,True
0.42193707102532751,14,1.3547604112286593,True
0.54658855972288978,12,1.5901628741386651,True
0.5090683756458716,14,1.5547074024869012,True
0.45638004652869074,15,1.2431454566764413,False
0.5514956235571189,24,1.4036130878730817,True
0.50541334937169391,16,1.5918445090520759,True
0.49441724472762966,14,1.535675031907177,True
0.50003975058324934,14,1.577311989178225,True
0.43717464564569214,13,1.5654672183664899,True
0.52398400221135255,17,1.6272331789524839,True
0.49483054009194927,11,1.6552932794445401,True
0.48115089908987185,11,1.612050680351826,True
0.48405855694323796,13,1.6394318490070487,True
0.44019242709483697,10,1.5117395347840192,True
0.46065312850830448,13,1.4389483734887591,True
0.48684425925489205,14,1.4825817347789039,True
0.50992750715369317,11,1.648512646144251,True
0.5078545449623395,14,1.4126194674259198,False
0.52513545567789077,17,1.5632185931032545,True
0.42561697565510587,13,1.3124035497566791,False
0.51640599706452783,14,1.5942828942387883,True
0.45892308644746305,14,1.4824517270126489,True
0.47398585314030711,15,1.4784861503014002,True
0.48954350505389449,11,1.6257648074515072,True
0.448084366216427,9,1.5152677676783517,True
0.49876929304501538,12,1.5891004816398571,True
0.45397188712115688,12,1.5819225546313549,True
0.48546834987337367,15,1.6399029121203685,True
0.44738746052869882,9,1.4798306342791256,True
0.45734904295876494,14,1.4879451386797464,True
0.51445390829576665,17,1.5917886805532959,True
0.53278972470079577,17,1.6138938913941021,True
0.48919384559870888,15,1.6016309512270555,True
0.4854522914925064,14,1.5477409417092676,True
0.48136085652232469,15,1.478009446103155,True
0.50202053736561292,13,1.6323659564032971,True
0.50474730399360568,15,1.5176777333039912,True
0.49782180615957811,17,1.5240492514674793,False
0.53679558313918929,16,1.6112449965807161,True
0.48331495160252785,13,1.3061971653035773,False
0.46574541349971033,11,1.627376027735945,True
0.50013647660839133,13,1.5442205861474103,True
0.53489000380198726,12,1.54201947205973,True
0.48270367816230159,11,1.6276938198831661,True
0.4703308762102032,12,1.6585450275094322,True
0.50846541382683041,16,1.5559642461877214,True
0.5078436078089531,13,1.5706256825532603,True
0.51860251479198305,14,1.5713237151138471,True
0.5159947811862291,13,1.5174467577934529,True
0.43745659182766727,11,1.5691057378373119,True
0.4377833724363715,9,1.5305921889361715,True
0.51996090558594887,15,1.6153166888800878,True
0.53820114666576269,21,1.5119006749268431,True
0.47551547033923464,12,1.4941341804778761,True
0.50669107707644678,15,1.6556370379624117,True
0.43770289658108197,13,1.4151187112378965,False
0.50624199195923503,18,1.4409205490472405,False
0.50106853289734843,15,1.5579351356585116,True
0.46622536760122929,12,1.5382583648215005,True
0.48082253681251746,14,1.5913747798528286,True
0.50650429650683615,18,1.4495283736510873,True
0.48871188942061672,13,1.6040883227371943,True
0.51037107900440948,15,1.5342054309698978,True
0.41103632971736226,13,1.4135723145640104,True
0.48493169662374958,13,1.428336443040036,True
0.47913852230490189,11,1.5292898912414898,True
0.43392070849051984,12,1.2635463730840857,False
0.5059310604485453,15,1.5154375717228299,True
0.48351512957340365,11,1.2522151374205683,False
0.51682088787994851,18,1.5848190718168613,True
0.47332447179411352,13,1.608100899779584,True
0.49583300628606547,16,1.5481482854699158,False
0.51091190045581969,12,1.678413017996006,True
0.45230410572485868,15,1.5340441283551334,True
0.4574608750235809,13,1.5369456314637837,True
0.45611078661660709,14,1.4069956088577202,True
0.463089139650951,14,1.586192278335784,True
0.47788077355688452,13,1.4560514350768352,True
0.48156654168774554,15,1.5296841142059086,True
0.52147991752348877,15,1.6386389809143269,True
0.50733400895134551,16,1.5903465547437379,True
0.43954131994818529,13,1.5207398861968082,False
0.4960918309193425,11,1.6961497291604868,True
0.48453720664124411,15,1.610756296664436,True
0.49221494774476271,17,1.3910936098966424,False
0.51116187921700007,15,1.3957377319451858,False
0.5347895264796978,16,1.6831360033575096,True
0.43970008487885731,16,1.2269681483261363,False
0.46965142911993851,16,1.580951494516579,True
0.49325057194440469,14,1.3066468880335038,False
0.52850424993615663,16,1.648535349070128,True
0.50633627125854208,16,1.6198629674837115,True
0.47352972404509641,13,1.4186434917940796,False
0.45750585089239793,20,1.4615341792652947,False
0.43319405946115386,12,1.4621950806583681,False
0.44849869262221564,14,1.5115548619372636,True
0.51421429472313418,19,1.5586540977973966,True
0.53396808883885261,19,1.3723667347152382,True
0.48188261955023781,12,1.6678390185640455,True
0.52731103817652392,15,1.6078025104271678,True
0.46923203845122813,16,1.461785398494059,False
0.44419274827682836,11,1.5822468766278017,True
0.5048029617282207,17,1.2622983305695676,False
0.55648482985095959,21,1.5382980188415625,True
0.49734660618785437,14,1.5835658954420104,True
0.50550071334665181,22,1.4394308669302471,True
0.41897224534287408,11,1.42948502638264,False
0.4807738520754205,15,1.6169961164638686,True
0.42084407241612815,15,1.2731677501549312,True
0.44973373806039352,11,1.6105108885566102,True
0.40525814561393958,12,1.3958379965946761,False
0.48634551902273981,16,1.4074731772542981,False
0.49986648204150874,12,1.6177751287271442,True
0.52769350339616439,12,1.6280521522506257,True
0.48835782061487415,9,1.5306930626687698,True
0.49938706409056088,14,1.5302259604198372,True
0.47281193715331382,17,1.4277777930715403,False
0.48868326396575124,17,1.2607272599696382,False
0.4705184810402615,16,1.3062188266608812,True
0.50813541580409549,14,1.4750981481865384,True
0.48040641880084056,11,1.4662370829159956,True
0.48026819349981659,15,1.6270466041195739,True
0.5299823263562139,19,1.5616579178916223,False
0.51093932614849291,14,1.5502809182563595,True
0.48629385488122701,14,1.6963852930278216,True
0.51158141838713356,13,1.4939882934522113,True
0.50582176992688865,13,1.6663114039502358,True
0.50910590389391619,18,1.680115318060617,True
0.45285470440133624,13,1.5346415308705021,True
0.48371670217666068,13,1.6120409680488512,True
0.49789330991133701,16,1.6136083140934403,True
0.50968465745228497,17,1.5702931647473179,True
0.51255141838095353,15,1.6977533656987658,True
0.51843784977839924,16,1.5489965459854163,True
0.44365091620078889,13,1.4622584276171102,True
0.47344994494349202,15,1.4710606500621259,True
0.46971545678797905,17,1.3577929489405292,False
0.53016507865673079,15,1.6815579409566896,True
0.49533425873728548,14,1.6656635084986493,True
0.5150444207426379,9,1.5099663270996735,True
0.51033973567581548,15,1.6637859296647817,True
0.53461258846381521,20,1.3121284226154211,True
0.49866803371092489,13,1.5880529300302622,True
0.4268821182413392,13,1.212719285732365,False
0.47986813787782334,13,1.5054973121562716,True
0.50411147589831351,11,1.6571113921993208,True
0.454805530195178,17,1.428481563693988,False
0.48616612811935389,12,1.6355197298477444,True
0.47241712131972458,10,1.6383395270571957,True
0.46805502379503477,13,1.578312278771494,True
0.48947361578221543,16,1.4828840288469138,True
0.53948814612256735,15,1.4265924302489297,False
0.47253170676578432,11,1.6477458227723707,True
0.47908423893811386,14,1.6407949789211131,True
0.49692138317204126,14,1.5966705419471228,True
0.47129139854975788,12,1.5291245017386603,True
0.48672518902621503,16,1.5635421816272899,True
0.48311834608447324,17,1.4225806024983279,False
0.49965931022676768,20,1.4589001974249527,True
0.46504842631535331,18,1.5039029395215815,True
0.44859976467018337,7,1.5722590337372313,True
0.47328074394338226,13,1.3919967017818982,True
0.46695798371662844,14,1.4678780319344658,False
0.48459601745458031,15,1.3804219577048884,False
0.53968144793218376,15,1.3534592903037765,True
0.43998313935409777,17,1.4659188696305256,True
0.54748338548093789,13,1.6795530529805345,True
0.43349597204598844,9,1.5155983481161632,True
0.47576922385469556,13,1.6030366676566021,True
0.45563753696424447,18,1.4052515391254421,True
0.42899776049427452,7,1.5195807038911482,True
0.5057327321016778,18,1.6362918570231926,True
0.46669477081669514,10,1.5068119029874076,True
0.48788344533765365,15,1.598364616500151,True
0.49379421821414976,18,1.5903627238571192,True
0.43054264186147367,12,1.2762159866550964,False
0.51576459987584677,15,1.5533385373218509,True
0.51461849054840425,20,1.5326363874291051,True
0.43337268852308364,13,1.478864765788916,True
0.48648416772065645,16,1.5249017034046435,True
0.4870616735310761,15,1.6686723027225765,True
0.50673806856040116,12,1.6203479228000797,True
0.4531049154786907,11,1.5603132669779649,True
0.46332284347470848,12,1.5704018459902345,True
0.4553494136267181,19,1.0947133701589666,False
0.50568830995037173,13,1.5455758232706784,True
0.55426446325924894,20,1.4537837398536753,True
0.51082952267475146,14,1.5850504953640909,True
0.43453410090547878,13,1.4632801220130216,True
0.45556411793157153,16,1.3941396994550923,False
0.53025027862385821,16,1.4526380663416676,True
0.50374086612252156,12,1.5677794927394935,True
0.49313430345752773,13,1.6545350320264567,True
0.49433685612356504,13,1.6009481853987624,True
0.49118000526019667,9,1.2932959434850593,True
0.53015710877324296,18,1.467319238363191,True
0.48446225318082975,12,1.6249093075754195,True
0.45282313085022818,12,1.3949010531097812,False
0.46426956716430096,13,1.6367739057327704,True
0.50681713151482188,16,1.4222725374532934,True
0.40474073993417459,13,1.2787864997483531,True
0.4452317094969786,12,1.5407381935032345,True
0.46873530279262593,12,1.6683326164384567,True
0.51062983492794067,14,1.6307788917919592,True
0.48681403100015019,10,1.6503480265006965,True
0.479029574479161,15,1.365201120292604,False
0.5181720200016976,16,1.6619483381011233,True
0.45331800899616648,13,1.539788385607729,True
0.52672693514578062,17,1.3456153790715841,False
0.4308252032624344,13,1.212042850993438,False
0.49920623624141619,11,1.6007087506065441,True
0.50515878637745404,16,1.6467224638962057,True
0.43884103285936149,11,1.4913703150344439,False
0.47106894003067185,15,1.4518716954609538,True
0.50780495431555184,15,1.659080152142294,True
0.46099375522590919,10,1.5929333551966207,True
0.45847240565304409,14,1.5036048013219743,True
0.467151091332283,13,1.3988778008996512,False
0.47019653324690797,19,1.1015339891127118,False
0.46612411794300129,12,1.5520464149125688,True
0.53535711000756792,20,1.3527382868890028,False
0.50556531916440672,20,1.5594509017456137,True
0.46711418725434511,7,1.6534757775427051,True
0.44568893451341723,14,1.428338910272849,True
0.52799778637961259,19,1.6175426956465522,True
0.50598430415871509,17,1.4899924986942605,True
0.48755270862339833,14,1.4740304640980024,False
0.49416170393123138,15,1.5717815821401024,True
0.47387602392717737,13,1.5939510029519779,True
0.50919802882507992,14,1.6100994922978069,True
0.4741970658705858,14,1.572692399415782,True
0.47578488608950309,9,1.648502946131654,True
0.44043552221141857,14,1.4782047314705657,False
0.48093541799547634,14,1.4710738227696927,True
0.49255256417352022,19,1.1369767596973983,False
0.4611395550950414,13,1.4557219293744399,False
0.50477440138820628,13,1.6166483819004018,True
0.48775175224031997,12,1.6575893540704565,True
0.47649641534079623,12,1.6499299834947094,True
0.4857552912411639,17,1.5636381001804589,True
0.50474269913744363,18,1.3467833797668243,False
0.49660164700965992,15,1.5622652984674406,False
0.47870623781696842,12,1.6271712320514717,True
0.49750943589432117,13,1.649853284975366,True
0.47979636668923414,12,1.6448245402442223,True
0.49692971305596878,15,1.4713585717594819,False
0.42587720517428795,14,1.3487073538603425,False
0.4574913874042405,12,1.5643442034083832,True
0.52354108460848292,13,1.5870341008256257,True
0.52221671189973262,15,1.3382887180278717,True
0.50125286111311074,16,1.4989421992760181,True
0.48483167399489396,11,1.6752789965492862,True
0.43879302838081641,12,1.3845456230602888,True
0.53030275388453729,16,1.3042453135692742,True
0.51874174472442969,17,1.5973961247699437,True
0.44120517620899258,13,1.4610396950419553,False
0.45007981383450818,13,1.4562224968904394,True
0.48836380704942145,17,1.5858855864158323,True
0.44031891542805662,12,1.4244067362524653,False
0.47000606141528628,14,1.5649608020679302,False
0.47755657135230345,9,1.6073455243369801,True
0.45619207598077016,7,1.6766495995888628,True
0.50503468376273108,15,1.5551795970663302,True
0.52053198154679314,15,1.6548476479561427,True
0.43467492303107153,13,1.3932880162997514,False
0.51898553574353945,15,1.6487544374251377,True
0.49203844806549363,9,1.6572935938721556,True
0.45385364964057717,14,1.4739251080373865,False
0.45382759794499855,17,1.3892613356177375,False
0.48319314152269954,11,1.6497664855688714,True
0.47148394000798927,10,1.680879327725429,True
0.48465353142587819,19,1.3869924945829144,False
0.45038717065214823,9,1.6393615754872197,True
0.4330539667822883,14,1.3119189212448792,False
0.45688218741321074,14,1.5287266314262367,True
0.50705486786265408,16,1.6665048269736755,True
0.50755305853965382,17,1.4045542662560753,True
0.4782896510918877,16,1.6206896890678615,True
0.47286655643166159,12,1.5778471614405223,True
0.5278653478660329,14,1.6679815781875862,True
0.52132815396554388,14,1.465643962577128,True
0.48280129973462588,14,1.5543905023703659,True
0.4469531728292776,15,1.4773970842873754,True
0.47897676767662595,14,1.6197578485827664,True
0.46195106189072432,13,1.5809704891851115,True
0.51823823634612554,18,1.5842033735130394,True
0.53481058347204569,16,1.6922026259299741,True
0.51207558676386156,13,1.6701737625626099,True
0.49918055152163376,14,1.5201364629581544,True
0.46835465532966075,16,1.4242943776489663,True
0.53707991089796492,17,1.6914059855600787,True
0.5231480174392501,14,1.6201608914292573,True
0.50876882426340098,12,1.5771785415056381,True
0.41828706999479287,17,1.2433565797979882,False
0.52661201599626006,22,1.4852489650675778,False
0.45328887248497135,10,1.570584472049152,True
0.46088963022224305,13,1.1084946472080619,False
0.47272566650635689,14,1.5535349133221041,True
0.50357467760039021,14,1.533533448257919,True
0.43170529441639771,14,1.4170490072747592,True
0.48845252683744234,17,1.5330086042405526,True
0.50528237408975685,19,1.6235152644446365,True
0.47867872342075074,12,1.5998590382300402,True
0.48885278828689133,16,1.5204658315474342,True
0.48157623343367806,13,1.5669636164104237,True
0.54182565779509095,14,1.2831417916981096,True
0.46135628318702138,14,1.6270389612728235,True
0.51441725980855368,19,1.159273977052913,False
0.46339038544186817,12,1.5787399777660895,True
0.53784444397419096,19,1.5605118758540815,True
0.48539589275982703,20,1.34394362727918,False
0.54719409437561883,20,1.4212834335414033,True
0.41712275944465294,17,1.1474718346401962,False
0.45716605161180668,10,1.6400906480266195,True
0.51725589317337151,13,1.496546306113766,True
0.45448387421570924,9,1.5750561922185258,True
0.50305320176620028,16,1.5594646201984568,True
0.49746102746734022,13,1.6191173478785812,True
0.45277101823596877,12,1.5771838037762811,True
0.46882885860813389,13,1.5196804022206187,False
0.51683231069103552,14,1.6683897382882458,True
0.49773638548332944,15,1.6236827006630679,True
0.46035081768862196,11,1.5470636531163084,True
0.45535570553763227,11,1.4514304719469124,False
0.52201970191926195,18,1.4287501648369554,True
0.46234075494535704,12,1.5431472326090367,True
0.47853819104651479,13,1.6053948725998275,True
0.48696855592384281,14,1.499635605214847,True
0.45509874205709999,15,1.4830937597783209,True
0.4745779542132389,13,1.6671140325614455,True
0.46479173505726679,9,1.6634269624921014,True
0.45857193521961859,7,1.5279402465535046,True
0.45624188012105993,15,1.3972127170333435,False
0.47534603202193149,12,1.6608811978323537,True
0.48218016832311622,15,1.5507453534436502,True
0.51850680887752199,18,1.653437158303489,True
0.50277915464598655,10,1.6240597613662027,True
0.45138657194098764,12,1.4562807828390194,True
0.4490208180936327,11,1.5726490247615286,True
0.49969302266242682,17,1.3734836465948967,True
0.52329482616641143,13,1.677777537473033,True
0.50113241859323909,14,1.5557486741517221,True
0.49442073025503919,11,1.57010368424303,True
0.50882603614567579,16,1.4535259713513113,True
0.46819306011843326,12,1.568818722462346,True
0.49237661769606633,16,1.240136776582857,True
0.48597516238999533,17,1.5265586061742824,True
0.47582203447985016,14,1.5099598813071944,True
0.48095171437489331,11,1.68839960837624,True
0.42554003596874962,8,1.5482634174285974,True
0.47673608571648868,13,1.6100894235508305,True
0.48189355001703249,17,1.1870222188407997,False
0.52347330062518405,13,1.549078885785407,True
0.52239336469853725,20,1.4054742917953378,True
0.45295808877046612,12,1.3952379646095283,True
0.47667014150522075,14,1.4865391930818876,True
0.4736543335597741,15,1.4185415174826956,True
0.45316145845548184,8,1.6006905435702075,True
0.50268395419393508,14,1.6627635017934457,True
0.445987169421666,9,1.6046781368875886,True
0.47552876433025126,14,1.5816138107707542,True
0.49937701516924976,17,1.4966325654252257,False
0.52289931926660782,13,1.652304361919386,True
0.46550078033400921,17,1.3763313832254918,True
0.48545890880649967,9,1.6649865346823591,True
0.49363052807424185,15,1.6335276781520456,True
0.40454534070273318,14,1.2268717496431374,False
0.53931238446688401,16,1.4893697430184665,True
0.49062074469184935,13,1.4908891553877894,True
0.52589131214344553,18,1.6307002613796098,True
0.45986576625003051,12,1.5013007658265716,False
0.52795327579682172,17,1.5585877909638388,True
0.4432606108006712,14,1.4352606822843579,True
0.50108114339636733,18,1.6251443899189013,True
0.50906471791000019,14,1.6131346887828149,True
0.4819332123204248,14,1.6137802128530092,True
0.49634874690056996,17,1.4849251901895753,True
0.49972092205565816,18,1.3163109928735222,True
0.48401993724651127,12,1.6234151242575432,True
0.49129210508038218,12,1.6076573845379847,True
0.51456523859863612,14,1.6764037978634629,True
0.53930097375676511,20,1.4008597949035497,True
0.51898693605403245,17,1.5067277540366377,True
0.49737122300659092,14,1.6317208620135657,True
0.50604494783750253,16,1.209892927705827,False
0.47503731118114589,11,1.6891661474455093,True
0.44293164756280579,11,1.5077819014165417,True
0.54082781316425976,16,1.402921866574967,True
0.47089930317728779,15,1.6084268820212038,True
0.41737642242018508,16,1.3131064416786915,False
0.51169916531074133,12,1.6646527361205636,True
0.43491552648377263,16,1.3938998849580071,True
0.51283397931030628,16,1.3431056102025201,False
0.44867584655357234,11,1.4627938439565586,True
0.46451934712424076,11,1.6001848447224833,True
0.4690840827585015,13,1.5982232382012036,True
0.4639367612254004,11,1.6254330015724694,True
0.45762504554403061,15,1.4940627675906748,True
0.48353510221557339,14,1.585713379823998,True
0.43193376584048365,13,1.4726121971644071,False
0.51841574381417554,18,1.3878180567570462,True
0.50527084403219125,12,1.602294252058138,True
0.50967996322003317,14,1.6995727958243825,True
0.53998089624050372,19,1.6148743561520726,True
0.44300128669932276,14,1.394458002075172,True
0.5598048843159954,16,1.4454668064741678,True
0.5018943182676745,14,1.6710260337968372,True
0.43362637720538211,13,1.4113887583975973,True
0.48658227705637669,14,1.6447929262935017,True
0.51914058715194566,18,1.4747678279694034,True
0.45065777093180975,12,1.5505372833996469,True
0.48389485767605156,15,1.5573320829007817,True
0.44505925429836374,10,1.6104270389982696,True
0.50707059518454756,14,1.5163883015989983,True
0.4314011964833212,12,1.4735411273489236,True
0.44933787919656409,14,1.477553505175456,True
0.48500462530439803,15,1.5326075649394368,True
0.47267418731614441,17,1.4969388117968281,True
0.51177848374560853,20,1.5114305820660698,True
0.43518471501761813,9,1.4277901658556531,False
0.51410412588945953,11,1.66537314097399,True
0.44815041620140322,15,1.4135982217884691,True
0.4933449982619364,17,1.5722051607948715,True
0.4822977905261725,11,1.5860229925671723,True
0.52032418762924171,17,1.5749219679071325,True
0.53493811917202183,17,1.5435538936934992,True
0.48182230456942204,12,1.471803149890077,True
0.4981580413617735,11,1.5518548849477278,True
0.51834826789385768,16,1.7118990982786397,True
0.48066708938926805,12,1.640942730131447,True
0.46106062473043968,12,1.5470339880422213,True
0.48428074262973614,8,1.6965051186968136,True
0.50651856820520069,13,1.5320599057270192,True
0.51858086466677666,17,1.5808972622444057,True
0.4630812904812675,12,1.5667652002933774,True
0.53748712869292725,19,1.6038804824414779,True
0.45560530139269367,11,1.5687156518568059,True
0.51331705559008156,16,1.4228586774643468,False
0.47330721247452973,16,1.383527089589466,False
0.458947858127912,13,1.5292998352358693,True
0.51284731678702988,16,1.6457548441086327,True
0.5383203847532565,17,1.3647029008534184,True
0.48667727278741024,13,1.6016906245846914,True
0.52661343890840129,12,1.4737530984479226,True
0.514449526270914,15,1.1356305121463663,False
0.50110602075404331,20,1.3529020959964115,False
0.52685029108788262,15,1.5148601073829395,True
0.45248697383162889,15,1.391753676512224,False
0.52906634361256955,16,1.1715031000980052,False
0.46668212633132644,15,1.3126246746198866,False
0.48682199955551342,13,1.6697472105025817,True
0.48137250128037512,19,1.4446537622292317,True
0.52789409115461838,15,1.4336173298472492,False
0.44529582840543652,12,1.326857682102867,False
0.51890896283757804,15,1.4754317670001595,True
0.48104197250436936,19,1.5219380468634831,False
0.50829185963295453,14,1.6760945549514719,True
0.47516882977702052,12,1.6475591499302713,True
0.41994218644020687,13,1.3438523977838064,True
0.48016395411585833,13,1.3332616477975969,False
0.5071413137028985,15,1.6451560396953202,True
0.49911648449322299,14,1.4920676836778932,True
0.51016564373436912,18,1.5623726523962647,True
0.4816822789969587,11,1.6087113213592699,True
0.51655280834589157,14,1.5293662654019577,True
0.45709548338458644,14,1.5065509960796732,True
0.48576719441111793,12,1.6476446198996544,True
0.48966992994713027,13,1.6818421746708752,True
0.51363054939978181,14,1.6104896361056598,True
0.46285108553853399,13,1.5198270979553665,False
0.4714037774965591,15,1.59327204621004,True
0.41076630380786183,17,1.2280501172803395,False
0.48669864084483866,13,1.612179669499741,True
0.47418273269943961,14,1.4621906315151199,True
0.50150373023339245,14,1.6499878835759578,True
0.45603073391374321,14,1.5039631388413417,True
0.48170891032248719,14,1.5595319901450053,True
0.52300328494880188,15,1.6507578640614313,True
0.45886597007832475,10,1.5994379914427981,True
0.42448668930606803,13,1.5010956959829027,True
0.39081613597342163,14,1.1101504293459403,False
0.46584328095232141,12,1.6657070317164839,True
0.48584916692198954,11,1.640099795405223,True
0.48402761391903648,15,1.4397336670367142,True
0.5062359124562692,16,1.5142876650746524,True
0.47045979066557908,10,1.3299433496324782,False
0.52329304617354744,20,1.5327360464290127,True
0.49966718869920207,14,1.3377000843169271,False
0.44700012494926167,13,1.4910827733693415,False
0.44985666421710596,10,1.5974564896816061,True
0.51883118647386961,16,1.6432740734703162,True
0.48766944161784015,16,1.3850478915136952,False
0.53149109243168124,15,1.6069102562062356,True
0.45545835867248602,16,1.2481473433678179,False
0.45018847978204646,10,1.4849892086680017,True
0.50106736427384913,14,1.4940758860425563,True
0.4207341399824811,16,1.3015136453267226,False
0.47676871342278349,12,1.6385152546669723,True
0.46044195372350877,15,1.374192752577599,False
0.46431695469763329,14,1.5482815777772398,True
0.45025097013875814,12,1.5256050858720831,True
0.46474877104116341,14,1.4933537975059115,False
0.45516426233285673,15,1.3825653735818881,False
0.55262932840730616,12,1.454769208037024,True
0.44874677946576697,11,1.4842031332123147,True
0.44737038089103043,15,1.2636520058121308,False
0.49527465314052033,13,1.635075425669015,True
0.50355164894948379,13,1.6815832863008062,True
0.48121823146637582,10,1.5407879134645699,True
0.47652487809649097,13,1.6355991941798755,True
0.5060537074099466,18,1.5670924714721681,True
0.4577996388646271,12,1.3311972661919522,False
0.48965084771031786,15,1.5918728195157317,True
0.43565887900410172,14,1.6212748224715401,True
0.53365730728568306,18,1.5028611247186612,True
0.4925751122392561,14,1.5748896502356562,True
0.43065531067282886,14,1.3502520099656556,False
0.50307568366668209,15,1.5125439056123311,True
0.48346253311582021,12,1.5442247906944759,False
0.43271919473002346,14,1.4328138052567947,False
0.48915241739132409,15,1.5833441976277671,True
0.47704486772119536,10,1.6857798635462675,True
0.47271064153260767,11,1.5992433745198464,True
0.48622264444166524,11,1.6880106664953121,True
0.40828158694749772,10,1.4371250757892002,True
0.54754493567944329,18,1.5163428939976589,True
0.49190407232114547,13,1.573818893116756,True
0.51355157384294503,20,1.4470093207861965,True
0.41516712549826712,13,1.3260458221038973,True
0.47330788841935051,14,1.4429536693906375,True
0.50409614089260035,11,1.6483143682052726,True
0.4622035128377967,14,1.5430376363143552,True
0.51118835976409904,13,1.6582281916683557,True
0.52299190009006979,13,1.4765677029627884,True
0.48702607874845427,10,1.4789636666747024,True
0.49631676848299278,15,1.6067363879428567,True
0.52422706334450797,15,1.5239859296032767,True
0.48817044691843731,16,1.3495848253177241,False
0.48303398565068628,12,1.646845315474496,True
0.48670790540420777,17,1.4960859628668208,False
0.45392372239864487,7,1.6671042197400485,True
0.44630799046255026,13,1.3491276475789058,False
0.46787386804661529,16,1.5708785332114905,True
0.51275216363750376,17,1.522316426103085,True
0.51212067215759383,10,1.6320982229581693,True
0.47152928474242606,19,1.3609668635939904,False
0.4599271879383463,15,1.5404774833127592,False
0.49231560076870068,15,1.6279825544685957,True
0.48213996825595434,12,1.631414888211278,True
0.48195972048773544,16,1.5790949505704002,True
0.45516816435435031,12,1.546019691431322,True
0.48378251429694535,14,1.6012768686091687,True
0.49319552936233368,15,1.4818483286500215,False
0.50028250909997396,12,1.6861046685019367,True
0.48330936553926501,11,1.5492092487976417,True
0.49907487436487091,16,1.5326881305480862,True
0.49448618937086275,17,1.5975762187854561,True
0.54359223113384503,15,1.4320614403513674,True
0.45841012826090693,13,1.6238446053968321,True
0.45249052186749728,10,1.4367980466270864,True
0.49304276543740594,16,1.4323384985256833,True
0.49473751149585182,16,1.5615841328225271,True
0.47919028844821021,14,1.5189185206976845,True
0.44272458637358164,16,1.2119525498001416,False
0.50606911250351427,17,1.4366041741242854,True
0.46392622520103277,12,1.6625683296872791,True
0.52638104583048684,13,1.3251404045655275,True
0.46521575303697482,11,1.666667635452971,True
0.48476699439617288,17,1.4695617749172318,True
0.44159978502745395,12,1.5478551167400973,True
0.4921296469222885,23,1.5433488233524368,False
0.47176187369368744,11,1.6279862237305316,True
0.48825624484915731,14,1.5897870757549106,True
0.48334419824442493,15,1.5880101511949005,True
0.46367733840318703,13,1.5905245962811325,True
0.4503573301493396,15,1.5384037017046479,True
0.51332649398372332,19,1.4309283632334699,False
0.49407355455345253,15,1.6157101714007609,True
0.41740503311815208,18,1.1392872866773478,False
0.50775443897463335,19,1.4171307860919131,True
0.37176994706984712,14,1.0281927661919439,False
0.45759575121395968,13,1.5852174103929146,True
0.46034225555914821,9,1.6621220082523616,True
0.43201401029332026,12,1.5140925291221325,False
0.48364961990422911,13,1.6034243810586373,True
0.51543311156576777,14,1.6962368660618663,True
0.52607992131741466,15,1.6528305054074082,True
0.44815978949569502,14,1.4646600799618132,False
0.50374309563587383,12,1.6357346249168188,True
0.5044961649479196,16,1.4725835268715799,False
0.53384672663248411,16,1.4651556892294904,True
0.45405878129903526,13,1.5846022224562066,True
0.49710964789046663,16,1.4454027107495928,True
0.46866832336720832,14,1.5505251849784354,False
0.47951160459690328,17,1.4899245073647718,False
0.54266147103047535,22,1.3152593094653264,False
0.47908272045945233,13,1.5675711970856541,True
0.47762549730650006,15,1.6057972760372978,True
0.46062855664023261,18,1.3074812459482277,False
0.52070171426600242,13,1.690445826535296,True
0.43444705213005291,11,1.5263900250755589,True
0.45162552985567389,14,1.5392979778859088,True
0.5149145063810916,18,1.5788360785884175,True
0.49360632420053457,14,1.4917172015657247,False
0.5071440623736293,11,1.4580242342883085,True
0.47557606527257928,13,1.6056844602078049,True
0.50269684389037383,13,1.6379583278732281,True
0.45310631734733242,12,1.6072436195509816,True
0.46457272811130523,16,1.5174454123258734,False
0.45755474205195085,14,1.5187134201409809,True
0.51839789690637939,14,1.4334716974376864,True
0.48312590407406675,17,1.4583847483621375,True
0.4824578012434303,11,1.6961864166911005,True
0.47518810468278982,12,1.6405370096689984,True
0.51733306021981562,17,1.5539373367194915,True
0.53360037082440503,17,1.5675230706327534,True
0.50401424458917632,17,1.5017388361025708,True
0.50607282280140453,12,1.5702499126385927,True
0.4719876928762245,14,1.5827489643101069,True
0.47593723512522357,13,1.559641680311151,True
0.49682184333212293,13,1.5506623857882287,True
0.50630445179858485,14,1.5434162442511927,True
0.48683623856770486,15,1.5592595459731708,True
0.50201302063398434,15,1.6029879691914832,True
0.51364859826618603,13,1.6644157567939939,True
0.48393146167948814,13,1.622637071178811,True
0.5101859491836036,17,1.2825754748371427,False
0.50591547570161666,17,1.5341468145168309,True
0.45501345629907719,12,1.59725708651304,True
0.45420277165323969,12,1.6138027461252458,True
0.44235725894747008,15,1.3473552011726098,False
0.48719827551132511,17,1.528676319046395,True
0.45538397903296696,11,1.5507777845577941,True
0.43829602879180907,10,1.5197709644223769,True
0.43260886082680799,10,1.3369904124617509,False
0.49179938511206228,13,1.4361275431293008,True
0.51459940154388761,14,1.6028817995714264,True
0.48574800500107923,15,1.5800879051203824,True
0.48882182938696866,12,1.4778390765071923,True
0.45842165330516532,14,1.5337816295130116,True
0.49789873545053909,13,1.5747053201744239,False
0.52914873375431259,20,1.459722188309861,True
0.45996110376579297,14,1.5244172004011236,True
0.5243222077761992,12,1.4529800677295415,True
0.46841831511620036,16,1.402671050669003,False
0.50860944796446994,18,1.5736138938210229,True
0.47437165166314188,17,1.4833988934763309,True
0.43423038255069579,9,1.4251740816532796,True
0.48881457326298633,14,1.4391208671381657,True
0.42845737951508611,8,1.5970979363046984,True
0.48654808199269289,13,1.5555009491415912,True
0.46510259723904585,11,1.5078013713732974,False
0.47494310705591958,16,1.4532853091128064,False
0.53594196565516361,16,1.5369960439426986,True
0.48869748490991988,16,1.4508352359016212,True
0.47660203648359373,12,1.4946870929861666,True
0.44874075295878113,11,1.5812636368720401,True
0.51442235885514254,13,1.6582727863009223,True
0.52975967451686035,18,1.6354413444179192,True
0.49127010642480401,10,1.3326965515306686,True
0.46491621052374194,12,1.5754417878249829,False
0.53784427477702856,17,1.4784458801093672,True
0.53884125746878209,18,1.5487477404383845,True
0.49681759268408054,14,1.7005183220167948,True
0.48517081129609718,15,1.4079434357196663,True
0.4851822168174425,16,1.5785077516853152,True
0.4363537743575896,14,1.4318623541928646,True
0.51688650672764336,20,1.5373883297786444,True
0.53570251811590242,15,1.6411037021027435,True
0.45595944194861304,11,1.6062562529418869,True
0.46084869485579583,14,1.5370357691484233,True
0.43596000075763486,13,1.4938120302635891,True
0.48673936958295266,15,1.5635301239917492,True
0.47688909337624025,12,1.6385826051760526,True
0.46271288661969484,14,1.5939584634807205,True
0.46040891630780367,14,1.3765855352506349,False
0.43273022983122761,9,1.526987535076906,True
0.45306778586270913,16,1.33033006020095,False
0.52871184191532716,18,1.5452020509553304,True
0.45079209951645172,7,1.5447450033581223,True
0.46288656792231536,12,1.606240867881312,True
0.45115056958095795,11,1.5932163639679284,True
0.47778056486679582,16,1.5191548545038485,True
0.49784125704000526,15,1.543162323593694,True
0.44677285045975451,17,1.2403239527963235,False
0.4632137204970227,15,1.3679725645028116,False
0.50612108003876677,14,1.5395812995791478,True
0.43705463268817485,16,1.1928337322194411,False
0.518049395752467,17,1.6476404919166396,True
0.48266658594904988,10,1.5987421320428665,True
0.47378625424137893,11,1.565354847794223,True
0.49037104628959505,12,1.5608835350111367,True
0.46910882578199437,11,1.5952036850985707,True
0.51897627483711373,20,1.4955546764365819,True
0.45219393560399901,14,1.4925138421369262,True
0.46416448561286489,16,1.4330221157857235,False
0.48138729216191606,12,1.6689291820353598,True
0.49331653829008104,13,1.6748894733282473,True
0.53450172883446745,19,1.4851375508113331,True
0.44417717151824265,12,1.5637775939693304,True
0.47933091390631782,16,1.2418462702405431,False
0.46376771622596036,13,1.408233283672742,False
0.53117461977933,15,1.6364732648348541,True
0.51183410645141203,16,1.5981925607897731,True
0.48825193027906444,23,1.4570735050789567,True
0.51021318380437564,16,1.2406176776171298,True
0.49755011631347623,14,1.6397811014108015,True
0.49871753021996162,15,1.6770762111668123,True
0.482099703386976,16,1.5644669778375464,True
0.52521669094482415,17,1.4429221313846512,True
0.49999665863232856,13,1.6444611840517647,True
0.52005201947396695,18,1.5922737810084193,True
0.49366350058826908,16,1.6096934983184579,True
0.48005002813477193,16,1.4671342531328813,True
0.42317626629377275,14,1.4300319571863718,False
0.49152026821470363,13,1.5441878130906901,True
0.5286459304847243,17,1.5717665152008233,True
0.43408382256377553,16,1.3124731935817076,True
0.48657839365798267,11,1.4991748950039996,False
0.4837253333699249,11,1.6069779783448557,True
0.51691040712522995,11,1.6849343257742511,True
0.47435568358896596,10,1.6794043933159815,True
0.51277415067865495,16,1.6287397977611016,True
0.45729827426704633,14,1.3571657738851108,False
0.47637686239789295,11,1.626476269159006,True
0.55542225579292748,17,1.5201492338009623,True
0.44976266175497165,10,1.6389497736078602,True
0.49597269443875042,11,1.6910596451195943,True
0.48671171616861719,12,1.6435357037440161,True
0.48349014715179317,12,1.609279405246737,True
0.43229624104918674,15,1.2665990407775769,False
0.46883197641521224,14,1.5286914643750287,True
0.47745068266499346,10,1.5885352670277773,True
0.50754776882143915,11,1.4667931943223036,True
0.50689879423549955,16,1.5205499728598053,False
0.45594737796582574,14,1.5675328776114994,True
0.48020143207920246,13,1.5308398997685626,True
0.43998013759331522,12,1.4444628355427138,False
0.43612364790341462,12,1.5275484808674378,False
0.46798481795493457,14,1.5228944996420914,False
0.48893115531980158,14,1.6107176554232141,True
0.45010523078884523,8,1.6220998642997548,True
0.48684716422057939,12,1.6921434557831387,True
0.50097797726796234,19,1.591345568475466,True
0.52128145874566656,20,1.6094800507238094,True
0.47693490131598903,12,1.6233103235540236,True
0.47453021098348358,10,1.5959883793826897,True
0.45478550058913453,12,1.4656656544390225,True
0.51057815110050286,20,1.5385099752623577,True
0.47203020762235859,16,1.5356659688033798,False
0.48754472072074995,14,1.5521355375617496,True
0.46326833171878928,13,1.4669711089522286,False
0.50721897575863528,16,1.6425823820458734,True
0.43243631627617779,12,1.3544223099979935,False
0.43893841782996712,12,1.5067755818213464,True
0.48768042156336666,14,1.6334962169854688,True
0.50426798621449509,14,1.3998851944218134,True
0.50137388996576471,12,1.6347740481982707,True
0.46170327546826651,17,1.4428753504693583,True
0.42305521173398403,11,1.5028140363589042,True
0.52344447764106317,13,1.5953001248209941,True
0.45157222780964751,13,1.5257684290905777,True
0.44821098634034129,15,1.3911461038980188,False
0.47241612693773971,14,1.5033910502409595,True
0.41523577763693448,14,1.2771325250268442,False
0.5132744409133464,13,1.6543401795400545,True
0.42556332360122362,13,1.4969822377441662,True
0.49847902370531616,13,1.696769824161829,True
0.49345559122035743,13,1.6735152546665433,True
0.48752396427461442,15,1.6169754886709471,True
0.44347247185838168,13,1.4380376704374709,True
0.47166573542868673,14,1.581363236608365,True
0.45929095122392405,15,1.4252216379350597,True
0.45093696068097711,13,1.4824045940181416,True
0.54750948874862992,18,1.5019979650358433,True
0.47399343993316739,11,1.6427196557405419,True
0.51259562794503211,14,1.6359046135908326,True
0.48107304870012241,12,1.6508230308870941,True
0.51551880981259257,14,1.6415839956572609,True
0.54456570083646283,15,1.628675299310361,True
0.48477238417096585,14,1.512113557239273,False
0.48271441488526268,12,1.6236467847922833,True
0.49525960732486951,15,1.5423918536433676,True
0.47794882642373909,14,1.5717962632075513,False
0.4920236193138624,14,1.3236734080300741,False
0.4443368404576834,12,1.5082755375672987,True
0.52083969492017179,14,1.5174251598514559,True
0.42791087698743324,13,1.5194238085816403,True
0.51854780451490279,15,1.6877534778829595,True
0.48525479242103892,17,1.4209338863413239,True
0.53894282042308161,17,1.4756022439119971,True
0.42975977578111557,13,1.3745745909385674,True
0.51201294762757088,15,1.6930060965070699,True
0.44789122300581141,15,1.5359274230535742,True
0.45701145624749151,11,1.5290478938311942,True
0.4291807501165027,13,1.3731394186081087,True
0.50940369407331831,13,1.6892585520659298,True
0.41858134607457992,11,1.4839879257783335,True
0.49448835545991648,14,1.5662131604002085,True
0.48401498812274407,17,1.5380492067551166,True
0.47606284642196656,12,1.5112124603994812,True
0.45743341614426664,16,1.0341596737815366,False
0.44508736451283271,15,1.4211550794789445,True
0.43460802318488961,11,1.4772046859248598,True
0.50011439374907873,12,1.5853610019976019,True
0.48965670540746098,16,1.5248937923658896,True
0.4928295979315635,13,1.6242140515707,True
0.49427638884409308,13,1.6748791409572321,True
0.42383945511080923,14,1.3297246312551878,False
0.52878755921982401,21,1.1026267584388216,False
0.49748118065932162,16,1.5715072338497973,True
0.51550495482886249,16,1.5206458830161949,True
0.49857163047306235,14,1.5173358380706015,True
0.41794613135003983,7,1.4165806027702583,True
0.4796393073589218,15,1.4987410885556283,True
0.52082209645957067,15,1.4610980355550558,True
0.48764365192084813,14,1.5647931459733535,True
0.43517932025446776,14,1.166759792438492,False
0.41642245885195395,15,1.3188730269432536,False
0.4916218204858776,10,1.6365439152355679,True
0.50551320736003491,17,1.5978920471782165,True
0.50346693694850364,15,1.6298666511854207,True
0.44747340680537778,8,1.5434344180535915,True
0.48715755123584564,12,1.6233369855095194,True
0.45352919103721279,12,1.5614815918633411,True
0.48022299929208445,16,1.4420496195093966,False
0.46012723714433496,7,1.6768145540225203,True
0.49064002933139611,14,1.3849030181911253,True
0.47216603549709535,13,1.613934042537895,True
0.44715657373643913,16,1.5488583892606171,True
0.44577277705437968,13,1.4143548415506124,False
0.50256299739243748,13,1.6188198719641194,True
0.50202785999214328,13,1.6902388268751984,True
0.48560713181975351,15,1.5611670042303425,True
0.50160730658679253,14,1.4037521767634515,False
0.47889630283354223,13,1.5562354098078903,True
0.49960461816016671,15,1.6612917386865536,True
0.53768230329630073,13,1.6206677145544688,True
0.48245826996694702,13,1.4765020829829305,True
0.45357596710974246,15,1.2827745296421291,False
0.47534140481774634,14,1.3875484689258708,True
0.46131139120856934,14,1.1890104409522835,False
0.49023782815360561,11,1.6235255870994214,True
0.52473874886648386,15,1.5414339089129419,True
0.46400684218877963,18,1.3364903142524736,False
0.51062704133430425,14,1.5190575156866732,False
0.48461052541070448,16,1.5492366942503304,True
0.47712699994209035,18,1.4849349612658007,False
0.47023673033982089,12,1.6337492901771864,True
0.39418330003480773,10,1.376746042798686,True
0.53436144969036636,23,1.2920932949525616,False
0.45974428815815699,12,1.5225741350615238,True
0.49620767483078765,11,1.6389360004132447,True
0.47311931862129719,14,1.5930787473742998,True
0.46045772922396494,11,1.5821084858935348,True
0.47261557294761691,11,1.5873266243695829,True
0.42876119501301718,12,1.4579987645149666,False
0.50612527310542821,18,1.4553411144727397,True
0.47389845761580873,11,1.6312691324557809,True
0.51209406115994993,18,1.6308365262879829,True
0.51620135667242106,20,1.4000450023718147,True
0.56085276506332826,16,1.3336628469021103,True
0.50029929352601232,14,1.3044736988320296,False
0.53596990084789797,17,1.4907433771763581,False
0.49797542615535362,13,1.6605772209110317,True
0.50066857944219934,10,1.6514981642470064,True
0.54333743733036255,18,1.600550517950478,True
0.48067181396093922,13,1.3866833939635208,False
0.47362222143545657,15,1.5113357872472617,True
0.50427425490931799,15,1.3434784695306106,True
0.39853335787874072,15,1.267791153088875,False
0.44193170193310627,15,1.3569743666972693,True
0.51040014481037466,11,1.5265982035250036,True
0.50429937988967788,13,1.7019502046251249,True
0.42707419250775458,13,1.3143737924640158,True
0.46739878982842614,13,1.3222614855357966,False
0.5486194667214439,20,1.216136190259014,False
0.5306279377824461,16,1.3248231490899072,False
0.43938512350959097,11,1.5618744330319554,True
0.50916922712968382,15,1.5274830775036858,True
0.45935528230792472,11,1.5048830787366378,False
0.46100413023961878,13,1.4333004163681062,False
0.46101724458270943,17,1.1013576873752531,False
0.50475008895692719,7,1.5227107555223025,True
0.5461813979990443,16,1.4749163786171433,True
0.50693688442082185,17,1.4359372839973661,False
0.54133387042262504,15,1.5403944602681121,True
0.52358249193297179,18,1.4598764774214243,True
0.51256591515177419,14,1.5368850633771522,True
0.51380672370086711,18,1.6785792209729349,True
0.47120963154808632,15,1.5139325608017811,True
0.49015588892576389,9,1.6847386588904973,True
0.50341610303106166,12,1.687380980142192,True
0.49625169185118934,14,1.6019722564079717,True
0.48035654678698991,17,1.3990456150718829,False
0.52875619003501528,19,1.4374927109614923,True
0.46403605182013163,14,1.5220382650662458,False
0.48430165927059371,15,1.5560304480799219,True
0.48220006077438199,17,1.4167682376264095,True
0.45659939462989679,7,1.6428391826613884,True
0.5134604450900464,21,1.4434577607682129,True
0.49539211026189667,13,1.6683008578489569,True
0.48600506939808691,12,1.6161279824249577,True
0.46884011438149525,14,1.5663901077230438,True
0.5027467266316088,15,1.4376421741813856,True
0.4371919367089942,11,1.5159992375197622,True
0.48812239370979232,11,1.6536771358810629,True
0.53656095345372301,17,1.5916601698723987,True
0.48341413413199746,12,1.5448405343674705,True
0.44434023024152336,12,1.4072923056733173,False
0.49357062700191406,15,1.5396225141763971,True
0.48210578144740662,12,1.6543074841773202,True
0.4817557156332869,12,1.6299561985245197,True
0.51078098102138147,15,1.5649395725878816,True
0.52395353932005839,14,1.6054491074632744,True
0.48848991220159849,15,1.6734330444895515,True
0.47117362903938936,9,1.6415142423644018,True
0.48276240996455944,16,1.3977212480338168,True
0.45845703987660402,15,1.4051576757408595,True
0.46988170309253269,14,1.5466243596406231,True
0.51877750065773798,20,1.3455831613286084,True
0.54680801552148395,16,1.6760335148772252,True
0.52730113780935761,12,1.5894091847983132,True
0.54023081167435549,18,1.3614566028009458,True
0.47853853956906761,13,1.562725647756215,True
0.46977500134481009,20,1.5089034109537616,True
0.53299434859095662,18,1.6435433178451408,True
0.52103510515051776,15,1.5548664933859893,True
0.52021566364437011,14,1.6712661451647155,True
0.48894413116499497,14,1.6334717898280604,True
0.51528735616013499,16,1.5659553384305172,True
0.41777284246484458,12,1.4812884999726867,True
0.45876562988758118,10,1.6318468840825011,True
0.40842523223147909,13,1.1529004405743188,False
0.50912183014639023,18,1.1349248905661371,False
0.441291690350754,13,1.5294329987268838,True
0.50527290136058101,15,1.6026031521512853,True
0.48669055900792796,14,1.5144246861901194,True
0.47933381832485022,11,1.6456357221765343,True
0.43878133842881933,8,1.5997861855223539,True
0.46662718664494307,11,1.6324039403704924,True
0.50206493909683725,17,1.4744326811794037,True
0.50859847438978845,14,1.607443729474457,True
0.5418871535734695,13,1.4583226071163302,True
0.47216710549562046,15,1.5269209735810707,True
0.47737293814895299,14,1.5283197214296058,True
0.44447504674888161,15,1.3511769803819436,False
0.48021855723466345,17,1.3968270735013208,True
0.46252559395275766,9,1.6428585067993913,True
0.47217757969314478,11,1.5552891646595166,True
0.50147709387240147,16,1.4111326992301454,True
0.52117879656334565,15,1.5377735636718115,True
0.54835150356110696,16,1.3038047123971079,True
0.51123434709777726,20,1.527176241696889,True
0.44199435917079755,13,1.4137859415064566,False
0.52110849729579978,16,1.6134215795915894,False
0.47692782003891165,14,1.4610027511473311,False
0.46217209296499495,14,1.5116891700675492,False
0.47162351157400589,13,1.6322209650203197,True
0.45318272590646114,15,1.3949322911999396,False
0.52601323036347647,21,1.4648086817768826,True
0.43808729610918451,15,1.4293324548691289,True
0.5316957869303448,17,1.3779657909934098,True
0.46679971960882155,9,1.6127155386420722,True
0.54906093495162922,15,1.2967543316418453,True
0.47025554518036283,12,1.5400276444331118,True
0.52583288784015969,14,1.5072014594694632,True
0.44170791953289112,17,1.6003874978855543,True
0.43338597583601918,12,1.5300384428368237,True
0.45945390246121837,16,1.4059334072789191,False
0.52041370009385324,14,1.1723547147716231,False
0.4332503879600747,13,1.3089412242103748,False
0.50623749401782847,20,1.4019110185567039,True
0.53941421879790796,14,1.5423812591347952,True
0.48783569419026734,15,1.6493586531304592,True
0.48352785146702837,13,1.508726934817858,True
0.43752032756884635,13,1.3455104888811997,True
0.42313752117223946,13,1.4440284810742852,True
0.47532406384408316,16,1.600459325514989,True
0.43311906517289445,11,1.5003408125413238,True
0.45666850426188216,13,1.6202914962803423,True
0.510741281720827,12,1.6120322553358089,True
0.55139981017143058,16,1.4739614562618053,True
0.51190463579401024,14,1.6409498583741087,True
0.4916981761678898,14,1.4495499829427581,False
0.45194388324463897,10,1.5146755611206648,False
0.50756017764658046,19,1.4478604770328913,False
0.44493965674736746,11,1.5679163170057859,True
0.47574768116880395,16,1.5868946090784186,True
0.48875016189826787,11,1.6598404082834413,True
0.47515137770041538,13,1.5770030367421901,True
0.50714601396356673,14,1.6157103547125655,True
0.51209120289663179,15,1.6622292195763615,True
0.44289226545604254,13,1.4061508842201789,False
0.45754317226878605,10,1.5945647081551217,True
0.44490375754213135,13,1.5218281590295375,True
0.45420071834308201,12,1.6240090203725708,True
0.43016472091402835,14,1.4280537524404495,True
0.47890954555346193,12,1.6241939820168894,True
0.47075290579276313,8,1.6773272457031427,True
0.48665940316281703,13,1.6713422185248137,True
0.48074755939392483,13,1.4086136027214373,False
0.46421991559835774,13,1.4043006224700718,False
0.43433065923266412,15,1.3091406349343606,False
0.49290062824274117,13,1.5226479493198146,True
0.46154923908805912,14,1.5233975725071689,True
0.51468144034111984,21,1.1650103300639598,False
0.49323693220029746,14,1.6340844627431346,True
0.48418748434335351,15,1.3727584719291175,False
0.48746604327235626,12,1.6462969652722002,True
0.46606420929993447,12,1.6137417602718664,True
0.44287004574435146,16,1.3729373583709521,False
0.49206846276942678,15,1.596603716688529,True
0.4973616985929073,15,1.6144837378127599,True
0.51515341262842318,18,1.567962419234525,True
0.51128133449662072,18,1.6610209702505583,True
0.47195731404375779,15,1.4641187023239703,False
0.47976052249967394,13,1.6539747719738764,True
0.55324828237915202,18,1.4780794183750749,True
0.4715036005017153,12,1.6580274434906783,True
0.4378688930177384,14,1.4832920170343729,True
0.47900862956554813,15,1.5039014274758258,False
0.50004552600175278,17,1.6330650964965723,True
0.48059394678942885,13,1.6598283908736298,True
0.4330888573894488,13,1.5196110299906407,True
0.48358144420573129,15,1.5192982641687516,True
0.43873613055355942,14,1.3452270787091516,False
0.48368642606144635,14,1.6131478240793222,True
0.51762604742280816,17,1.5328448283781881,True
0.51988858291632523,15,1.6388988467625565,True
0.43046803617746582,12,1.4615383364844772,True
0.45431059575131877,15,1.4215792250335695,True
0.4800058768662101,11,1.65766860018594,True
0.49038566135030071,18,1.256643859736952,False
0.46892539147867807,14,1.4567309720779895,True
0.50063010865947222,13,1.1401572065370629,False
0.42869703885421684,13,1.3155785634545114,False
0.48275371303072112,13,1.6205880629109322,True
0.46831085134801043,12,1.5437179522106275,True
0.42794690759927784,17,1.1898155656875566,False
0.5293688062453985,22,1.5601130167823176,True
0.5298912315537756,14,1.6222445546220987,True
0.47621205058259986,15,1.5588512869823006,True
0.5261649414101548,20,1.438398979489941,True
0.47258070272458041,10,1.5882685660382907,True
0.45759872306471178,13,1.480788250917151,False
0.43314331993306215,11,1.3253460605940237,False
0.54970718323819057,17,1.5242786368766508,True
0.50327042332105398,15,1.5491148068161502,True
0.4873786540704142,13,1.326523868128165,False
0.50687019198586258,14,1.6545852150279292,True
0.47811228613994233,15,1.6165185049643631,True
0.47544521608262358,16,1.4793305338806915,True
0.40377067941252859,7,1.4358599722977816,True
0.44475881394025124,14,1.4825487710618268,False
0.46317249001517702,14,1.5407223734149857,True
0.51913514994218712,11,1.6465363070894223,True
0.48398264310700134,12,1.5909500907973586,True
0.49317797679810321,18,1.3855612608082801,True
0.44575412066562903,17,1.2914993433466995,False
0.51759644244436043,13,1.6695723209430333,True
0.55018644098647917,20,1.2169209904753571,True
0.48770450704758439,15,1.5704339055271426,True
0.49079693560904469,16,1.3722642726144243,True
0.5115415552555177,15,1.6191732783045993,True
0.54021588352383754,16,1.2879048492709828,False
0.49535407619204064,12,1.6635015182667026,True
0.46605967957711558,16,1.549645806900467,True
0.48197086139255707,8,1.6683320428417958,True
0.52109826527059366,17,1.3237004627252227,True
0.42175633704756993,12,1.333686244756483,False
0.49274117424930669,13,1.3126358221078718,False
0.49137573009368224,20,1.5703509247071596,False
0.49481404468723006,16,1.5840261543537297,True
0.5115207837179907,11,1.7050371915591329,True
0.50219129089598102,12,1.5799469732331599,True
0.42847661932779291,16,1.3936931742241236,False
0.55212852739805773,12,1.5339604620525933,True
0.52678871927178506,15,1.5913131743601816,True
0.52843962095902142,22,1.289639235338556,False
0.4706097828729312,15,1.3863076689453884,True
0.47480988636664662,13,1.6149361644527844,True
0.45101614530528628,12,1.4609171100500049,True
0.45758572165571582,12,1.6104424032863078,True
0.45444887442098092,15,1.4721746988884041,False
0.46951678501552047,10,1.5802770632662229,True
0.44271142104606198,10,1.6062327732108588,True
0.47274352993226182,14,1.5992347777873455,True
0.48413837177960189,12,1.5858519528267816,True
0.51751560122111673,21,1.4846209262209893,True
0.52875802660196725,19,1.5234796896681051,True
0.46887751730036292,12,1.4694731019880389,False
0.5038613825302537,11,1.7015953764514289,True
0.52644167526206687,17,1.4487780327816573,True
0.44421031715720838,12,1.374801800673086,True
0.50627620477214275,16,1.5590169179914151,True
0.47130115633382369,11,1.5741884746706798,True
0.44079175456837105,12,1.5440399413702386,True
0.43480636390432009,8,1.5871086928823726,True
0.47257171584423019,11,1.2917665466784984,True
0.46366183898508856,12,1.382584868349839,False
0.48644312082027863,17,1.6249383082705211,True
0.49223849112101326,17,1.5653012233391308,True
0.45411547663497531,7,1.5541575985408138,False
0.43436106619284848,15,1.1996562447203503,False
0.47306409920602521,14,1.5993692184195485,True
0.49967872042264366,16,1.5771965738660139,True
0.50050061923302547,10,1.6080578463809518,True
0.48883676108538077,9,1.615625191327144,True
0.48844520894710475,15,1.53816123158239,True
0.50186364545948248,12,1.6641245956189914,True
0.55763824607800128,20,1.2551059007250942,False
0.51593791990383042,10,1.662085450685183,True
0.44271863989431504,10,1.4724771095333564,True
0.49689246417682359,15,1.346262672371904,True
0.47657276188520942,12,1.6094244701142881,True
0.43166595232410676,16,1.3067500771395582,False
0.42668151708115354,10,1.4437262110881923,True
0.53230531811050918,18,1.5995448211361714,True
0.45595714746188398,18,1.3325972050686468,False
0.49301301806215686,12,1.565876066445608,True
0.48891133129551545,11,1.6694081410901231,True
0.46357238208835788,12,1.5695942300932773,False
0.45446099608768714,15,1.3482948367860894,False
0.42340439960645415,13,1.4275215194048949,True
0.50931338827075789,17,1.3221703560518927,False
0.49475374754286922,14,1.4753882511723415,True
0.45244963919846326,15,1.2667505101338885,False
0.45446166636882768,11,1.5821243574566293,True
0.48501186757388293,14,1.6303170225872254,True
0.47396917091247975,9,1.678653140477109,True
0.49732601247825126,15,1.4875836856269218,True
0.46301511272386014,10,1.6766957862658232,True
0.44800675650664201,13,1.5447603355139976,True
0.50618384215186119,15,1.4920776916131442,True
0.44347765511967702,13,1.4114900733226334,False
0.49264246807224349,14,1.6520212459441805,True
0.43490177795482537,12,1.4944401631129731,True
0.54119780106849158,14,1.5324739742339466,True
0.48781683176015028,12,1.347730879815946,False
0.49428811459679933,15,1.6486701110912545,True
0.44374233501920751,13,1.5779489646376219,True
0.4744344469464743,18,1.2921369127697722,False
0.40004536856245138,14,1.2238258763908394,False
0.47087916936629376,18,1.4248461150752325,False
0.44297668426541842,12,1.5264698032445412,True
0.47389417631945679,16,1.3293340305511698,False
0.48773185497039667,7,1.6979627171479965,True
0.50055999868222723,15,1.3354014636702527,True
0.47665188540259767,12,1.602563913867445,True
0.4805649468090476,16,1.4537449961418913,True
0.47354782796120348,16,1.4461080283819721,False
0.45941581256451175,12,1.5842265538248945,True
0.46884721178146566,12,1.5842165097141354,True
0.48657573475609661,14,1.4799291906971122,True
0.48596838314004631,15,1.551298569762356,True
0.53404338695385778,17,1.4586521747425298,True
0.47755021042863477,20,1.4230127428705688,False
0.47556748117098219,16,1.5370681350155824,True
0.46987146488300324,13,1.4323593307001339,True
0.48941394972587748,12,1.6116915452780729,True
0.45845312681356404,15,1.4533641329547107,True
0.47116811295858591,14,1.5865457975896669,True
0.475133069694824,16,1.1977187725451632,False
0.47510614348260644,17,1.4643426385080693,False
0.4686647646267767,12,1.6558035095603849,True
0.48561025295822891,17,1.5312511024180868,True
0.47015473131219437,13,1.5938726917110877,True
0.4983165135014736,16,1.5311427732605851,True
0.50455621082743252,14,1.5862948733695186,True
0.51518013053172873,18,1.4719503567404115,True
0.43952358342919112,11,1.5543917177656055,True
0.55720403468187552,20,1.3300242653641177,True
0.56182655277435467,26,1.5379388746566875,True
0.53444145899135143,18,1.5414933053446873,False
0.52975360661431792,18,1.6604006422523023,True
0.48822753174650224,12,1.5253852638224623,True
0.45829949335799691,14,1.4569559052772525,True
0.51064873815474188,11,1.6569288189630491,True
0.49512658902431372,17,1.5007782051735161,True
0.44802679187671951,14,1.3908800573898277,True
0.47160571900178605,15,1.5676846587375963,True
0.51673221726960927,16,1.6210657648114715,True
0.47394665782613082,13,1.6087111759160906,True
0.50614728481065685,17,1.5562990566285964,True
0.46373057217329455,16,1.2840106818463619,False
0.48982738537284026,17,1.4361250780179322,True
0.42454620185306158,15,1.0601741757731904,False
0.52549473645564437,13,1.5455388474327054,True
0.4644635320626968,13,1.5518308796026594,True
0.51658347183101194,17,1.4362036289206594,True
0.52826383833476398,14,1.6643715863555097,True
0.46075679240744483,14,1.3946024752868371,True
0.45455172280678918,16,1.2145068488294251,False
0.52997203001840321,14,1.5594319253294802,True
0.49168930645442305,15,1.6026284624302014,True
0.43545422809110396,10,1.4674688179784134,False
0.46525894842821941,16,1.5173681142989826,True
0.45379114324276099,15,1.359636526582872,False
0.47579655949727284,15,1.5988568966504342,True
0.52477756420374555,20,1.3296837893617997,False
0.51284672775134799,15,1.4964627991169832,True
0.47246921122679453,16,1.5049940092024965,True
0.50107992755989783,18,1.5082238462311481,False
0.44318237658925702,14,1.4023918190683109,True
0.44726746643701992,14,1.406248094829853,False
0.43174604088248286,13,1.2899688484338114,False
0.49165540959062903,13,1.4936275338828056,True
0.53271225460885585,14,1.6753274632272988,True
0.46965395465020177,16,1.3903151953227275,True
0.45386471402923567,13,1.4536763202934644,False
0.42594401591211728,13,1.3387424701690065,False
0.46180212266588738,15,1.3583297421743528,False
0.50973862700844286,14,1.6579169535672189,True
0.40913302037901705,12,1.4060766676267187,True
0.47407656827563227,15,1.4678434139162859,True
0.46515418781236645,13,1.6306371549511227,True
0.49206362336691456,12,1.6560901402259816,True
0.44921310587356017,15,1.3799237609155535,True
0.52696516840936103,16,1.4474200581905414,True
0.48272490537117813,16,1.5719347365044802,True
0.49426222489459437,11,1.6125055759678746,True
0.4813932665789239,14,1.6209870213511088,True
0.4985262224786231,11,1.6699736843369357,True
0.45841425466160962,12,1.6051621524272,True
0.4980204039353387,13,1.6527243888608929,True
0.44998180379284752,12,1.4462312806577557,True
0.42578506917581038,12,1.4242217680055373,True
0.45284901566389946,13,1.571058955390837,True
0.50602441694777844,10,1.6576487812431759,True
0.47821788454635367,13,1.6604528529782028,True
0.47942009130243179,16,1.461534888885007,True
0.44876938891503004,14,1.3726664786553719,False
0.47778812541001742,14,1.5901141429609327,True
0.49428582469052512,13,1.5223409822125336,True
0.48043765600914307,17,1.470728060731826,True
0.47251455958263533,13,1.4094639493809842,True
0.49903697712581846,15,1.6110669311124504,True
0.5103004067113206,14,1.6238032137851577,True
0.48405994913816858,12,1.603262899304416,True
0.4612412867101488,7,1.6568200352084839,True
0.49434615306813401,15,1.6084024665335142,True
0.47421248308282721,11,1.6685403991083696,True
0.43015962387141621,13,1.4098996288567134,True
0.47558168887982583,14,1.5711338072111292,False
0.43298637990485261,12,1.5626800236651976,True
0.4737938999062164,11,1.6339655401173656,True
0.50497776434940733,14,1.6685678851987127,True
0.53063839438074045,16,1.551274636992235,True
0.54435198426891296,17,1.4767156134271862,True
0.39720758079237917,13,1.2843907688581999,True
0.52578504395908465,20,1.6010468640218865,True
0.52976893663600078,16,1.5099172251064934,True
0.44412368155267867,7,1.565043198623324,True
0.45152943500849679,12,1.6029593048723945,True
0.46372769065288505,12,1.5558333239314541,True
0.49997195910075903,15,1.6490186066467751,True
0.4437358713802203,10,1.5907262381251324,True
0.48563019211366187,13,1.4651061745085505,False
0.45617348839275196,12,1.5788742239806031,True
0.50646459096484542,14,1.6847219596561891,True
0.50373275402288198,11,1.6787766951195358,True
0.47255678459953937,15,1.4985544011949836,True
0.48951743533997893,15,1.5988475092458616,True
0.44108312572969227,13,1.4653757522291551,True
0.4318097354687282,14,1.3732535361485665,True
0.4768927523659976,13,1.6378608714166207,True
0.48756850170190302,15,1.5403285047450046,True
0.47734880523809053,10,1.6649716140517947,True
0.46481019079451791,17,1.3863597821825064,True
0.51595295117936879,17,1.6557216344036239,True
0.47661548649115171,15,1.652280707323281,True
0.48430317444690085,12,1.6215388683720935,True
0.47466568186789304,16,1.3767472156774603,False
0.45494584972234214,11,1.6191033831326178,True
0.50870690052492384,19,1.5297389168927535,True
0.5228420353868084,15,1.5908787198127328,True
0.5466327380671322,14,1.3051005068590038,True
0.45716357152308934,11,1.6342128501651632,True
0.45900290899480628,13,1.5671487519893548,True
0.50354694404412326,17,1.3376685626400902,True
0.51699519442679887,18,1.1808101818611436,False
0.50504494399534916,15,1.5892372890749054,True
0.48986943819278472,13,1.6664396724911263,True
0.5196629098137352,13,1.6469255634791511,True
0.45913563821040687,19,1.3885034472580406,False
0.44557071056723907,14,1.5601410619270963,True
0.48388940749199139,19,1.1814596212342359,False
0.49843369599054521,18,1.4171685938210385,True
0.50677724842388416,16,1.6319227882422338,True
0.47774297825747336,11,1.5801169671670741,True
0.49874523046425734,10,1.5846364558150621,True
0.54922076515332141,14,1.589867323914878,True
0.47959206591171882,16,1.4357920657026457,False
0.46183537532765701,18,1.4458442783860894,True
0.49506732068502735,18,1.5694628915483722,True
0.51407825253499895,14,1.6929153719411394,True
0.47762815709851003,10,1.5948124979796467,True
0.47388211375600675,14,1.6181501086938339,True
0.47021581801446316,14,1.4734429235799302,True
0.47044474893164678,10,1.6439090467995723,True
0.47911759661910003,15,1.5498430548171009,True
0.45487939642494335,15,1.4391681569937942,False
0.45403397335758106,17,1.3132678225424321,False
0.49294377853395749,12,1.6780476714341124,True
0.44740053730548951,11,1.3600167939294896,True
0.48218409081273778,12,1.6777699782306759,True
0.48989429691037489,13,1.6269070765091531,True
0.49938214494264155,16,1.6307302904675671,True
0.54531990220366977,18,1.5485747241348047,False
0.53337606632130963,12,1.5561150448137175,True
0.47724262462949879,13,1.5915603159123275,True
0.51238675120390209,12,1.7032226732227189,True
0.48778347879222289,11,1.4882646986469206,True
0.48410551422313808,12,1.6708645481336812,True
0.45361947895570442,13,1.4951940117196807,True
0.44052156668145026,12,1.4480266671301867,False
0.46680470432135424,11,1.6503902201460181,True
0.52258209131702604,19,1.636785919123491,True
0.519262398237189,15,1.6480532334641667,True
0.49434013499650881,12,1.6819944535281559,True
0.45915716112092142,18,1.2883882119239594,False
0.47630964022314454,11,1.659142453439147,True
0.49479559443051307,17,1.4521817587333887,True
0.51868748464898373,15,1.4166426122661602,True
0.53080434811687904,14,1.4622036953715294,True
0.47254642153986015,16,1.4937437177275585,True
0.48322426183336731,16,1.4844874123601366,True
0.51722825168122499,17,1.5871813277538236,True
0.47568703250147332,15,1.5038841033140053,True
0.46639579774173606,14,1.5796628686315517,True
0.48506434162015533,14,1.6585609453132968,True
0.45378207858371983,15,1.5041585094809458,True
0.4964697186060168,18,1.5025903866755013,True
0.45792380202711663,16,1.3906467266703195,False
0.47363538865256921,17,1.4596951712903257,True
0.54284922701191052,15,1.6885753978639975,True
0.51381821773773251,18,1.4983884301552159,True
0.44113593546358543,17,1.4221515899965071,True
0.50396603006171925,14,1.5650124869436515,True
0.49171393471155433,13,1.6967326450200333,True
0.54770814498851494,20,1.5202003233835093,True
0.52168117771303457,21,1.2667124884135821,False
0.51510280289216226,13,1.6838010815741979,True
0.48758676985442201,17,1.6133300245156579,True
0.47016242886831366,9,1.6574705564482779,True
0.4884579382341982,13,1.6738539978136133,True
0.48671777921534626,16,1.5945197785122143,True
0.47994168645389967,11,1.6509715909436364,True
0.45225191221907579,13,1.5405958687373766,True
0.47579212429469581,15,1.5357449042006759,True
0.45270617131971214,12,1.5575446691974906,True
0.55370566309706981,15,1.0697473087834024,False
0.53417244528804386,15,1.4251670833912451,True
0.44859156275956397,13,1.2854282820407923,False
0.43486259966006968,7,1.5753796273410405,True
0.53228386161109831,15,1.6462671665876845,True
0.47866988588310994,13,1.6088759346977211,True
0.53426146883351855,19,1.6312147318291692,True
0.49018128173904413,18,1.4847391095861253,True
0.45263683642219948,13,1.3555135452860256,False
0.46894273379703494,19,1.4559150229208546,True
0.50684268314042202,13,1.5910629077007021,True
0.50971560778085134,12,1.6680583626619487,True
0.52017571254155437,18,1.5275732530513892,True
0.45613310618624225,13,1.5307514996687281,True
0.48989373249178164,14,1.4565271394309138,True
0.52085178612883554,11,1.5588475457618072,True
0.50247727257394592,13,1.6382224124449238,True
0.45743499632667589,9,1.6029038871040067,True
0.48443286681100617,16,1.5775598382112703,True
0.43336728448884537,13,1.4152014267452484,True
0.43742366089076357,13,1.4765738946178417,True
0.40984121548691982,11,1.3338032062956497,False
0.50081515209672667,13,1.5546438587831195,True
0.45116953666540061,10,1.5985642593308369,True
0.46461674176445839,10,1.6589928579153255,True
0.53103750271683481,11,1.58363451046921,True
0.51832707312584392,19,1.4723517311512302,True
0.52604171551021039,15,1.5815327722491535,True
0.47934180383823793,17,1.4957705389072964,False
0.46637119636237528,14,1.5366370966905512,True
0.47236745259993468,8,1.6183414410948036,True
0.4905298580342769,15,1.6693122426023175,True
0.50742097737421266,14,1.6772337124618402,True
0.47027893513060226,11,1.2948155678191451,True
0.53523155384260035,17,1.3616004277262992,True
0.47092112730772973,15,1.5540969336259316,True
0.44517914861815017,12,1.5252858526802016,True
0.48261132839564996,14,1.4970962164206261,True
0.44260568362054581,13,1.4949652800479742,True
0.48108847158948337,16,1.2197947431709653,False
0.49529409704132438,15,1.2826856729430676,False
0.48593789108979174,11,1.6869050778274233,True
0.49497491839964947,15,1.438878640068568,False
0.53400604063183432,20,1.3536789574331058,False
0.48997428989379888,12,1.499078892867777,True
0.47226237961362427,9,1.6708388850796054,True
0.45497333876743101,12,1.5822905425718865,True
0.49890307711790888,13,1.6346062671356738,True
0.46959666631263125,15,1.2722839377930988,False
0.4862623446265476,13,1.4108853111096116,True
0.47603013613209338,13,1.6499514730826588,True
0.48051584609351095,14,1.552698738358282,True
0.46764575807413711,11,1.421372981499629,True
0.50085019075955806,14,1.3704776378475567,False
0.46710762677826567,11,1.658412980640984,True
0.51199952675293336,14,1.5788254948218174,True
0.54508430356076065,16,1.6181399367467062,True
0.48344176798076055,14,1.570673214539682,True
0.49007440731202939,15,1.6450397362896607,True
0.4792650062517157,13,1.5331466938121932,True
0.47639171859811141,12,1.6330022165024407,True
0.50053161719885075,14,1.3539383842396706,False
0.50207508850618454,14,1.5913872277978824,True
0.47237798014134152,12,1.6411473263922085,True
0.54799928248834007,17,1.6899434741839821,True
0.53160851919792174,13,1.6176470237111702,True
0.4830514380165058,16,1.5518124605425372,True
0.46358918603483174,12,1.6024022274954364,True
0.48755979967606816,16,1.426573900561229,False
0.45941413538623388,12,1.4280307250575328,False
0.43953230522173597,12,1.4305061272921282,True
0.47547464026335867,14,1.5765633309286597,True
0.52602819462704598,10,1.5833734895598155,True
0.48927088199778962,14,1.6109042424412183,True
0.49265004449878919,14,1.5833753215605901,True
0.49489115283692253,13,1.4901979860136647,True
0.48986310360047097,15,1.5467430265443005,True
0.51243666836062018,14,1.2636604744628912,False
0.42361751574853967,15,1.3333459018672409,True
0.53235974504661177,18,1.6188839248077114,True
0.54505862205658839,22,1.237910200072911,True
0.4651693408210954,11,1.5708060014383172,True
0.57466115512052895,17,1.5143953367664371,True
0.45701215973086795,12,1.5137097167904041,True
0.51066988475948683,16,1.4403583720097202,True
0.51793953934816483,18,1.6466686794769418,True
0.52493443733858436,16,1.6151960866323198,True
0.44150963603945181,14,1.3876498514330697,False
0.47847618944786813,7,1.6545465856451864,True
0.50633732591712599,17,1.6582277714772333,True
0.50996429944770494,13,1.6975563441090209,True
0.44550664358933206,11,1.5127087596803683,True
0.43765011674405263,11,1.5875407607193437,True
0.43822732200758718,14,1.3696453810822267,False
0.45563254000051095,13,1.520386553222997,True
0.49648495593542874,12,1.6374197768053538,True
0.50676375609461888,9,1.6631199190217305,True
0.51520315224252033,11,1.6828562455312088,True
0.50409947465725724,12,1.694330229422115,True
0.50891789623950723,15,1.4825504631751845,True
0.51412766870204285,10,1.5921942895721095,True
0.46264082463900719,17,1.4704429217182082,True
0.48650457337491676,13,1.5483040701679509,True
0.48165750554046072,14,1.6015953083555161,True
0.45723525898727152,14,1.5834057757186253,True
0.48723724181241673,14,1.5727304902166865,True
0.50134465756675384,12,1.6701283848152491,True
0.48771833898965933,20,1.2760101484867072,False
0.52083183085447271,12,1.6613100202562272,True
0.47256922292208153,15,1.5548341754198962,True
0.49056833070044725,14,1.4589824402301728,True
0.46079435105657668,10,1.5875222586226161,True
0.4847799356180249,17,1.5783821924618311,True
0.41969127612389934,15,1.3849483220457532,True
0.50865138647725372,13,1.5704790593978022,True
0.49259793136640423,17,1.5734013709051893,True
0.52373111951561213,14,1.6807549751249238,True
0.47913704125619105,13,1.5889381193256782,True
0.54691704807770347,20,1.599952133557609,True
0.4471604250000687,14,1.5376437770470519,True
0.47786406506997348,12,1.4535112588104353,True
0.49319634976832855,12,1.6341363147704009,True
0.49375388563283634,17,1.5638624663720839,True
0.50729431360994692,13,1.6122744555670085,True
0.48512090010542436,13,1.6648774926692136,True
0.48867581950877342,16,1.5906467563500901,True
0.51185353632379393,12,1.6722551424521674,True
0.46109509107988678,20,1.429589798052735,True
0.44967610928809787,12,1.5227632414846903,True
0.52734603128922219,16,1.600436594784167,True
0.45558897288111,11,1.5060724102180292,True
0.45543051345180524,13,1.3941123423758908,True
0.43119908846460581,12,1.6003764760482988,True
0.49793244069697379,18,1.5482201745621633,True
0.51884086236040972,15,1.5241953647081172,True
0.44644859686351979,16,1.3262286745572363,False
0.44679414636628351,11,1.5728492510030303,True
0.51787555945536179,18,1.5149991568924621,True
0.49471145876375722,15,1.5798712395364123,True
0.52562586716936865,18,1.1250473309743756,False
0.5115323142886028,14,1.5755485925001917,True
0.52129792959710541,19,1.4827702862064005,True
0.46956030595500126,13,1.6476236528547861,True
0.48291022631701203,13,1.6631254554638775,True
0.48623141126247482,14,1.5665961877310604,True
0.44642580591940317,9,1.6597894283429264,True
0.47542513506220851,7,1.6438223319236867,True
0.47088193861036653,12,1.6268548673095782,True
0.45423409804750814,12,1.5958528368471374,True
0.45939917011391218,12,1.4699793326227988,True
0.44163349950326314,10,1.5466751315794574,True
0.49138219606763134,11,1.6405564104404045,True
0.49817764362243089,17,1.4416959249802697,True
0.49946145224538846,12,1.6891784294865055,True
0.49900661706472837,16,1.5198028893991955,True
0.49335102762243671,15,1.353989057787701,False
0.45113365350178741,12,1.6174033394827505,True
0.49217834694663837,14,1.611193476038346,True
0.46316554357038359,12,1.4144012681230167,True
0.48876515226788619,19,1.4014300655679854,True
0.51643980307993242,16,1.5848532264893131,True
0.52992571865740246,15,1.6925270159961974,True
0.46819549942162397,14,1.4843350765972265,True
0.47687386739413867,13,1.5595041264898699,True
0.48940870950672893,15,1.6345666271744932,True
0.44025015578769489,11,1.5582448871880357,True
0.47577998998959053,11,1.6773751581107341,True
0.51727875626851072,14,1.6738138675111347,True
0.45693748025631487,16,1.3923382333086491,False
0.5325645657727005,18,1.665400896297033,True
0.50838955518382867,14,1.5744970001779495,True
0.50869043979590145,15,1.3574487462115046,True
0.46539497667295288,11,1.6339522203444559,True
0.51255469688282362,17,1.3630857246866472,True
0.44862916444014339,14,1.4691477720390045,True
0.47517085388109259,19,1.3128109434275888,True
0.46399727177191979,12,1.5939455607784265,True
0.48765454788654888,14,1.6207052396068558,True
0.54736805057763371,15,1.5898829807918535,True
0.5306181972844165,14,1.6779814230629349,True
0.46682405807966965,14,1.4697956940858556,False
0.4705778222343408,13,1.4916888156258792,True
0.42911838010106684,11,1.5272241269106439,True
0.46785286830513395,12,1.5276247782766439,True
0.4680232182736101,15,1.5364690026311434,True
0.41078905293472306,10,1.441987387267923,True
