0.50271109134632375,11,1.4267309919447466,False
0.62482781103452711,11,1.6495039378821825,True
0.49943613674021081,10,1.2928942377350245,False
0.57310158579655823,10,1.5350804738841413,False
0.56579218783520879,11,1.5432157937415916,True
0.59790391386920316,11,1.4573995711639651,True
0.60299786544219669,11,1.6626339448469518,True
0.50747073416000221,10,1.5090822736956495,True
0.56643629660816497,10,1.4610980355550558,True
0.59014577330899753,10,1.3254204218271226,False
0.6135642373163267,10,1.4189771832302838,True
0.65980866746112454,11,1.5900120974146195,True
0.52400530196262984,11,1.4797469638458176,False
0.54812874305369641,10,1.5563723998105616,True
0.68465388018492324,11,1.523053750436105,True
0.94750854204652546,13,1.6901862500036113,True
0.58705013094200698,10,1.5029317024524447,True
0.51435111385554433,10,1.0631075428073726,False
0.6575639608358067,11,1.6233369855095194,True
0.5611489637101742,10,1.5515341426441895,True
0.57412880665341204,10,1.5851453635134873,True
0.65153120174836443,11,1.5554859126043883,True
0.62154603541909081,11,1.5560549278176719,True
0.54417102049652444,10,1.5245748262836198,True
0.53322137678682135,10,1.5485777094400284,True
0.62800445592834808,11,1.5488583892606171,True
0.54418261509849308,10,1.0696255952742979,False
0.6831544011422529,12,1.6192440868154576,True
0.56789988665760816,11,1.6522851198048001,True
0.54857433186859905,10,1.5050324341607533,True
0.64167677439469506,11,1.5611670042303425,True
0.52814029428415954,10,1.3582902112975475,False
0.51531314218657542,10,1.5487883012392274,True
0.7268924512974827,11,1.6679865652992185,True
0.57743741029857532,10,1.4752514545375839,False
0.55844629076045316,10,1.4732182009881516,False
0.49716921010880372,10,1.4069741498378006,False
0.74907282798212627,12,1.5459681153921223,True
0.54189275582506702,10,1.483531460289117,False
0.65982791134171581,11,1.6575578999377645,True
0.49080851061827796,10,1.3548478604679661,False
0.55961969537956602,10,1.3131296004263171,False
0.58899522031757989,10,1.435291957284156,True
0.59824006862929346,11,1.6111335245670564,True
0.61277202278364451,11,1.577789409331994,True
0.67361559377656821,12,1.6343189072145814,True
0.54824484367642079,11,1.65655875975746,True
0.56849671193365259,10,1.5492366942503304,True
0.63148548121179138,11,1.6728418480704834,True
0.63425161629542071,11,1.5900054662562657,True
0.55073691676107128,10,1.1032266750295476,False
0.634009997536366,11,1.5083669028113686,True
0.72594267306272142,12,1.6179829855967587,True
0.71125793000134163,11,1.6601312715042087,True
0.58728258543266332,10,1.4438478219824351,True
0.51946620602756788,10,1.6024050259236153,True
0.6720065613019337,11,1.5406874034292606,True
0.58632317073682505,11,1.4133240481149505,True
0.5175689595058397,10,1.3017433898966906,True
0.58003221523141524,11,1.3801717977609966,True
0.53234353754033736,10,1.2712710155566775,False
0.68447527128581764,11,1.6098303679508992,True
0.55626529850977824,11,1.2907921985727289,True
0.76204952610919652,12,1.6570199214892267,True
0.59520415440057373,11,1.5904878861540988,True
0.59446914029250475,11,1.5249479735725682,True
0.60127345339194305,11,1.4427877661965183,True
0.69282598325955269,11,1.5400099888179717,True
0.56374520356048552,11,1.4406778726305356,False
0.54153942930269772,10,1.5489452709295066,True
0.63911603411526607,11,1.595619468576954,True
0.53446319633324813,11,1.4761676891104638,True
0.62094014289843613,11,1.5196812901404277,True
0.67879060354042775,11,1.600550517950478,True
0.75970093176206721,12,1.6651835385754099,True
0.69577653372935744,11,1.5516403297052708,True
0.75027635579134366,12,1.5573498541967359,True
0.55030257840139163,10,1.4899667483117112,True
0.53208516326556887,10,1.570756759144359,True
0.56309968629188589,10,1.583615406059208,True
0.83949481792403802,13,1.5391809176378761,True
0.62486125433479833,11,1.5265982035250036,True
0.77353530463080167,12,1.7019502046251249,True
0.67647049622750444,11,1.6177032568632996,True
0.70404448939315145,11,1.6623554446268609,True
0.60954152202960588,11,1.6241425829809026,True
0.71894768117417651,11,1.6153893183648398,True
0.56913926133609793,11,1.5077954196817802,True
0.65702833816467865,11,1.6076098873500579,True
0.55585455924538041,10,1.4958704490133394,False
0.59144527052780749,13,1.4801407989942847,True
0.52452979813355127,10,1.2560033856009634,False
0.57214803757606303,11,1.6367062137082395,True
0.64294703973768919,11,1.3832691180701906,False
0.56955611245189819,11,1.6111543745090484,True
0.58866035970760822,10,1.6220076137791914,True
0.55065831396278198,11,1.6474637841723017,True
0.57691448837552506,10,1.5993913192073204,True
0.619281766591395,11,1.4938567436799479,True
0.54767061276141882,11,1.3334426470733638,False
0.57355375620908988,11,1.5336754271262707,True
0.48049857559669529,10,1.4013574651471674,False
0.60684558640887498,11,1.5988573669811239,True
0.73817981228043472,11,1.5943338058432981,True
0.53470067559476064,11,1.4528207560392676,True
0.61108016380572727,11,1.645213163128725,True
0.89760238707389484,13,1.66622280285123,True
0.58415354743940817,10,1.6633683960955792,True
0.59490926883864892,11,1.4530190153961007,True
0.63412755052252723,11,1.6235240628475061,True
0.70452262334718729,12,1.6673158496573128,True
0.62145826815839722,11,1.6713966911894411,True
0.66690134400271284,11,1.4686668808370955,True
0.6377741070177394,12,1.6701982001667413,True
0.64403676282928868,11,1.4948383101134997,True
0.63753728649889552,12,1.6534669306795686,True
0.54806569564921637,10,1.536114058020335,True
0.58436158694894924,11,1.6050528921151097,True
0.55848284924994318,10,1.5341098658283909,False
0.66177777595571741,11,1.4895724947008593,True
0.581260128713874,11,1.3965905058563448,True
0.9591528554369666,5,1.566735395624395,True
0.56226434719702134,10,1.2766698800402114,False
0.62836916359964035,11,1.4912423941895121,True
0.71172112778852425,11,1.5305878979273968,True
0.63434514493859939,11,1.5638616283466686,True
0.69352257039315457,11,1.5749547770461461,True
0.69744607525911584,11,1.6244920064838846,True
0.62267191546957879,12,1.5153889762416715,True
0.54670768496740152,11,1.4464186996964177,False
0.85531317376685556,13,1.3166287869921842,True
0.54423778504761799,10,1.4501637733069117,False
0.51730745555385971,10,1.4531950341575788,True
0.61634674347686158,11,1.5470976655607274,True
0.61374996962551154,11,1.3819186672332542,False
0.58269428763690145,11,1.4767344678357719,True
0.74297284562885924,12,1.6529555322547171,True
0.54263347593075362,10,1.5021445877877022,False
0.65314747375913274,11,1.5763250521765431,True
0.5373056575360885,10,1.3082757500621962,True
0.53620070723936375,11,1.148929567999273,False
0.71521904072517462,11,1.6821299918110668,True
0.53953762122548632,10,1.3793653529731249,False
0.95100692351446103,7,1.6031739559339833,True
0.56662342876160321,10,1.5669247931776555,True
0.53187881722503416,11,1.5861078185169832,True
0.58856112000942828,11,1.5461638964276656,True
0.6155135846728913,11,1.5819630306415879,True
0.53069049158026793,11,1.5346507695750338,True
0.55084771336328853,10,1.5722650102206464,True
0.66141363250834595,11,1.466737975682461,True
0.58174021264554832,11,1.5412809740866018,True
0.70142914474779328,11,1.6034231963753001,True
0.60104080159860096,11,1.5819079675025638,True
0.56331351027090149,10,1.3869451252452394,False
0.76370884605511291,12,1.5902781561095594,True
0.502743627259152,10,1.3911637474773946,True
0.50862514874643072,10,1.5488519969426915,True
0.60269704235824906,11,1.6533237472028384,True
0.70908567956940227,12,1.6318468840825011,True
0.62622350236389679,11,1.6882028087068988,True
0.56052553674364369,10,1.1349248905661371,False
0.79117281913660142,12,1.6835276467005109,True
0.72630862765785453,11,1.6566764442280619,True
0.60381970223313752,11,1.2705930398566612,False
0.5459139553600505,10,1.4438695261330168,False
0.56300009399129258,11,1.5771830664115207,True
0.71126032029852004,12,1.7001386422145459,True
0.61692925490583073,11,1.5828367067681524,True
0.61756557759229336,10,1.6282593479153382,True
0.71753266843125374,12,1.6520950271887642,True
0.55517954971969352,11,1.3424374102387713,True
0.5807646827099654,11,1.2075491723590734,False
0.81225378579828433,12,1.5269209735810707,True
0.4624864468879068,11,1.3866845446627563,False
0.87419407105216917,13,1.5966322767812897,True
0.6826358443020869,12,1.642211473536626,True
0.60122115205679294,11,1.6960763620388428,True
0.62008001955561809,11,1.6701854234247346,True
0.56170016474064011,11,1.4490240617789565,True
0.63151489661563409,11,1.5562753361413009,True
0.54177934675734019,11,1.2852978137310489,False
0.71605446300852649,11,1.3409087224450242,True
0.77645586778525078,12,1.6232519379897992,True
0.52714910171066198,10,1.527176241696889,True
0.60946699487653822,11,1.6732020147678541,True
0.55643757329535659,10,1.5591055346590463,True
0.54362948144906842,10,1.583427849106152,True
0.5742283833673214,10,1.3740305285191512,False
0.57477901803793663,11,1.4244402252768142,True
0.64644503291929312,11,1.5964685125031177,True
0.64368165391424248,11,1.6171600441761051,True
0.6527087466588769,11,1.5639725546015459,True
0.58091850177920745,10,1.6642544480519443,True
0.69401374139647731,12,1.5093893540210641,True
0.50557169994579498,11,1.3507416059876776,False
0.4633630009275122,10,1.4474656601042972,False
0.56220988275404349,11,1.6154096041859656,True
0.5746971825297057,10,1.5368170209608429,True
0.58262665891133369,11,1.5046890858388051,True
