0.73898221760916849,13,1.5390016894721807,True
0.96740757261831234,7,1.70183148878016,True
0.58196544409384099,11,1.3993398932124694,False
0.54050089088332665,11,0.89355188912832528,False
0.68293847563028076,12,1.6079837152424936,True
0.74058483186435087,14,1.6119109629879862,True
0.59854668968256886,12,1.5161168475211122,True
0.57204873332337369,12,1.4559457861437377,True
0.49890807034923174,12,1.2762453273573562,False
0.49878120206564747,11,1.516190487031551,False
0.57210238651817524,11,1.6167716793008289,True
0.49783022812508276,13,1.4106593552167261,False
0.54305022438982875,12,1.3596148517321978,True
0.55019435778127412,12,1.3062807392787781,False
0.63279499177335663,12,1.6362560641282484,True
0.67753343060683613,12,1.6296770326855488,True
0.67941003326719929,12,1.6426713218619742,True
0.514059937280962,11,1.4131955025915681,False
0.7243349644666629,13,1.4668336802635646,True
0.63832595734829212,12,1.3062600616816078,True
0.75620895766373952,13,1.5816330736751893,True
0.71909310131937176,13,1.5821724136365389,True
0.57397046789919381,11,1.5900085353207523,False
0.7341566749823718,13,1.6623349445211475,True
0.75391527093167443,13,1.630340883192249,True
0.76732849635610445,13,1.5925996423550342,True
0.64015453603013339,12,1.5791506486168674,True
0.5602523371764957,11,1.4367012223485707,False
0.53494537394686692,11,1.2056304894757048,False
0.64257521060850009,12,1.559202636077154,True
0.65255066190000055,12,1.5665042040828301,True
0.57178780414275976,12,1.5132505485624332,True
0.64722683126046932,12,1.6238663631592059,True
0.77328475955275322,13,1.5935278072524912,True
0.6526144284256693,12,1.5164504976919093,True
0.78441316434021169,13,1.6513853544715471,True
0.50009639503139747,11,1.3515241420554831,False
0.8666994409054668,14,1.6587493850792598,True
0.59007774556842796,11,1.6321934590454681,True
0.64050536708137995,12,1.6111148931408472,True
0.55114143910281599,11,1.5835867279811342,True
0.51799512824873728,11,1.502490242312017,True
0.51329737930832298,11,1.5090814170248732,True
0.53145348921235624,11,1.4433164926871112,True
0.86627671193252032,15,1.5879609569832882,True
0.5513101478946707,11,1.4083584781471556,True
0.5809659170817868,12,1.5377131385339391,True
0.59387820653655865,12,1.5189355288821484,True
0.54775136816694137,12,1.4481594988943571,False
0.60565673835745149,12,1.4824282238815027,True
0.56659328343545934,12,1.3063165909754213,False
0.60391736011260477,12,1.5064188551761144,True
0.54966623035967366,12,1.351306152415142,True
0.53808916412783037,11,1.5420345278363163,True
0.60704945891200446,11,1.5858261276491694,True
0.56392830470249511,11,1.3197253271749438,False
0.46933594581115473,12,1.287630051982587,False
0.63674345099145169,12,1.5874722788576694,True
0.64007992116040668,12,1.6222527961126203,True
0.52966490131303923,11,1.5305744190274013,True
0.6015958965776248,11,1.5083486066791889,True
0.54790770273130973,11,1.261975918594594,False
0.66518266439626073,12,1.5767280461995676,True
0.51629328144738762,12,1.4619027619421918,False
0.58493721151459432,11,1.5629462416306719,True
0.88332266434951123,15,1.663702732818638,True
0.59617976955448104,12,1.6179846930330586,True
0.60361826525750317,12,1.4816530728033437,True
0.63059106073041638,12,1.6506967199915237,True
0.74282188240925573,13,1.6216355618827436,True
0.75555475968611208,13,1.5990547588916566,True
0.50211818446876144,11,1.3449250779231259,False
0.44476965716040706,11,1.2167402611871534,False
0.72621555917175185,13,1.5897068884238297,True
0.75949647121239039,13,1.5712979502028774,True
0.58269475996802156,11,1.4965760498596943,False
0.86198348910894862,14,1.6291024225210202,True
0.575518646627037,11,1.6239794970951775,True
0.79942710368173964,13,1.5770840811654132,True
0.57866405058429604,11,1.3669907591587143,True
0.66462676748997707,13,1.6126958097721378,True
0.56666671428291371,11,1.5402475099881883,True
0.59991190922612914,12,1.447448462488087,True
0.59154320605266864,12,1.3744615135398313,False
0.85496223540905791,13,1.5995299287194968,True
0.59308328710847324,12,1.6756300240898514,True
0.7907207260427509,13,1.6901461248886849,True
0.9096054672964502,15,1.6709435689140502,True
0.67133398373978559,12,1.7056346962812565,True
0.60043737655317753,12,1.6184874615009739,True
0.57757471568016594,11,1.4835406294901263,True
0.89794107724048078,15,1.6165072573097095,True
0.56660554684324738,11,1.505436310248315,False
0.60582482305394469,12,1.4753572216399573,False
0.57562490907696229,11,1.5908828459391644,True
0.55760851879411255,11,1.5442079571251435,False
0.56634344627977218,11,1.2031870043898483,False
0.59242824258835658,12,1.5612701016232056,True
0.65251382210596609,12,1.5824792164150994,True
0.83607902729144012,14,1.5917688570370478,True
0.52838087577511439,12,1.4159762255840076,False
0.63669091664567135,12,1.6968006144502152,True
0.57815517996309063,12,1.4695211423572845,True
0.74848759494464701,13,1.498999269280477,True
0.59528816472835078,11,1.6204281093557651,True
0.56920588169624375,11,1.4067624654659707,False
0.66840478774541523,12,1.608523315518309,True
0.58541932979316336,13,1.6690000526393109,True
0.90235320622276671,15,1.6356283658194157,True
0.58338216905249352,11,1.4733152189442702,False
0.70769516356107787,13,1.6185654893896704,True
0.5633160701298604,12,1.3244790602188972,False
0.64462556901417001,12,1.5704439237774412,True
0.60348790734895941,12,1.4558997554694098,True
0.58597627193292934,12,1.4727140432386723,True
0.5428465526955174,11,1.3706325494271352,False
0.63536998173951431,13,1.5000933192010981,True
0.64575128197112508,12,1.664552248458639,True
0.62203701573137904,12,1.5367358844994528,True
0.642404599845667,12,1.6231042223221515,True
0.70643389955143332,13,1.4757461851904363,True
0.51495758327372321,12,1.2393137923081703,False
0.65948986113136754,12,1.5071227201761437,True
0.61215989758498879,12,1.6467328656030387,True
0.65980929257160292,13,1.4662035933216417,True
0.62559095433943479,12,1.5877102002363772,True
0.7053162870998283,14,1.559145216217148,True
0.86323962716329528,15,1.5695562121758746,True
0.63837004179750045,12,1.4944600349500055,True
0.66905518751529991,12,1.6627128320133127,True
0.56670358988284575,11,1.517764828997183,True
0.57457870553467794,12,1.1469135766498897,False
0.50127748980989473,11,1.2823286221608532,False
0.58314625257121111,12,1.5316943592736711,True
0.62181466699145294,12,1.5760598949784888,True
0.58783104661207852,11,1.5975571829629542,True
0.55260532362837822,11,1.4580392206516857,False
0.76064121347941982,13,1.6763445112397806,True
0.68939499441126129,13,1.6318381396149297,True
0.5726069457335744,11,1.5255467725776735,True
0.48907894400523416,12,1.1139978710349174,False
0.83656777672981342,16,1.5106269885499146,True
0.62010592170324574,12,1.3284431346189574,True
0.70945399183694013,13,1.689866192010304,True
0.68467225573958368,13,1.5878859362127047,True
0.5949538180245344,12,1.3909094971946812,False
0.56520574382967903,11,1.5954139034110397,True
0.62681696530111242,12,1.6952649453450486,True
0.70488921805192661,12,1.6238093438767116,True
0.63093643273432987,12,1.4998691755500615,True
0.52317985797393418,11,1.45626542422578,False
0.53881742360948692,11,1.5032203800655568,True
0.65037425340293609,12,1.5857223163561627,True
0.51170222987027381,11,1.4905972842498907,True
0.64188224280926554,12,1.6477210157227564,True
0.77193130032241675,12,1.5247883487878697,True
0.8714440914395698,15,1.5313535349926526,True
0.97936016193256636,7,1.5897268032844716,True
0.61990207423135857,12,1.7007821687030742,True
0.55938713442865884,11,1.4768141116987921,True
0.57522552132272164,12,1.5480342801170495,True
0.52594890839618136,11,1.3534307221350923,True
0.69396589317726254,12,1.4659389809378323,True
0.75423621578313305,13,1.5320480405625387,True
0.80168419241550726,13,1.5837614546703189,True
0.6101014797341473,12,1.5558561134167068,True
0.55013405449113884,12,1.2109097568139877,False
0.71395086059308943,13,1.549249581977534,True
0.56632571211535421,11,1.4956546096019361,True
0.58651835899337013,11,1.53588663190913,True
0.73462909305785062,13,1.5850649074941776,True
0.5618749544871553,12,1.263786035123915,True
0.61711917740704902,12,1.5923921351849502,True
0.63419290375312209,12,1.6293374639987916,True
0.6961866057115399,12,1.6501176387831442,True
0.82264659416421615,14,1.5856283264116655,True
0.53099604006738566,11,1.5162292746410375,False
0.61129967193150614,11,1.5834758344851787,True
0.67438463153487738,12,1.5590090276936517,True
0.60790770179118137,12,1.5527664430472368,True
0.56660816735165509,11,1.6280936042401741,True
0.58349393275117045,11,1.5382833680513623,True
0.59293089639767838,12,1.5804591663281899,True
0.54596187973937538,12,1.5158530420818184,True
0.62173763466106458,12,1.6845012320247552,True
0.53607035524671776,12,1.5456564950824625,True
0.73252723577850254,13,1.6159721058250653,True
0.54298186793489112,12,1.4198375446085809,False
0.50230898509545596,12,1.2824749988325612,False
0.72626427718913189,12,1.6253431166146659,True
0.54000409511127856,11,1.6413242872753528,True
0.62175803441865907,12,1.6406303543270928,True
0.57218200767049665,11,1.5225213971107932,True
0.50656648950344618,11,1.3562564779484005,True
0.59490759844555252,11,1.6062130417789799,True
0.57499732336429366,11,1.2471844627139208,False
0.55842904023889872,12,1.4024430423277523,False
0.69579387536926829,13,1.5830890147700991,True
0.57764588820450169,11,1.3386089375479844,False
0.57741672262332788,11,1.470101913390425,False
0.66591024680404887,13,1.5752899082693246,True
0.59230105230887697,11,1.5921538561617818,True
0.59062324899253626,11,1.2252932567597836,False
0.52074147377027835,11,1.5226201515704139,True
0.56145158683612328,12,1.2812117068834701,True
0.64139687632322151,12,1.5920776694068988,True
0.56614738483509031,12,1.6421385855658694,True
0.55592874002464354,11,1.5673799692437487,True
0.62511524552479658,12,1.300322186867001,True
0.56365439219009583,11,1.4834412385711357,False
0.6421567968590628,12,1.6373764598883733,True
0.56880050426201789,11,1.2116191298000882,True
0.53560742267705264,12,1.3304587111004795,True
0.53905570108050471,11,1.3939967787788814,False
0.57990187184426789,11,1.4659847837700388,True
0.9161351634044913,15,1.4409033195404672,True
0.70875655758292821,13,1.6102353680977104,True
0.55943307431183731,11,1.526597507888642,True
0.52315973903268664,10,1.6428717985960724,True
0.5820923938842395,12,1.5304494791488519,True
0.5762048437952112,12,1.5215253950345751,True
0.57404460296922066,11,1.325753525954025,True
0.57881282323346905,11,1.4891450607925654,True
0.53888518311440214,12,1.5738686447975987,True
0.58968567887037981,11,1.573085432679896,True
0.5348945100827821,12,1.4469782684288233,True
0.63303284277348282,12,1.6373645507306924,True
0.65138176985067753,12,1.5255090262740361,True
0.58725575479006054,12,1.4974129556763311,True
0.56347396667175709,12,1.3762927482522975,False
0.52658170755008338,11,1.2171691356833514,False
0.65198768842285681,12,1.5625151062191116,True
0.54146882113766681,11,1.5068538672385099,True
0.67873765270380571,13,1.6605517552038853,True
0.49017645453191844,11,1.379803999256817,False
0.55748433532003994,12,1.4104696036998536,True
0.73629454280169759,13,1.4819566511923852,True
0.66648622765207566,13,1.3941649177803246,True
0.63783080478642595,12,1.6176644125063555,True
0.53732812245486528,11,1.5535273080661876,True
0.59946627120374529,12,1.5594647408518592,True
0.55045110893251326,12,1.580572753117921,True
0.6328589968124998,11,1.6526382126466801,True
0.52243129698666579,11,1.5219265380196563,True
0.56309757406666217,11,1.2942813770409221,False
0.66355934663445648,13,1.6379294885415483,True
0.57791431387868852,12,1.231368565280565,False
0.58993360312406362,11,1.3606053558342766,False
0.65356933288558983,12,1.6204538522848955,True
0.55693323235054581,12,1.214826290987987,False
0.58698295910604981,11,1.5242740378134705,False
0.56637740908748624,11,1.3867683934387569,True
0.64016890165238438,12,1.6364504300833167,True
0.61134863381117699,12,1.6504804457028659,True
0.62473960774430859,12,1.6194143918184809,True
0.53637566081853616,11,1.3758889188342391,False
0.50071975297213134,12,1.3205141852062035,False
0.64768916439678348,12,1.5631804988956211,True
0.76657085483874987,13,1.567710476067071,True
0.59741993113123693,11,1.5691360480265313,True
0.57433169438701215,12,1.3237689080205792,False
0.61724211901583692,12,1.4764103452202859,False
0.59454764727438647,12,1.4000710422678277,False
0.52573845558518484,11,1.3834453875727368,False
0.59352558264055055,12,1.4644548631930128,True
0.95988965038032481,7,1.6712109845819023,True
0.67921879526997986,12,1.6757802965692463,True
0.96516624627717895,7,1.4881506320458904,True
0.57905495993229106,12,1.4196314525245968,True
0.56907677908085252,11,1.2292694927345986,False
0.52777124852954693,12,1.369159490185879,False
0.58288094235702292,12,1.5698463071200837,True
0.57562365945125382,12,1.5145619782350592,True
0.69603508846085071,12,1.6369440371764941,True
0.61463361624963186,12,1.4377681287513711,False
0.5558369537858745,12,1.3582772133244678,True
0.57285763075400442,12,1.6040009842050909,True
0.55816729448596525,11,1.4276705404748393,False
0.59509357654589545,12,1.3830652357218911,True
0.83624439370328407,15,1.6915441773441753,True
0.75073649631690209,12,1.4487884842166263,True
0.67359776269622418,12,1.5247838251753492,True
0.65294953074840523,12,1.5044379525009506,True
0.80853348893617305,14,1.6001377195139321,True
0.59724842858718652,12,1.6172385024021139,True
0.57009630838953851,12,1.5479381958963696,True
0.62550626841041512,12,1.5074207541014188,True
0.58304294027520076,12,1.5270921073972039,True
0.60613750153851653,12,1.6195381395647084,True
0.80643685060240378,14,1.6055333021861002,True
0.7758319361590682,13,1.6349972998659887,True
0.64527862916601852,12,1.5724369964119034,True
0.70572704652910034,13,1.6469583461605368,True
0.54159108518206089,12,1.5514023849614169,True
0.59917833159233735,11,1.4805531360919162,False
0.95726244551005646,6,1.6338912058128487,True
0.58147147132079224,12,1.4416233039440334,True
0.72524877816181677,13,1.5834532368537393,True
0.61295382910868779,12,1.4868087622545456,True
0.59132823582142191,11,1.5728349836081135,True
0.61422731396737773,12,1.5608988057608595,True
0.61055966797321326,12,1.6411515958453067,True
0.87047726915778589,14,1.412473441315568,True
0.53783218111462672,12,1.3960462286314639,True
0.7235169117729493,13,1.6728191835784298,True
0.59642614302210872,11,1.5402828402837916,True
0.59906685324849274,12,1.4290891058869502,True
0.58181647916703083,12,1.4995739737325051,True
0.60420822046425804,12,1.487665258454355,True
0.64111710142014422,12,1.6453194917032172,True
0.55027230354293211,11,1.4436083051916944,True
0.58846988221058449,11,1.4283475853943224,True
0.6272189170603194,12,1.3160427824746039,False
0.63571403016781924,12,1.6323050313892471,True
0.51396693074497268,11,1.5126834413580221,True
0.6008818840102037,12,1.2458330824381016,True
0.60545917317325404,12,1.4549739281388885,False
0.49779477873564099,11,1.2966624930522694,False
0.6207196250303807,12,1.4370381578359317,True
0.7272091787051389,13,1.5520804788323537,True
0.68338195777543997,12,1.1983914217296536,False
0.74758068670763844,13,1.5236312532958187,True
0.59253104774338672,11,1.4582841110722808,True
0.68619136261089797,13,1.5976112837801208,True
0.5707601216815823,11,1.3704269960710656,False
0.96284588610665178,7,1.5836890653767441,True
0.58032658583987118,11,1.268529350509997,False
0.60435763279802224,12,1.3192688625929399,True
0.74808565363240043,13,1.467849839910409,True
0.52769750970578655,12,1.3230722516939546,False
0.66525850414001153,12,1.4156892248943931,True
0.63842940256978076,12,1.5734714284856359,True
0.58198103244141475,11,1.5793421249034358,True
0.5450226728282368,12,1.4083722205417077,True
0.55479143173515943,11,1.387024990747973,False
0.57662009617614574,11,1.3195335035868081,True
0.55875131094246822,11,1.5764492711569058,True
0.69830690547252483,13,1.6106888090205496,True
0.76778143292841794,14,1.4719639593410105,True
0.71739244326583029,13,1.6348048117357914,True
0.4975567426810833,11,1.5064338888686586,False
0.96488293069855346,7,1.6918980200255271,True
0.68221995018681014,13,1.6525625343675068,True
0.69321926600763839,12,1.6550467492889844,True
0.45823223651006428,11,1.2934644245977742,False
0.55013519804962119,11,1.5825100203079687,True
0.76076777020942121,13,1.7028490775416578,True
0.52668112167243786,11,1.2119477956709439,False
0.8089879984005991,13,1.6211644541723431,True
0.59057081382835541,12,1.5448895196478218,True
0.82751936889845146,14,1.7086947629732163,True
0.79686701124294468,14,1.4628811136176232,True
0.93501357741196034,16,1.6430828530889439,True
0.62665814467220415,11,1.5912780859057756,True
0.51055039808353242,11,1.4988362466659888,False
0.60193861382517611,12,1.5712579247068077,True
0.72471313769025036,13,1.6277422337879008,True
0.81192247870239109,14,1.6668467938617935,True
0.7626443277303927,13,1.6545559455067633,True
0.67352314799277324,13,1.5358551854349161,True
0.78275404413555127,13,1.4930656822017796,True
0.63171343428323512,12,1.5419071196268683,True
0.86119468838942581,14,1.6730750441284521,True
0.61783715234077152,12,1.2682961789010887,False
0.97211669544647417,7,1.6668575451498933,True
0.71066698071458689,13,1.6141104907140187,True
0.54558121221701839,11,1.3888567903054501,True
0.59650179238950585,12,1.618914382505545,True
0.58621287280525614,11,1.4241973149957343,False
0.52150180496807197,11,1.4423902671781605,True
0.5466007648317639,12,1.4565237860297828,True
0.56752351303938264,12,1.5436192440916181,True
0.6979100303396869,12,1.6021360186171718,True
0.59791326473226913,12,1.6599888232460058,True
0.55819705523203222,12,1.5329991464270292,True
0.66059240777548867,12,1.6539148663097891,True
0.52824903168533277,11,1.2042203453327514,False
0.49947916072897947,11,1.4991839155548996,True
0.62764774312817484,12,1.6091874744598877,True
0.62786558061429876,12,1.4444636323794262,True
0.67041455233176117,12,1.6840498430566646,True
0.59488072837161132,12,1.5459922872015681,True
0.60879423070302674,12,1.4981837151285788,True
0.59840348907132479,12,1.5544265072925953,True
0.52014094480722517,11,1.2499941871269196,True
0.61480525755650328,12,1.5053237386008584,True
0.65257733099915105,12,1.3710811542320194,True
0.59354460409912113,11,1.551560758155317,True
0.61522668286281457,12,1.6749254701259513,True
0.67591154942180343,12,1.4888653970477403,True
0.56402263183963408,12,1.4095732679380839,False
0.60328493810650785,12,1.5843048881159336,True
0.7748986713091619,13,1.4932544810614228,True
0.52409712608756864,12,1.4760915065652691,False
0.6807932556469749,12,1.6757417080734665,True
0.59742763562594037,12,1.4996955896285808,True
0.5768608936907198,11,1.4966358822411709,False
0.85401245403513226,14,1.5955672225998607,True
0.62219145968196177,12,1.5122651394050532,True
0.51750425398221556,12,1.4036274052565794,True
0.54995153118673179,11,1.3841165233666974,True
0.63589961817722107,12,1.6005130636529545,True
0.6806267188772106,12,1.6443422881403771,True
0.74206758926411653,13,1.6370797079359394,True
0.62091489648837961,11,1.5056532583893867,True
0.6510801820051878,11,1.4543164810803368,True
0.54330586437637529,11,1.5827869747498315,True
0.5467339738681426,12,1.3312402988510239,False
0.58832696097946779,11,1.5497777946134401,True
0.64200633389291661,12,1.6044879378577326,True
0.78653175212988913,13,1.6016703015813403,True
0.73422488463808355,13,1.3757978870264691,False
0.67882104662212794,12,1.661121227710453,True
0.58294780039030403,12,1.4213030079600746,True
0.56937815387209301,11,1.5959292121382844,True
0.61109243167589933,12,1.6405460322463536,True
0.84661956682953032,14,1.5659628870062205,True
0.96282964083384515,8,1.6818652708108182,True
0.65137638334726489,12,1.6557084445362988,True
0.52834271030920477,11,1.4763720347910729,True
0.6550308369848169,12,1.4196179814301113,True
0.76507827193614397,14,1.6483668995498395,True
0.50559981997078507,12,1.3581295664377111,False
0.83606649191863613,14,1.5584961841235405,True
0.6485391632165487,12,1.5729350270656444,True
0.56880018691835876,12,1.4914515586104895,False
0.58523258254176347,12,1.3586581199621717,True
0.67550699926570601,13,1.4809311799094609,True
0.76543921713416319,13,1.6201142934449975,True
0.50016746488431507,11,1.4347357161719667,False
0.62612782053307103,12,1.6355086502264524,True
0.56412044346435986,11,1.402830608286185,False
0.66065028182052676,12,1.6778438924578256,True
0.65065042012638352,12,1.4657140370932502,True
0.70514521925120699,13,1.6598235007365691,True
0.58433196929998876,12,1.4566736315430657,False
0.60112609516317672,12,1.6239586106055015,True
0.71093428279699322,13,1.568830968251766,True
0.58632838052964398,11,1.5205091242495774,True
0.6040301854409218,12,1.6225850347304167,True
0.53789075479560355,11,1.523642632150833,True
0.61033919014160809,11,1.602034863357638,True
0.61972629380589783,12,1.6295220117492604,True
0.80527073653107306,14,1.6543680509045016,True
0.54289053003217291,11,1.4750741087230554,True
0.5487965656779753,11,1.3736797632521522,True
0.54681065045463828,11,1.5752736943078427,True
0.57027457276818028,11,1.3177931528266649,False
0.52530335857538712,11,1.5610493137545278,True
0.60284468831489668,11,1.4800193275197624,True
0.50479722847519082,11,1.4774702153969039,True
0.72163696309754344,13,1.6788834764574347,True
0.72272952306617466,12,1.5663116721553625,True
0.63670645081054178,12,1.4885010515625428,True
0.59355511905881631,12,1.6242590535395196,True
0.61269585932580328,12,1.641673204271076,True
0.95818959038441831,8,1.5946192404432735,True
0.51843887340000328,11,1.5533559118624087,True
0.93118745389538948,15,1.5625482276411142,True
0.63217288673169392,13,1.581250852380526,True
0.70474892835734115,13,1.599231807120959,True
0.65735979145687873,12,1.6515753842911716,True
0.79697311476633226,13,1.6370299741077869,True
0.59629453601262328,11,1.6542719273989992,True
0.66036265718789677,13,1.467357660054923,True
0.5900071611501273,12,1.5429800690584525,True
0.59124038261243061,12,1.6462100954960297,True
0.74875036077762069,13,1.5967443731614486,True
0.65125567442965415,12,1.5222567834251775,True
0.76188475403533218,13,1.6497464951783567,True
0.74551354879243092,13,1.5481230763627518,True
0.53684907515512004,11,1.5327018380405288,True
0.75799128212735389,13,1.6872836153035691,True
0.69017168175675947,13,1.6775100985332179,True
0.6120017858229253,12,1.6808761671927221,True
0.66010304441711476,12,1.5451184891709984,True
0.73267799254758481,13,1.2828125658457581,True
0.58773588006462973,11,1.6178220390963591,True
0.52689032665601976,11,1.459288201891215,True
0.61232519222688764,12,1.6496244422219744,True
0.49739960337535827,12,1.4880427658265996,False
0.62737246647848832,12,1.5348183136216285,True
0.74324790995851409,13,1.6800873961561866,True
0.64994695669061209,12,1.5877912855045808,True
0.66599980489508626,12,1.6175985383536944,True
0.58694936468925596,11,1.5810086456793395,True
0.68656543024946759,13,1.5899617297783908,True
0.72862998166655923,13,1.6766231634740352,True
0.55201696595516025,11,1.5960850293596736,True
0.61842389426129962,12,1.6836572126111491,True
0.6711006955284653,12,1.6717878906589647,True
0.64259245353115757,12,1.5939903767155241,True
0.56299773966193678,11,1.4169047680891387,True
0.6533333188708117,12,1.6746714902629334,True
0.86361480475764107,15,1.6740136860043435,True
0.67573188928884431,12,1.4457398816286906,True
0.5364238186553133,11,1.2454402674377298,False
0.61150477438360196,11,1.5175607393619563,True
0.62797732821654351,12,1.5394165544317124,True
0.70381479905624189,13,1.6378338093041218,True
0.65585376814861363,12,1.6293279422991864,True
0.55290386166049998,12,1.5069544532487675,False
0.5807008746349438,12,1.4585509615822274,False
0.51950966638908647,11,1.4361722637656946,False
0.59195969268139448,12,1.1498375973985193,False
0.5780024892064809,11,1.5087268548882586,False
0.6218604858250415,12,1.6785826146343266,True
0.55459712704570929,11,1.2288308323087442,False
0.67540035695558287,12,1.6051929615511822,True
0.69265778383589294,12,1.631670197968015,True
0.6365111011554353,12,1.6640109172050053,True
0.61079302514555689,12,1.5897632814965681,True
0.48086740030470138,11,1.452844596910472,False
0.61370862263191828,12,1.3559032271317042,True
0.62224445005139062,11,1.6011178190321225,True
0.83617615102024367,14,1.519923704095085,True
0.84541871905422816,14,1.6288886190776546,True
0.59164815436937657,12,1.6484657330939332,True
0.71685686671971571,12,1.644820328710102,True
0.55853732458615668,12,1.4358269071031704,True
0.62746111417651895,12,1.5864163008655994,True
0.59271499946829331,11,1.601533534975792,True
0.69072087178920949,13,1.643485063916722,True
0.81710067709723333,14,1.4556791435210072,True
0.47735113462317585,11,1.2762501966490762,False
0.59961965028173803,12,1.6252611973053048,True
0.54967365833892434,12,1.4382407547116189,False
0.57247759112416963,11,1.5606610293076013,False
0.58494704638938488,12,1.4253854768619461,True
0.54407411195507693,11,1.485253378565158,True
0.70484817495054242,13,1.5979340735199041,True
0.58186771751928801,11,1.4642450220434928,False
0.60857150576043706,12,1.6237473417083252,True
0.55026473783455998,11,1.2429904906880807,False
0.68262615306174612,12,1.5959728080065494,True
0.74850724130892565,13,1.4695577427534323,True
0.52512121690304003,11,1.5102647695934075,True
0.71863626416939674,13,1.4642838026818497,True
0.52528404701127229,12,1.4941732711674451,False
0.84680718479261929,14,1.5960965705542096,True
0.65466522606520505,12,1.6430198532160365,True
0.59655999273851523,12,1.4584111733130081,False
0.79378960354640815,13,1.5111506829827903,True
0.67834868823539562,12,1.4839762972296802,False
0.46670283455100531,11,1.2651850007071539,False
0.49310011559506994,11,1.3476592223150177,False
0.54975894713835061,11,1.5028315473922558,True
0.51793407549420045,11,1.3641377207891394,False
0.58181635909089091,12,1.4768690332072671,True
0.7623068003700787,13,1.6554738111882412,True
0.63994914167716233,12,1.6959542354228103,True
0.58869769020744944,11,1.2715386141319669,False
0.82065397057737288,14,1.6192405449363911,True
0.49716544425446446,11,1.5248798710757741,False
0.87966883533748075,14,1.5577802130916953,True
0.58729323792632149,12,1.6316803859413591,True
0.59333574728591765,12,1.5934790796314884,True
0.57696617207478595,12,1.4506019875952307,True
0.70344363503047735,13,1.5576679373928082,True
0.56819108213154046,12,1.3771054534738409,True
0.57531936618307811,11,1.4386674542814064,False
0.59047193003646048,12,1.3335907998568612,False
0.66183672755330869,12,1.5323275433468275,True
0.77851301667625417,14,1.575662136648069,True
0.55805653418436008,11,1.3395703093086555,False
0.67573589106797394,12,1.6322560042640346,True
0.62110699052046914,12,1.5515873926586465,True
0.6026579054961011,11,1.635239802254925,True
0.77531455698250484,14,1.4964175263434334,True
0.55698869125512684,12,1.6528135159335733,True
0.67456548634571678,13,1.6037893473460558,True
0.54573355779237909,13,1.3628366757532961,True
0.61895129157541662,12,1.6513449178476436,True
0.66292091207404202,12,1.4390458706894855,True
0.62078446621973737,12,1.4849128856316076,True
0.67959759405791131,13,1.6195487077576152,True
0.57470753056553936,11,1.5558032374396971,True
0.71681374522389096,13,1.6458189154065506,True
0.705484788026291,12,1.6659931721934234,True
0.62303214514305882,11,1.5944304337435296,True
0.63868903621896889,12,1.5410324152754347,True
0.54190932217126742,11,1.413307796292977,False
0.62085913294122919,12,1.5491497642168348,True
0.56452304013808541,12,1.3649570126577344,False
0.52453956899680154,11,1.4775159248548912,True
0.72470120611270616,13,1.6324262379037515,True
0.5652322934148305,11,1.4632238166477287,True
0.64395273780225881,12,1.5992885602976834,True
0.51886114093395952,11,1.4075695655323062,True
0.97180249262429075,7,1.5462025782997615,True
0.66518474559264873,12,1.3349873211333256,True
0.55174959121512079,11,1.459944132144926,True
0.49067181360768108,11,1.4279202882925368,False
0.64468745234046798,12,1.5704342208304658,True
0.61915386422660967,12,1.4595817018344788,True
0.57098760276953231,12,1.6627029733821852,True
0.65888760062065943,13,1.5290737118314193,True
0.5009838317631613,11,1.5669758174502684,False
0.72925339822401902,13,1.3977590378068068,True
0.96079784800865742,7,1.3548569059778666,True
0.61153766823663336,12,1.5966645096617884,True
0.60684037067629726,12,1.6415200727706805,True
0.67705215232800009,13,1.4826928796350729,True
0.77704727734962253,13,1.4998470255729766,True
0.53515879180771708,13,1.5534023337742977,True
0.67967923342024505,13,1.6037175495104732,True
0.59640929238283602,11,1.3496307815400765,True
0.75040326556719139,13,1.6722248698733226,True
0.76112154429219003,13,1.6284918916432076,True
0.56506934861521252,11,1.6691330114493925,True
0.54284874808289874,11,1.6358113386559081,True
0.81054134830178615,13,1.6965228039886477,True
0.56666239417141828,11,1.5349966446887249,True
0.52492732222820104,11,1.5586513275434646,False
0.78593370159819465,13,1.4660133516381961,True
0.64405026438265178,12,1.5891277902898209,True
0.55115535433551677,11,1.510004504179477,True
0.60637315208802256,12,1.5499683241706861,True
0.53239213977142452,11,1.5687199566564523,True
0.71096245275912739,13,1.6313780966786848,True
0.53816471865819948,11,1.4938293127730291,True
0.60723431504077174,11,1.5112860867995146,True
0.75222828702601108,13,1.5957129284582026,True
0.57061175698970668,11,1.2779444143213403,False
0.54483157169900021,11,1.3997583916285352,False
0.8047919708717064,13,1.4681089228832904,True
0.84826618529205644,14,1.5769091562137567,True
0.9764350021533037,7,1.6095767019743594,True
0.66261483772996332,12,1.5139795395911801,True
0.54501528466368854,11,1.4651772055371521,True
0.61951567370564475,12,1.468699105861422,True
0.5647776707819212,12,1.5469924531246442,True
0.83141652630865237,14,1.6011726681719352,True
0.58725626198843917,12,1.5513006878333044,True
0.57517541192743415,11,1.5378732323971471,True
0.73647345061731673,13,1.424504050694805,True
0.70525466765806477,13,1.3031029147425581,True
0.57791409224306101,11,1.5190832254401549,True
0.58332441199041618,11,1.256611860037337,False
0.66738775454695698,12,1.605710254613627,True
0.60295412584591623,12,1.6548476267416095,True
0.62445152712062557,12,1.458252185227727,True
0.53002360688202299,11,1.6032992344414823,False
0.53034775899779374,11,1.4780948716401974,True
0.66058072708099669,12,1.544388494154713,True
0.63929034074408131,11,1.498619474893752,True
0.53440280820700303,11,1.3230659514181569,True
0.56660307989891112,11,1.3161554652585934,False
0.57009806777048633,12,1.5636665703594459,True
0.84427207980663588,14,1.5371039988670288,True
0.61277082708528519,12,1.5897901409159427,True
0.74554580444617946,13,1.6315137002810356,True
0.76484560414462266,14,1.5747296556620811,True
0.813142383151778,14,1.3123592815380773,True
0.86837865605814313,15,1.5821538381904114,True
0.53579754999637907,11,1.5149852816997809,False
0.7969200002266883,13,1.5928499646344527,True
0.57031820323429339,12,1.5976632035513714,True
0.58302873911042552,11,1.559052478203528,True
0.64904864429253928,12,1.6168731312788163,True
0.60314239128401315,11,1.5340024333595961,True
0.52530359985974207,11,1.5700611347615345,True
0.84379022242438217,14,1.6533278564987721,True
0.52607419170291825,11,1.358542638606852,False
0.7342844739240314,13,1.6713637998414024,True
0.55565647329927759,11,1.5163343624436973,True
0.77273474295426625,14,1.6455347552378448,True
0.54981002608814367,11,1.4934058654092139,True
0.816183702867884,13,1.521012246333785,True
0.59655019084761418,12,1.3738259773793751,True
0.64300587996057823,13,1.5035459820859456,True
0.5282828898203521,11,1.1280150565771876,False
0.8213748401394444,14,1.5249618492165256,True
0.56022192345264565,12,1.4825243209247965,True
0.56026354239159248,11,1.3978465117162642,True
0.68620911522100259,12,1.5549768769182719,True
0.51152196254043825,11,1.2611461025078812,True
0.53752655082651013,11,1.5805786371995469,True
0.60709615492084834,12,1.6455532851547547,True
0.60451608653199518,11,1.4650738766054521,True
0.56855888383849862,12,1.426852741605628,True
0.51709449651327088,12,1.487884102798634,False
0.81636229655602166,14,1.5853311695062116,True
0.62530475157028309,13,1.6491842694880767,True
0.5826849680216184,11,1.5672058413856091,True
0.68041746392415825,12,1.5502036728087794,True
0.70619493274820877,12,1.6079008191957602,True
0.83615193592575454,15,1.6419368931514959,True
0.60698724397683057,12,1.4948398881451144,True
0.60125744022016592,12,1.6129557427330554,True
0.64919823201143911,12,1.7000069939707576,True
0.56624224222510666,12,1.3680746292004005,True
0.64845387945420729,12,1.6575811041389563,True
0.57394675810812767,12,1.5319095460444849,True
0.55944730392360242,11,1.4033184670668639,False
0.5731166163285808,11,1.4930158829011653,False
0.65989855307936174,13,1.5212588056318641,True
0.75125082888852823,13,1.6252093553008298,True
0.55683706143719081,12,1.4914836232829631,True
0.55704704146546158,11,1.4111621751642101,False
0.64979319188202267,12,1.6417442571154721,True
0.57987661615752772,11,1.295725647033332,True
0.67202737019474812,12,1.4257815711684514,True
0.59919162403537674,11,1.4124009051543345,True
0.5301815849253384,11,1.4955017049498416,True
0.59791986189560575,11,1.4688616480617462,True
0.6693612983502798,12,1.3794687305178874,True
0.47300788127765842,12,1.2999869439161265,False
0.58864444983966413,11,1.6478306160407306,True
0.79675689078337109,13,1.6188816994341209,True
0.57087884942321787,11,0.83438989674869224,False
0.48433911359958531,11,1.5022333748716721,False
0.63485653916076268,12,1.4455254925689902,True
0.68957609874773762,13,1.6592659562284691,True
0.55865682661952942,12,1.4723470875756155,False
0.66003349467483496,12,1.6619273893765747,True
0.66665253234775035,13,1.5417127278172167,True
0.5992250194313038,12,1.5054485535195155,True
0.63743962166313173,12,1.61069261432521,True
0.58801522638690984,12,1.4173625879960938,True
0.55244982657696051,11,1.5100246611500532,True
0.56272370828916529,12,1.4611792199017573,True
0.6941197408778188,13,1.4894109334733754,True
0.59054131905006912,12,1.3863854573681431,True
0.56201561018494572,12,1.5457963427195347,False
0.59641867536179305,11,1.305249925061583,True
0.60765509449037636,11,1.3722527332108243,True
0.55805149886407035,11,1.6765929460961144,True
0.79238612201268976,13,1.601777165238476,True
0.7291608335947668,13,1.6182903196857621,True
0.67158680546767036,12,1.5945246292329776,True
0.62438489924791785,12,1.4785880280659593,True
0.51710459609705917,11,1.3252357387502176,True
0.61981658099057524,12,1.4345973508723788,True
0.63042986454385042,12,1.4875411546276962,True
0.56131652688790468,11,1.6031539018171732,True
0.60264095065736978,12,1.6056566178476566,True
0.5865552682081292,12,1.5988961422754127,True
0.55606492483317094,11,1.1503335594321906,False
0.73390261013640679,14,1.5862044024856832,True
0.52656710894736181,12,1.4934198287922553,False
0.59753456936752269,12,1.6316587419901956,True
0.60859275971636539,11,1.4245234338750152,True
0.91683262156102241,15,1.6492995340614445,True
0.80176672345625954,14,1.5579531747500361,True
0.78479336234967689,15,1.574825507378794,True
0.85730331580691221,14,1.6339066623268368,True
0.63311111346319682,12,1.5326798034968523,True
0.53338929282997638,11,1.4902931339135894,False
0.57147871272663486,12,1.4264923823409572,True
0.54739320138223535,11,1.5302506703717884,True
0.75517027739217024,13,1.57444062986494,True
0.54232316039498829,11,1.420523583464903,True
0.58424351171173206,11,1.6063180365892802,True
0.54420928059005413,11,1.4808450860346518,False
0.56755533286611592,12,1.5736114289739276,False
0.86318955559974253,14,1.6349104002823232,True
0.5906075417519322,12,1.2662515840735249,False
0.71485193032351002,13,1.6384790724895237,True
0.89115926256187017,15,1.6514802579853165,True
0.59029772177824913,11,1.5366207039127147,False
0.58152912668849488,12,1.4987297219303246,True
0.81532925252122024,14,1.5358316423115685,True
0.57374057104524556,11,1.2363065403193645,False
0.55927312776881577,11,1.4932625996955342,False
0.53961153930465955,11,1.4509587228108416,False
0.57264495481390087,12,1.4702586891233678,False
0.8050913714736434,13,1.661823271358623,True
0.6817828196383886,12,1.6545509281761999,True
0.56566914571095595,11,1.3419174190485752,False
0.58429244600707253,12,1.4106160857843459,True
0.58107388441186314,12,1.5043747997502923,True
0.74427189839662611,13,1.6770602907764189,True
0.57672040721176621,12,1.5839315602131741,True
0.65338287674786399,12,1.5068099845627603,True
0.64497705679700856,13,1.6318573426993643,True
0.7274980383612426,13,1.6572985001718734,True
0.70105686790420718,12,1.4337182360309781,True
0.58242038218468661,12,1.631339411559054,True
0.75423619151416377,13,1.6275683858208709,True
0.78114726542284585,13,1.5506291780385753,True
0.62485807708098173,12,1.4634404211516845,True
0.54457527610572609,12,1.3189124558753063,False
0.65395009733364373,12,1.3340206469190681,True
0.60054028769040568,11,1.5489888028791647,True
0.66655200183683472,13,1.6038340756219409,True
0.68103279833686148,12,1.5045226223451069,True
0.57376153896585824,11,1.5992650327452083,True
0.54107210196513988,11,1.5499395023668805,True
0.72854548480824421,13,1.4898666566558938,True
0.70465439933431373,13,1.4729606479546429,True
0.6167274032644795,12,1.5281283255876077,True
0.53188337993092838,11,1.5374773786063789,True
0.58250867349860191,11,1.320942676321925,False
0.49178159982865394,11,1.4476403579597477,False
0.55660473517989628,11,1.6289304302398753,True
0.51658732753834169,11,1.2228890040309155,False
0.65244291848985958,12,1.6349834458365888,True
0.54801002461807369,11,1.475978327672538,True
0.72035788886425123,13,1.6355858035827138,True
0.60221809385645009,12,1.4868812274509091,True
0.93955930704697854,15,1.5997199037742,True
0.58473442566940148,12,1.4478524666748478,True
0.64956448190178384,12,1.4380296775073904,True
0.76461124286376592,13,1.4389708819095854,True
0.70660244289558549,13,1.6357031839077927,True
0.55564488731947914,11,1.4953474536926235,True
0.62518809229664329,12,1.6239362959863399,True
0.50203503325770282,11,1.3915155479662502,False
0.57263151439201609,11,1.3058517172459494,False
0.65259743577316431,12,1.6433920381559091,True
0.45466072217474024,11,1.1487616703483046,False
0.65224974934095137,12,1.5295975012569794,True
0.62298758912041108,12,1.547766976104163,True
0.60808591579698379,11,1.3713671455344729,False
0.82794780902004261,14,1.5662244796794704,True
0.60523342040637174,12,1.6629529586334475,True
0.7117530607298469,12,1.5400016950022322,True
0.64187509268226473,12,1.4747931555458302,True
0.54491568782027,11,1.4671788171822242,True
0.79375289488964307,13,1.530901256936454,True
0.54120256671172828,11,1.4387097744662207,True
0.5814311711515413,11,1.4859959277066095,False
0.75836708024136479,13,1.6521606794527892,True
0.58810615914352815,12,1.6478189228826119,True
0.63813205011898966,12,1.6180330509646605,True
0.55179711944325471,12,1.3875407611602304,True
0.66203836500276925,12,1.5500964064204608,True
0.5935816451435878,11,1.5601988899040726,True
0.58087554983359668,11,1.5778884557275092,True
0.55856098090451078,11,1.2936652128392863,False
0.68800684094458397,13,1.6388409628692722,True
0.61127811308433244,12,1.6007117165472882,True
0.64431494488737218,12,1.5174284466031853,True
0.66693961315172279,12,1.6190708959470306,True
0.58786398187291122,11,1.3905534980570908,True
0.65466068153859613,12,1.6580987690248388,True
0.5185622409038847,11,1.4534461851974287,True
0.57812237166759695,11,1.5761700091932977,True
0.58562761860427037,11,1.6258327400740926,True
0.59741864454106175,11,1.1875671925928009,False
0.57836135668726152,11,1.4986221682932359,True
0.58548568657239286,11,1.4674731592535049,True
0.6552802846027217,12,1.5237636727250157,True
0.53805901691418145,12,1.2555801788102721,False
0.58272126747592801,11,1.2011239450328477,False
0.57120441302944847,12,1.4042270248936639,False
0.58206652933975611,11,1.4310316644321515,True
0.64850536479170651,12,1.5678765043617311,True
0.52535397655200866,12,1.2292965306517494,True
0.51337693398789719,11,1.3799355122640546,True
0.50064377287043382,11,1.4634522657727738,False
0.55938224568097017,12,1.3076711508684984,False
0.58419190392566211,11,1.6410766905617717,True
0.53492481639037748,11,1.6166349590739957,True
0.81822008164990812,14,1.6151279101430061,True
0.64368192305905103,12,1.5909430673178542,True
0.57731583609632697,12,1.4969034323893939,True
0.63577727064127521,12,1.5138136203709631,True
0.75032328607032728,12,1.6405849131674204,True
0.55217892431730209,11,1.369918790107685,False
0.71824928771190122,13,1.6773709271413622,True
0.53646818162226007,12,1.1761940874235086,False
0.75186472106944091,13,1.5773364865644228,True
0.69443152659783569,13,1.5270215911715177,True
0.97065231585417922,7,1.6844129749776113,True
0.55011095878074701,11,1.2548086552292192,False
0.58898928742734624,12,1.4694960294503159,True
0.73719523073192994,13,1.5092999962245257,True
0.61079482958900755,12,1.5789023172127501,True
0.84008050097474674,15,1.505103749515035,True
0.57036842570394908,12,1.3118770863868645,True
0.74274511075581673,13,1.3591273862249071,True
0.64444029396429192,12,1.4362752217179975,True
0.83584989237465979,14,1.6650393048901744,True
0.63669235263665613,12,1.6735549322055243,True
0.73744743022291137,13,1.5732490297509043,True
0.65185399617244411,12,1.6470469540529842,True
0.66907488563544737,12,1.4999320897706083,True
0.62437837223659109,13,1.6762675733100989,True
0.50894035754513545,11,1.2530808422172546,False
0.55828068912317952,12,1.4948477271107394,True
0.57931964978948292,11,1.5395627243985783,False
0.57364395034360405,12,1.4988960419856239,False
0.78159903125300145,13,1.5960923816295791,True
0.75424239435418405,13,1.6466088561885088,True
0.60202985561948563,12,1.3888150722007353,True
0.65786483033331544,12,1.637622201683326,True
0.75485066939263235,13,1.5957797067822144,True
0.62530029143715182,12,1.4848323359291338,True
0.49964151906316512,11,1.5223049576682326,True
0.6679219479002908,12,1.5921125565200387,True
0.58387998071340819,12,1.6178849624585701,True
0.62083138560857432,12,1.6310385089586465,True
0.5780986280196162,11,1.4796488807593986,True
0.53444982075521441,11,1.5650141119446517,True
0.81376133178751975,14,1.6478216891757649,True
0.6415762773644611,12,1.4898470570948608,True
0.52724854327489534,12,1.5601185839117231,True
0.7946408179976262,13,1.689046208014543,True
0.55473659582571233,11,1.399656400138402,True
0.60429806733477232,12,1.4289255756619752,True
0.72477271493109285,13,1.6992236384933384,True
0.67430467995181131,12,1.4277400403203691,False
0.59526439986553714,11,1.5767567221459562,True
0.49918420360039584,11,1.5607752479343431,True
0.87678222470546485,14,1.6813514196972363,True
0.57819804278641929,12,1.4435169035274937,True
0.64722768302020572,13,1.6207774352331379,True
0.70058586138592582,12,1.6865924263030629,True
0.55453068238292536,11,1.5798946847509616,False
0.58407567538825467,11,1.5560207956942025,True
0.59713483186494154,12,1.3916098809005741,False
0.5416492560304691,11,1.4455148702932461,True
0.5705267853585998,12,1.2948003885854378,False
0.69497379742497745,12,1.4833106056369536,True
0.57361830709510586,12,1.3783176581775158,False
0.61918730434625913,12,1.4782797262354974,True
0.67199120595145445,12,1.5887841123128108,True
0.65569552651978746,12,1.2318390518330395,False
0.64357137195667502,12,1.6320707082725525,True
0.60589915314709286,12,1.6549971119666487,True
0.58923368347677163,12,1.4253163038805452,False
0.72080740817799938,13,1.670198340568799,True
0.72745281159371999,12,1.4795002747218455,True
0.92123226864705066,15,1.6593895606496352,True
0.74136381941352025,13,1.6913398842469911,True
0.58298744781934875,12,1.3880069553218786,False
0.60672990293683748,12,1.3788414247709553,True
0.53197378406008955,11,1.4491350164156298,True
0.68784109914831204,13,1.6703835645208365,True
0.48539576440075272,11,1.2659176467563551,False
0.5826729983078891,12,1.3275299306027366,False
0.95521710900255496,7,1.6160622153116779,True
0.61343612375021928,12,1.5198942766197863,True
0.6300373717861919,12,1.5216962220527825,True
0.58252089787339134,11,1.4839854815922398,False
0.7278043682836508,13,1.6372663077193339,True
0.61279341333209303,12,1.5011868483306305,True
0.54929944378680784,11,1.2213801684580328,False
0.71624689756205195,13,1.3801861181355028,True
0.7531624357371145,13,1.4819790192460711,True
0.71660491217847266,13,1.5865291572025322,True
0.63322750620412438,13,1.5827088787791221,True
0.72951111013303982,13,1.6306370474020266,True
0.78752474210493995,13,1.6415909918542158,True
0.78547780984322013,13,1.5986911860158279,True
0.52164907492930324,12,1.2733233234300603,False
0.58905743176853886,12,1.420817125839285,True
0.60506239855154476,12,1.4649473581670662,True
0.78991039741781022,13,1.6430226136122434,True
0.59246846255617125,11,1.5715486882801843,True
0.62332602720314612,12,1.5908508194169788,True
0.66205409950504845,12,1.6239690241920108,True
0.69277627291925359,13,1.5922777511244106,True
0.54215973294466968,11,1.3546362487135921,False
0.61247534019395955,12,1.5998105159282021,True
0.83562901729144679,14,1.65392995669542,True
0.69979170442902205,12,1.6418016292800157,True
0.56655505676464113,12,1.5967107773575482,True
0.75360294905661018,12,1.651190397130796,True
0.65024054918184071,12,1.4523094839780286,True
0.59364589572354309,13,1.5630727334358254,True
0.55291780924246592,11,1.3254519265897995,True
0.57225553634276982,11,1.561815509271151,True
0.59557825677092324,12,1.6004097301571947,True
0.57027048893718091,12,1.1251138387014263,False
0.629988621015516,12,1.6497999517321109,True
0.59627899748872737,12,1.5742243975722383,True
0.55737113409036476,11,1.4850412780304285,False
0.57935021679107424,12,1.4889153242877951,True
0.61465391718263063,12,1.507070387157363,True
0.650828363445489,12,1.451694180638375,True
0.54267335949634909,11,1.4447908304496084,False
0.56510482374717463,12,1.4685932239172117,True
0.57852970809909166,11,1.5309700574782712,False
0.57736248866513651,11,1.2670033887115273,False
0.63361261206957475,12,1.6003095454405845,True
0.57463272572357682,12,1.371849089581056,False
0.6434581696625965,12,1.5609116178143034,True
0.58476334619982706,12,1.3313799716822174,False
0.77642193424127159,14,1.4910651936790418,True
0.68280757304527906,12,1.5553323888444863,True
0.5896821147785215,12,1.5355284820308728,True
0.68845076272038708,13,1.6387442372422409,True
0.69231611066249776,13,1.6003864048719003,True
0.60966542813255986,12,1.5896307516914712,True
0.59447440947195207,12,1.5713558824189711,True
0.52657107829743588,11,1.5758603964620259,True
0.54553689725793464,12,1.5414999666478495,True
0.56389604225280698,11,1.6197845756724307,True
0.97304101501685358,7,1.5589930636040041,True
0.60376174309880826,12,1.5683572056099622,True
0.57620441309151516,11,1.5995753490158993,True
0.7561934818550835,13,1.5997219934343099,True
0.5703987594805453,11,1.4929869230289488,True
0.68750321710638329,13,1.6167544109554259,True
0.5267899736089694,11,1.4266670115962401,True
0.53918685143261746,11,1.2606173329073891,True
0.73224248841632322,13,1.6478295784290355,True
0.67580162309785441,12,1.5596881563006857,True
0.53517929773278006,12,1.4755887106608163,True
0.57948679593526298,11,1.5967353386804775,True
0.51351278087380825,11,1.1530525942352003,False
0.55837801439207246,11,1.6244418859143823,False
0.88065638417405467,14,1.5943767203089714,True
0.53475125806737944,12,1.5816063804888334,True
0.55148978578177499,11,1.4405382095392818,True
0.64839657231572367,12,1.6498575089714476,True
0.74335950591698363,13,1.3617832482604562,True
0.63074170500652915,12,1.5637482357450148,True
0.58527264616727837,12,1.4476685807230398,True
0.66430819165266186,12,1.5733126243991093,True
0.72596872552018576,13,1.3649813050937147,True
0.59836649489498217,12,1.5803758925301334,True
0.57809307360504336,11,1.4659679452426739,False
0.61916200045773673,12,1.4758155375141033,True
0.60226095193224793,12,1.3035045626741539,False
0.51563546709051156,11,1.1957719238446307,False
0.77966892572765756,13,1.6448464182498301,True
0.60555925272112743,11,1.5177868449699214,True
0.57370017757769975,12,1.5547443539646351,True
0.63388048079026227,12,1.6417170190928618,True
0.59453345620194875,11,1.5400071442280683,True
0.91845879605847891,15,1.6460556840281733,True
0.61555350453882973,12,1.5376141498961455,True
0.62165052533269294,12,1.4561109439729323,True
0.66398631821614196,12,1.6079899366621915,True
0.76934109795393446,13,1.5048758849816728,True
0.53616173685032842,12,1.4186775368349505,True
0.58060079663362818,11,1.5697698920488825,True
0.80761753287038796,13,1.5056944663492908,True
0.64110051316400951,12,1.6503706522568267,True
0.63165682965496839,12,1.6138737453945715,True
0.52175783626710037,12,1.2634931201848085,False
0.71254411867248291,13,1.4480814266495088,True
0.54997330551159407,11,1.613795793244488,True
0.62736265273550351,12,1.4963954006475553,True
0.54145792929033965,11,1.2022411295718383,False
0.59772897746112941,11,1.4478467844589369,True
0.61553797539118082,12,1.5897641897965615,True
0.73657826766847523,13,1.5301102602603998,True
0.53556261323887722,12,1.3630974127681985,False
0.64878695545722698,12,1.5897874109835133,True
0.73413947008446934,13,1.6383238780873142,True
0.55623062454318117,12,1.6383579626002971,True
0.53798846397846012,11,1.4596890759057963,True
0.66934178559366442,12,1.611160182108087,True
0.60416632906348611,12,1.5929796495617565,True
0.56349035660158031,11,1.3569930535529033,False
0.59829756545667967,12,1.3224272473894023,True
0.63221335566227699,12,1.6483263458503681,True
0.54531085356739617,11,1.500036674861547,True
0.51565211045995174,11,1.5574643581166696,True
0.58585109729735962,11,1.3634978676081628,False
0.65629611672941701,12,1.4967219358964028,True
0.72363749202406125,13,1.5550060516240978,True
0.61073946997717676,12,1.6699984246164781,True
0.64095803390530981,12,1.5976124001766661,True
0.76146167107528218,13,1.5012192279854168,True
0.57322286963403168,11,1.6344253541988125,True
0.69722675855193184,13,1.4079145079253503,True
0.70886373609248254,13,1.5842753606261697,True
0.80674168540037416,13,1.6060985338297586,True
0.49466372625342186,11,1.2928609527812176,False
0.7627238849611776,13,1.6329096085040162,True
0.64970771599440769,12,1.5301100284199334,True
0.52545525545654925,12,1.4349295081276801,True
0.56111813478469996,12,1.4170602631143983,False
0.51624621065568133,11,1.6006833293951994,True
0.56225604419299713,11,1.2873526066611634,True
0.87657563729267818,14,1.6052939943238838,True
0.53173693247033815,11,1.377466421391166,False
0.67498400795819691,13,1.3707523132632802,True
0.58373457687122765,12,1.5232826818983869,True
0.58200234710765519,12,1.5682031645347088,True
0.78104248500178042,13,1.6059273246006329,True
0.53410240785568464,11,1.1428786043596462,False
0.84500911133939927,14,1.5943759388084664,True
0.59165727911922705,12,1.4687279962565842,True
0.516290976717801,11,1.413778928006864,False
0.93579215718839392,15,1.6297414859263124,True
0.77860385498046369,13,1.6096328351944322,True
0.56742259313525434,11,1.5498581621993897,True
0.59128758103818302,11,1.5666077047875133,True
0.600724684698972,12,1.5356730703368231,True
0.62245806646567603,12,1.4894176635278278,True
0.96335680073003194,7,1.4721157302477959,True
0.58404538254563332,11,1.3301869512990374,True
0.56537508580327922,13,1.6809679869409841,True
0.59350210217385746,13,1.4078513178922449,True
0.61903750938743174,12,1.6200791689630556,True
0.49824495154141135,12,1.1390954449215889,False
0.62066543776263117,12,1.4680872218651131,True
0.61579361543200284,13,1.6823339803355821,True
0.55060681360508434,12,1.4759779041370125,False
0.64557208677441502,12,1.6232421950164126,True
0.5346662858436213,11,1.6360969405914905,True
0.68023206414433879,12,1.6162345517537295,True
0.74348952263383616,13,1.5559643292604721,True
0.61941650971612361,12,1.6323080562221362,True
0.62931500937565565,12,1.6628663637470673,True
0.6820181521015255,13,1.642723925169697,True
0.96990037463100121,8,1.6620048903369415,True
0.75969824235741523,13,1.6205701812804016,True
0.65182251598922347,12,1.601835806723463,True
0.51187725769644965,11,1.517761713442823,False
0.5446748318050203,11,1.4742441841321929,True
0.58554037543146031,12,1.5026173800487632,True
0.6536184151065173,12,1.5756036846650934,True
0.8125201889343151,14,1.4264369070088687,True
0.56340863836835342,12,1.5071170516678234,True
0.54443121448450271,11,0.93569862566017403,False
0.66680760734382893,12,1.5595398164694543,True
0.59333958139123932,12,1.3944382772943207,True
0.55233823482083366,11,0.99865368903408736,False
0.58288553765411877,12,1.384091066972609,False
0.57577733058759439,12,1.5729334160867903,True
0.51145019129821134,11,1.5297617218305823,True
0.78082667931386651,14,1.6008228008232266,True
0.63128742934758553,12,1.6835046350059308,True
0.57680491502689413,12,1.5544981635655701,False
0.57000388840867267,12,1.5523083266455173,True
0.95230688175570477,7,1.6548881451393385,True
0.55336688725974104,12,1.3191433351000883,False
0.7247528569047148,13,1.6370261716634313,True
0.6762873268349886,13,1.5633137080327859,True
0.78682437219692769,15,1.6065847454185873,True
0.54937756689403938,11,1.4443854546416428,False
0.71082106949965607,13,1.5280714465400413,True
0.74640175083286742,13,1.5532668985071922,True
0.63906099518745207,12,1.5717663108652744,True
0.7956413239860517,13,1.6928150775978108,True
0.69930145971412006,13,1.6582643437481619,True
0.59162723450019639,11,1.5686586944096954,True
0.62368301784577007,12,1.6616881708740832,True
0.62275868126158362,12,1.545764598083996,True
0.6160944264181758,11,1.5703779511097706,True
0.61043861248365372,12,1.525564134926984,True
0.60073500123673795,11,1.5318263612152594,True
0.85003031641880988,14,1.6122958818097042,True
0.6115368606243915,12,1.5778410924604862,True
0.56764686695475408,12,1.3555444176431,True
0.71135301799241701,12,1.6781263518144998,True
0.56326413022329169,11,1.5226514505800013,True
0.59444478923011279,12,1.5424826261001034,True
0.63151881605221105,13,1.5917741690774347,True
0.60459573774470132,12,1.5867701024866963,True
0.72009479883774918,13,1.5174409193958533,True
0.55249753201096086,11,1.4340732467929911,False
0.64936810428504577,13,1.6010049914599671,True
0.551116506735154,12,1.2697050055896681,True
0.59877385693681762,12,1.6753991681439828,True
0.58038966080932386,11,1.5310649500412861,True
0.68328985767212858,13,1.5778044427970046,True
0.6424799590734448,12,1.5937790260744606,True
0.51542156889039636,11,1.0287890403790507,False
0.52610239348250187,11,1.4431176539293593,False
0.49372616889543763,12,1.0406660650871131,False
0.53171807522377812,12,1.4584877145403612,False
0.60256449205183193,11,1.5045845166747234,True
0.53522983627600607,11,1.4961775043398449,True
0.55215147120886077,11,1.5978549862065736,True
0.73331213235014814,14,1.6197936766057381,True
0.52697735745016139,11,1.2371207239842517,False
0.57982063854853672,12,1.2982656463364688,False
0.50266897524185417,11,1.2774525942590365,True
0.55282205109264915,11,1.3987083689747344,False
0.59901117665051951,11,1.5030237450126551,True
0.60002980554285601,11,1.3785089619049851,False
0.6358602700736572,12,1.4698154597930451,True
0.57763500767662013,11,1.226498537582055,False
0.61431546867136344,11,1.6191375068642144,True
0.65127749139250102,12,1.2415477588572097,True
0.97696955275078212,7,1.4181698960779137,True
0.59738338971055571,12,1.5782096590896053,True
0.52870830207873321,11,1.3788513459672522,False
0.59008916648029508,12,1.6133284476419387,True
0.57529078976681869,11,1.4367888747274078,False
0.6273125364810207,13,1.4729332693343145,True
0.70813423238745377,13,1.506502791754349,True
0.58237006547503967,11,1.4749436307554631,True
0.58761200844649963,12,1.4824513778595121,True
0.61195840948174618,12,1.6044413392428696,True
0.7850622797229353,13,1.4094514055009979,True
0.63996805629710485,12,1.5950897029868079,True
0.64419513801179951,12,1.5385149815186849,True
0.53267486391751462,11,1.4927748018021119,False
0.66066016836576291,12,1.6787652768195005,True
0.80784051043357386,14,1.6433095142692837,True
0.66852128647318432,13,1.6273127393656466,True
0.66940909617947497,12,1.5306207563307153,True
0.51596683053177661,11,1.5055710340081652,True
0.66475256952349693,12,1.6806114123862597,True
0.53695980395208309,11,1.4881562870543548,False
0.66167572429945309,12,1.6226741796036632,True
0.74751202417354945,14,1.495909938022397,True
0.50493449448297556,11,1.5276705763758114,True
0.62971259811873959,12,1.440958645062107,True
0.77137618758770865,13,1.4237294345270313,True
0.51852272858652937,11,1.5162828342819121,False
0.82578874986318718,14,1.6541702142695771,True
0.49581349000023317,13,1.4327820529554935,False
0.72001021800019682,13,1.5346760397937966,True
0.59452269151791204,11,1.3375464495346192,False
0.5158873640717242,11,1.5705113038752296,True
0.54650232131991028,11,1.624350446110933,False
0.5413484942961494,11,1.4151422475022657,False
0.61609372097954407,12,1.6229867566660716,True
0.55750195569998529,11,1.4950264436911762,True
0.53353436945404165,11,1.4935416572253637,True
0.63833639486816318,13,1.6659839270982724,True
0.56334716812094832,11,1.4504286657603724,True
0.60147788037485517,11,1.6299739860194291,True
0.65698395139981391,12,1.6531966101902453,True
0.58624882524240984,12,1.2306098283806619,False
0.59598960090395037,12,1.2622886842655103,True
0.65620691296161937,13,1.5984382176281082,True
0.5554156560397574,11,1.5408950257867053,True
0.7850061272740928,13,1.5525324357928525,True
0.53513812057968113,11,1.411048127007511,False
0.8836658100241388,15,1.6493928407225134,True
0.5944937535963869,12,1.381942352508549,True
0.57979035703462367,12,1.335859156476791,False
0.56333706554725238,11,1.3819319749526859,False
0.6733297621066715,12,1.5066067241182768,True
0.58107823849958451,12,1.5575942327385572,True
0.79706075543059363,14,1.5631825271922251,True
0.58979064668876791,11,1.5968754153596481,True
0.61521581211917575,12,1.4680707577274843,True
0.55395450220960507,11,1.5117167730665437,True
0.60521617682808104,12,1.5502427686032922,True
0.62765017671504553,12,1.6220691934797473,True
0.53945154426189879,11,1.5998721947430947,True
0.69759237723586465,13,1.6412368545137579,True
0.60543085136995745,11,1.2928701425042084,False
0.57739675779165367,12,1.5605404769054252,True
0.65619003283096777,13,1.5073063282748864,True
0.78593768715153067,13,1.5273128459267584,True
0.54907162811323162,11,1.4530806731988555,True
0.63002088854956062,12,1.7066036987878634,True
0.97202518667999671,8,1.6164560957682854,True
0.56042528873136732,11,1.4570281031729142,True
0.52857406217133762,11,1.1507850024768518,False
0.59260492585643076,12,1.5693113969208647,True
0.57225807028915143,12,1.5455952756039335,True
0.53627987378255781,11,1.5041005179435638,False
0.54419648399604015,11,1.2521565992037624,False
0.68434676722381693,12,1.4486293766350768,True
0.60107862441260107,12,1.2467580872039996,False
0.52571667346831952,11,1.3837728451841993,True
0.4958584486686024,11,1.3540638243796757,False
0.5673075748550036,12,1.425699669842454,True
0.57935739712838363,12,1.4399113317142032,True
0.55791704070937009,11,1.3438407250302136,True
0.59974201330755528,11,1.4869328452445185,True
0.8846767736495702,15,1.604146737638066,True
0.64888119644271247,13,1.4900106770321964,True
0.78884148515195174,13,1.47329017550451,True
0.59995232895916717,12,1.5333005469902026,True
0.57608936754626772,12,1.5866671579397627,True
0.56667852191208223,12,1.5016855760280969,True
0.83994248016227291,14,1.6375805836649358,True
0.59770435041735737,11,1.4377758704223613,True
0.76791418811624634,13,1.6258559259077137,True
0.8155262396769748,14,1.6633853637476426,True
0.57573980800610081,12,1.553631971853747,True
0.68495555713998058,13,1.6558383823896545,True
0.67104980559959648,12,1.6944097056235554,True
0.63196435207465151,12,1.6208440325747189,True
0.57738053796127797,11,1.6161912436193269,True
0.52749071418540405,11,1.4751857571963496,False
0.5236456403548122,11,1.2013339722149667,False
0.54781702808441779,11,1.5181040026158741,True
0.72479912330968743,13,1.5639126079221148,True
0.84433966197422383,14,1.6293242514286335,True
0.52166732634566138,11,1.4684324352739824,True
0.67124237958281152,12,1.6753700088014496,True
0.49588783375303852,11,1.3702991319288393,False
0.73488155995116333,13,1.6661616556179613,True
0.62619928326688468,12,1.4136476693532436,True
0.55895105979157567,11,1.468172355735897,True
0.60000349983710388,12,1.5201452002578455,True
0.68603096939921415,13,1.5458044529294499,True
0.51562208327120784,11,1.4571616857604675,False
0.59570207944884135,13,1.4886942833896131,True
0.85346504880772933,13,1.5342270594725009,True
0.63913011469760783,12,1.6017189989538219,True
0.8575369346545435,15,1.6315925663278847,True
0.54354196378055819,11,1.2954717218253116,False
0.54891464621953823,12,1.4719054454528917,True
0.51026843109223086,11,1.4265993574519955,False
0.9297270210513604,15,1.661494082858568,True
0.62057555143559084,12,1.5938441948372055,True
0.68594486229049334,13,1.6664755033878575,True
0.60272896475185245,11,1.5536781242716244,True
0.69029456173926995,13,1.5377347891906152,True
0.63950165606146026,12,1.5474440325542593,True
0.66335983700169388,12,1.5923679411931781,True
0.54450182548393711,12,1.5930002344055059,True
0.51003328338982612,11,1.1896263921096943,False
0.54177869828330016,11,1.5396033131512805,False
0.53714594396089177,11,1.6371085007291502,True
0.54969374084775768,12,1.4590762790728957,True
0.57888235311114056,12,1.477885905295429,True
0.60214546224690169,12,1.5495888893668146,True
0.63065678409088333,12,1.4974685519399682,True
0.63727320574972002,12,1.6265099177785682,True
0.62702741875906898,12,1.6694852851439703,True
0.56121663709725045,11,1.6813016765110809,True
0.6044045255547964,12,1.6095611729967407,True
0.74548329421366588,13,1.6675646143022482,True
0.70134270121045328,12,1.5950203582643907,True
0.56249073148172757,11,1.3730297483387868,False
0.58385513685615309,12,1.4973643633530413,True
0.55900398794169415,12,1.5564619701854456,True
0.53030000955494694,11,1.5873913537622677,True
0.75403166920409515,13,1.6294370326924292,True
0.67966511485854153,13,1.5686808495174513,True
0.58756083336786258,12,1.5598541236649768,True
0.6873916770845413,12,1.5237907044885106,True
0.52854214408443856,11,1.3846386093469918,True
0.5644548053022358,12,1.3320722667923639,True
0.57159159707803298,11,1.3795321132133942,False
0.58946623675790399,11,1.5900849974090685,True
0.59466034521589661,11,1.2145009035278422,False
0.59766204113057086,11,1.4349246181185726,False
0.70399137879328899,13,1.6088198765330384,True
0.5786187448865131,11,1.4710763857605811,False
0.567783769786808,11,1.5289651571132041,True
0.61971698049980151,12,1.5485143770708565,True
0.59474141226917454,12,1.5973982092054908,True
0.56710610029204345,12,1.4983514853846063,True
0.57658862535504307,12,1.5547528957006622,True
0.57683553859970915,11,1.4477933342127083,True
0.61271864192006709,12,1.3468833081849989,True
0.55562427270896675,11,1.3023684977512588,False
0.6543921190389721,13,1.6197046037542249,True
0.60934154182520217,12,1.6243341484200435,True
0.48578501067669255,12,1.2721997041651467,False
0.61951697300917818,12,1.5423972966575936,True
0.58344958712923489,12,1.4012023532323363,False
0.50028039143775616,11,1.519931556483876,True
0.61705447817684989,12,1.547296300515641,True
0.70798943786504553,13,1.6123698447719232,True
0.72504526456348506,13,1.606160958827302,True
0.76213420205735039,13,1.6214742284912647,True
0.88160617808069364,14,1.6707665399165459,True
0.52337221258080591,12,1.4472035056819565,False
0.58213640796092103,12,1.4414651342911586,True
0.48996533842762519,12,1.2669253920671963,False
0.69578275427657776,13,1.7013985301999277,True
0.62544317762633317,12,1.6630406071124058,True
0.48847051582093265,11,1.3982893195528694,False
0.55194623373969498,12,1.3993350156666331,True
0.6565567306899095,12,1.6976764153534103,True
0.56160379557504081,11,1.5660560850644309,True
0.56253704314079733,12,1.3778779721347179,True
0.62602866199407015,12,1.6588348267680986,True
0.58374170446053064,12,1.3631192086136539,False
0.59823046716775019,12,1.4077920109367736,False
0.53867111484722685,11,1.3382869340812509,False
0.68511769540242085,12,1.3061330674005835,True
0.54545406328065082,11,1.5237171335575896,False
0.60329138763787937,12,1.5036306263061492,True
0.50849440775125376,11,1.6430121758936087,True
0.66027714064947196,12,1.5417158396955057,True
0.59367106076738385,12,1.5194626251657808,True
0.97988493488462902,7,1.6497347340043402,True
0.52558044594617026,11,1.4808926449427029,True
0.6685845905139961,12,1.439154614285078,True
0.96504542710438024,8,1.6389286466805311,True
0.66596789433361436,13,1.6510132463485829,True
0.59925428367545008,12,1.5367857582557476,True
0.79768487382958797,14,1.6494648559390084,True
0.65616961436450005,12,1.5183612748409878,True
0.65233263211346659,12,1.4768180963408355,True
0.6408713078667253,12,1.606306760289127,True
0.57315437526029922,12,1.3041668187767073,False
0.56639650889569915,12,1.583613435231352,True
0.64484920060384798,12,1.655582735663085,True
0.61037495074530279,12,1.2865171939914601,False
0.58145374134843708,11,1.622453799137402,True
0.62158886899767907,12,1.4475555409727481,True
0.54183955260136263,11,1.6161884699848903,True
0.57688353875091625,12,1.2956200735782983,False
0.58766783718161686,12,1.4215698587291681,False
0.56201924715488338,11,1.6254899868204866,True
0.52691431061961569,12,1.2709889773423151,False
0.50309580847249469,11,1.3215451241918663,False
0.528568320775756,11,1.499539344354093,False
0.83361054656422706,14,1.6130383891100972,True
0.58616688298442932,12,1.536037041151366,True
0.60302106864461813,12,1.5371988801577898,True
0.81278193882199912,14,1.6865880434619425,True
0.5737035342228457,12,1.5066131559505271,True
0.61476308485589848,12,1.5371939551302332,True
0.53289106716700618,11,1.4592859428174276,True
0.55885583453308085,11,1.5276698792015799,False
0.68719362744391121,12,1.377982280168742,False
0.69929795146944806,13,1.6547729475325841,True
0.73850184832303856,13,1.6228250590370685,True
0.48835667435844643,11,1.3953073767006521,False
0.58285370135901959,11,1.4116935083195647,False
0.74998269784369653,13,1.585586348661103,True
0.7502794422933321,13,1.6261374863539806,True
0.59098668372426311,11,1.6590907551601299,True
0.61012805778208823,12,1.6085281491542276,True
0.62136912863036142,12,1.4463243909699739,True
0.56866317746804329,11,1.4946203926213184,False
0.74113834403102508,13,1.616629666486542,True
0.75652583436562382,13,1.5722127244090414,True
0.5483629719951727,12,1.2827259801907569,False
0.58776101559126881,11,1.5126137114247169,True
0.66076206971253371,13,1.6152674750926985,True
0.57107131581099912,11,1.5971414276963816,True
0.54782586659241306,11,1.0793883778268771,False
0.66347424415458234,12,1.5419724227487304,True
0.57625796750740499,11,1.1356700340618955,False
0.66340617221613696,13,1.4829171179411613,True
0.69283113340422542,12,1.5853032985374922,True
0.57816559061612716,11,1.4685293958498502,True
0.95873520987195759,7,1.5504653915510795,True
0.60089343710269816,12,1.5467450995862411,True
0.54399238530441218,11,1.3257319839657833,False
0.53394875677721931,11,1.4870944894598068,True
0.53853700207212885,11,1.231572118385927,True
0.74878600514905602,13,1.6812501353470559,True
0.64579167686760541,12,1.503203925478183,True
0.55915807940042594,11,1.4624165603402079,True
0.75128999739951396,13,1.5741434532164809,True
0.77253541396695791,13,1.6596075127060144,True
0.54786467131317129,11,1.5430618260224178,False
0.52434485276298481,11,1.5847462117228714,True
0.58939290253035004,12,1.6674557096963323,True
0.49338504172481995,11,1.1188956863671649,False
0.60007733773544958,12,1.5661690545759652,True
0.5167564812785459,11,1.1108161144676516,False
0.59312925442425324,12,1.4553328853950909,True
0.65584719649580525,12,1.5000184637389418,True
0.88237551204585107,15,1.6099276389630452,True
0.57456489017175283,12,1.5445383246670192,True
0.55107310767094986,12,1.3859925749824102,True
0.53032749088641684,11,1.3766712089870154,False
0.76973299342138934,13,1.668950901188774,True
0.76880144576220877,13,1.6568369621275214,True
0.67306250527024658,12,1.637518357211641,True
0.80654481667756095,13,1.4403883899391625,True
0.49976873706720654,11,1.3487130339294595,False
0.67191982345768508,12,1.6324152368708473,True
0.56000341481677474,12,1.4788296669911252,False
0.58146175860506177,12,1.5750991566153194,True
0.5253728843266936,11,1.5695391195094415,True
0.63697492956154722,12,1.6750043171355284,True
0.59311175931123217,11,1.5477380410982164,True
0.60849138876700015,12,1.6484846766311383,True
0.61359547248864688,11,1.483632361107009,False
0.65387646772634911,13,1.5709476698953713,True
0.4985462003809038,11,1.3113569121849098,False
0.62629831879496412,12,1.5853169304238361,True
0.53441213211748795,11,1.4188976821853283,True
0.55190212031724972,11,1.5258827503419474,False
0.59472199299806117,12,1.4742169314408913,True
0.68083103052567195,13,1.6334269789170353,True
0.60085841464860246,12,1.6436369425343973,True
0.52856580789286989,11,1.5140031651884482,True
0.60241659339400555,12,1.4561937095305608,True
0.50611259202711878,11,1.5211828527764117,True
0.58095152553960194,12,1.4029182830817737,True
0.70542123623057562,13,1.6056603485307748,True
0.62906269885750432,12,1.667879098626937,True
0.61291962996842952,12,1.419832941090347,True
0.6414005223973418,13,1.4959014090650735,True
0.6313901111251069,12,1.2899054451688141,True
0.61675770867498958,12,1.6239909425137067,True
0.85280459619459814,14,1.6028691547453064,True
0.59315579165170651,11,1.5353526177493242,True
0.66551296302533702,12,1.2859019636349089,False
0.66438688813324387,12,1.6639086984609612,True
0.56646661602497606,12,1.4249980271594025,False
0.53772571151852266,11,1.4715244411044808,False
0.52679898631844224,11,1.270330542567405,False
0.71990792073631704,13,1.6696807666850029,True
0.56307515453332646,12,1.5246200323092909,True
0.76298952184001245,14,1.5785025469965976,True
0.50625710291811155,11,1.3068790288871308,False
0.78196349114948138,14,1.6630833252074471,True
0.5635787606412479,12,1.6016520077387153,True
0.6246900698789013,12,1.5643995055175044,True
0.59537068317513098,12,1.5744968422924168,True
0.58234908487350734,11,1.5238070270349233,True
0.77812492369079123,14,1.6787693460502033,True
0.61828424689508221,12,1.6907209933509919,True
0.58850724237637719,12,1.5076612494853567,True
0.59401394006160868,12,1.3968049684911517,False
0.51456043797344908,11,1.3859250374103482,False
0.80554636885143516,13,1.5240411514431256,True
0.88218721163712743,15,1.5930720643190162,True
0.66200801779559293,12,1.630376724949647,True
0.58525413245327917,11,1.4486138545331964,False
0.56185733801188831,11,1.5482554755620428,True
0.72627515213052507,13,1.3931818355522081,True
0.57255937848039218,11,1.6375972326910042,True
0.61079296621187784,11,1.6438747090605805,True
0.59510325864301961,11,1.3731589921694969,False
0.79384459041357047,14,1.649631993618341,True
0.70414181365199624,12,1.6300888018951418,True
0.61671540281786719,12,1.5988075116116209,True
0.68592559515696427,12,1.4768654015641223,True
0.58541026816627861,12,1.3793019715137607,True
0.86045022226147649,14,1.6677235463249429,True
0.57547969506893548,11,1.5775885253678654,True
0.74702601315754757,13,1.6572739076947347,True
0.66619935337855107,12,1.5852827660811171,True
0.51680850421416857,11,1.2635689541730826,False
0.5017463683959098,11,1.4082818785233457,False
0.64871021147424679,12,1.5077428292104207,True
0.88639243445853544,15,1.6431357929460988,True
0.6194743814392929,12,1.4262519639876972,True
0.48922819405369211,11,1.4533548691490987,False
0.68511460528065726,13,1.5875971000234861,True
0.63329226993577736,12,1.6227979478188499,True
0.57303675203824755,12,1.5639912885803209,True
0.5267313025258038,11,1.4380290101753355,True
0.62841660318575554,12,1.5586396301607992,True
0.65388520130897887,12,1.6374660483062178,True
0.61888917009706912,12,1.53349070745303,True
0.49152836774172654,11,1.2866110489581533,False
0.58075767594237238,12,1.3342867498167952,False
0.58059060311554822,12,1.4676264607974296,False
0.53809179460396384,11,1.4308961597249448,True
0.95754169642515252,7,1.6485360833646474,True
0.63882586392670071,12,1.5777029099068023,True
0.57307055123653816,11,1.5643025330641604,True
0.5845837440813948,12,1.5530694493003909,True
0.60643248373721215,12,1.5045736811356831,True
0.63546362651056565,12,1.6902179683061267,True
0.53818078770135813,11,1.450911288651747,False
0.58718550126671842,11,1.4793220269651837,True
0.6005556441244092,12,1.5427145582624582,True
0.64646277920499218,12,1.6616572879260139,True
0.62088081115455507,12,1.3166398118981002,True
0.63487833315335773,11,1.5912315716524095,True
0.5848809951520938,11,1.3608885022545341,True
0.63095391674945633,12,1.6250073678791519,True
0.65196286475441168,12,1.529300728209759,True
0.80536653239082423,14,1.4631795316064979,True
0.84490824040495593,14,1.6630602814149376,True
0.60856305059739946,11,1.581905287722738,True
0.78347591467522915,14,1.6477652710386075,True
0.76160714317341049,13,1.6911772351678773,True
0.52440512065055278,12,1.3933228615618645,False
0.53694890750280888,11,1.5655230056755698,True
0.61489123105534016,11,1.3311400510233609,False
0.56421678560131872,11,1.5697086129091589,True
0.54301133340301311,12,1.2827444592397843,False
0.58945620595260684,12,1.6699627802423667,True
0.57709430191347744,11,1.4091341802715016,False
0.57111099037360125,12,1.4172585904799131,True
0.57866171388407883,12,1.5605315586884934,True
0.94786638719497018,16,1.5787481859915198,True
0.59337038195911462,12,1.4263461528772436,True
0.57321557254443711,11,1.5650989166721314,True
0.54121659980886505,12,1.5806294824620926,True
0.62624076033047948,12,1.6053474942181352,True
0.65062223450570389,12,1.6335333737546696,True
0.60735606180247637,12,1.1332511935054306,False
0.52343845914458531,11,1.4268275207951095,True
0.61947113232002093,12,1.670973676119337,True
0.57212864961632559,11,1.5934709764947894,True
0.58368243287760313,11,1.6387827092761305,True
0.89248411269838812,15,1.6185600067360244,True
0.62143172263463942,12,1.5056431827392682,True
0.52482709687723461,11,1.3019134459612864,False
0.69060114533695638,13,1.6892292317019759,True
0.60453298722962456,11,1.6545286457305446,True
0.79840613088081624,14,1.493436754090534,True
0.75160013002779658,13,1.5466594182868909,True
0.79857737913575433,13,1.5913900633585365,True
0.58871534338858866,11,1.4252746004713679,True
0.54314832898792709,11,1.5037820922029494,False
0.59483860741919659,12,1.6296680571288127,True
0.6116853733165738,11,1.2822888929799476,True
0.55207320409152727,11,1.481591054449461,True
0.7690210750558929,13,1.6472330650659273,True
0.79464427799474768,14,1.6100959850367675,True
0.56342765532132522,11,1.5594146486829032,True
0.53235932728558455,11,1.5531434720593174,True
0.58457630913525194,12,1.5975653594141117,True
0.55733668918246448,12,1.4554427521001205,True
0.67640506585997895,12,1.5269352773379621,True
0.56495263083579206,11,1.532250398259229,False
0.56989707722473848,12,1.4780563895801009,True
0.75870964446881062,13,1.6747437496835025,True
0.72996010366088748,13,1.6284391837016479,True
0.53914919984624898,11,1.5497110117871475,False
0.70722321398284538,13,1.6420566742319793,True
0.61982910752664822,11,1.5781460843177197,True
0.63140678124059857,12,1.6942709087153593,True
0.50399906268916561,11,1.5504026698380764,False
0.66404471987710301,12,1.5757075817949,True
0.60354196379102454,12,1.6551797454183386,True
0.73780668057770316,13,1.4077248071449149,True
0.65248058443919299,12,1.6492123865199444,True
0.57079003257766769,12,1.464769872234817,True
0.93688790456982018,15,1.5230187958273762,True
0.67644201656093617,12,1.618464495459317,True
0.7853973998657644,14,1.6234703945474647,True
0.61279310635756934,12,1.2378529229325941,True
0.49712114196517138,11,1.4993124208402129,False
0.7374752381197166,14,1.6733549783919184,True
0.52725979229492193,11,1.301890379641371,False
0.75891263310591028,13,1.6573437841118326,True
0.6394080665257128,12,1.4662303418060847,True
0.6401709023799127,12,1.5893654066304042,True
0.5240627354773697,11,1.423947517656827,False
0.58560265135211054,12,1.5523743890152497,True
0.68821681556713921,13,1.6135248805998641,True
0.91362071003746714,15,1.5450130486968729,True
0.69235384891860985,13,1.6309363188392969,True
0.47182352060944038,11,0.97043893546645787,False
0.50354492362809511,11,1.3550347096622426,False
0.62942052327704512,12,1.4121998346039759,False
0.63983498228420466,12,1.6482410153676423,True
0.67971183511094224,13,1.5949057227427397,True
0.50863490774044784,12,1.337267292502579,False
0.66090734017390407,12,1.5217601418753017,True
0.66651590971636265,13,1.5664579055756596,True
0.54970722549912332,12,1.2047902208813019,False
0.5814092137267407,12,1.5378924621749914,True
0.69988491595174218,13,1.6185458825140617,True
0.57293470345788089,11,1.3383932312687807,False
0.91681084344511909,15,1.5583768790273334,True
0.71077439635571626,13,1.6516544171913141,True
0.70645494900382699,13,1.3670734814057324,True
0.51880814781310081,11,1.5419011085699144,True
0.6070510923858119,12,1.5543587003751651,True
0.68081746944014365,13,1.6363049950957169,True
0.53076733669372234,10,1.6015009325788552,True
0.53312922361138482,11,1.3314691965507106,False
0.56326360746512949,12,1.326858584831476,False
0.56998014417802412,11,1.4625309271364548,True
0.59222121043606857,12,1.4953576849746641,True
0.56090929526121247,12,1.4591867413220412,True
0.59427753593601096,12,1.4245420295325617,True
0.64611777697875294,12,1.5411518847447121,True
0.55946524928963992,12,1.6065643225012713,True
0.69689307980466164,13,1.4800060315544985,True
0.64172254364060588,12,1.5416166809787275,True
0.49297324772749979,12,1.3064115937164089,False
0.51431823246719155,12,1.0952178164482742,False
0.59952586555194487,12,1.5976819942120499,True
0.63295316103824473,12,1.5875651042167809,True
0.61010477379472028,11,1.5489445178077177,True
0.54341063493714536,11,1.6236910760236807,True
0.57733261918125101,11,1.6456886309797558,True
0.64002717253231955,13,1.5649336811498296,True
0.55699737647913439,11,1.5392215272035836,True
0.95200138261611711,6,1.5820793495343439,True
0.60606936311299919,12,1.4966710746791929,True
0.63353330464146207,12,1.583624511703857,True
0.7319336197386952,13,1.6710468942791084,True
0.68409071350334139,13,1.5193435301095961,True
0.77764722235254991,14,1.6082457572073963,True
0.50282969974959602,11,1.3043596544293563,False
0.59045115928963166,12,1.5617175284890557,True
0.66032077139402645,12,1.2590014605608144,False
0.50093881906921389,11,1.5872342559498813,False
0.54187609573895013,11,1.3532379697247672,False
0.71854526673304653,13,1.5712340491952133,True
0.52990658456581774,12,1.4780278851541873,False
0.80446958433787075,13,1.5560531720609596,True
0.57408971047221391,11,1.4433784569169583,False
0.59590451831572999,12,1.5686624092088062,True
0.54277164463240202,12,1.5477606362326288,True
0.6277097902250427,12,1.6637949867309485,True
0.7661393572445141,13,1.5557639648135282,True
0.60593950486675796,12,1.6152887617983374,True
0.66538543787098781,13,1.4443621807534823,True
0.69236324751893852,13,1.6875147345218957,True
0.61294488120948765,12,1.4731241935443313,True
0.57732959482600521,11,1.6266015721538825,True
0.7401880826133026,13,1.3027880769278988,True
0.63229121100392471,12,1.5289276003747707,True
0.59954782733008727,12,1.5436621021656705,True
0.59531056883480604,12,1.6378048761881969,True
0.53044278881916518,12,1.2327878425879999,True
0.60255921479692098,12,1.6495605337059636,True
0.8359613067419388,15,1.6840521365622436,True
0.58007071932328857,11,1.2505523708678239,False
0.66474974382775354,13,1.5775086035750878,True
0.69925406894271891,13,1.4738763797928278,True
0.60043805621759039,12,1.5260092817014506,True
0.78839718869292197,13,1.5790754954413577,True
0.68850792705864461,13,1.5160780185054175,True
0.96222564856051673,7,1.4811778257248231,True
0.71234582378105349,13,1.6785337352951744,True
0.59251763936145785,12,1.6220851366605338,True
0.68925522545937279,13,1.5993568702429886,True
0.51481756007177815,11,1.4267514878786069,False
0.55324563606371924,11,1.5678414686652196,True
0.55452631873917391,12,1.4878298223223252,True
0.57415078945093079,11,1.4573716894060231,True
0.59740469851890454,11,1.4868687594182506,True
0.80521770634765832,13,1.5831267088494734,True
0.54871400470212262,11,1.4717140057791862,False
0.64290673567383405,12,1.6224769666640475,True
0.77454934409470455,13,1.6665361323966488,True
0.60944760843960244,12,1.3793741861584894,True
0.5579815399236524,12,1.3969129754426535,False
0.5894552012683264,11,1.470768670542306,True
0.67214543635647572,13,1.5608207939358381,True
0.62403853893400618,12,1.6443861468283649,True
0.63804734742527414,12,1.6710555371132956,True
0.47609891331101289,11,1.3661797376732694,False
0.64576175040285499,12,1.6350463385380505,True
0.60757873261502027,12,1.6288193662562573,True
0.59517863693807815,11,1.6489344342190224,True
0.56427905799330325,11,1.4503877857865388,True
0.64940406119565308,12,1.5953212926404714,True
0.56943524380684862,12,1.5207815033697702,True
0.61146010322422739,12,1.3199485974398351,True
0.64306797731335152,12,1.610011876482027,True
0.54982517918972806,12,1.5581325549087313,True
0.8181638640182628,14,1.6879399368731702,True
0.73568488843483049,13,1.6239983395583917,True
0.66044256776581312,12,1.4993613724357491,True
0.63318471914088637,12,1.5725731384676855,True
0.55407269191736397,13,1.50097950751899,True
0.54621571087460608,12,1.5262469227481097,True
0.60230725778331928,12,1.4318118763490297,True
0.65733210604331749,12,1.6568947204500277,True
0.6740184131001522,12,1.4620284147495921,True
0.64039267776226705,12,1.5428007152781538,True
0.57127006064198893,12,1.0606283486769892,False
0.60324418893902798,12,1.6254891839717862,True
0.61475035495497499,12,1.5758063332508903,True
0.8644115758379598,14,1.6560236555007515,True
0.58819058076039477,12,1.631412691960914,True
0.70209955860096751,12,1.451086622941459,True
0.59286485053589943,12,1.573325828804123,True
0.55870336686509736,12,1.6132140432256588,True
0.61921572051211582,12,1.6440777793146684,True
0.49094463722627979,11,1.2826486526511272,False
0.53689263902470086,11,1.2991224443804099,False
0.62765640912537091,13,1.5164706063038822,True
0.60032775814394757,12,1.6364645827876656,True
0.5508943401728168,11,1.639549200714769,True
0.891418958675815,15,1.572763478215609,True
0.59488671358509493,12,1.5408118659121925,True
0.58288993932010358,12,1.2297121456612314,False
0.55960573473429953,12,1.6481360889057646,True
0.70933321239938008,13,1.5994790675626966,True
0.72752129904932983,13,1.6029416664209668,True
0.62398750327481989,12,1.412344329798114,True
0.64222537683609782,13,1.6068377344308438,True
0.59054746276943459,12,1.6282913434018196,True
0.69081203696868565,12,1.581905558862303,True
0.4979701754378521,12,1.3598259268198905,False
0.78800196753279761,14,1.6311682767087947,True
0.74673734830328087,12,1.6696524499588514,True
0.68828713494403271,13,1.6716749935468074,True
0.55898303281337336,12,1.5474166841344716,True
0.93243528604720649,15,1.5450935182547034,True
0.70062392239985993,13,1.5958819108156241,True
0.6648682902878944,13,1.5884679167206526,True
0.60227864349709193,11,1.5628911182450562,True
0.55035979941553503,12,1.3312719675425859,False
0.52048035601721265,11,1.5401269087388008,True
0.94926926459467642,16,1.6142853220768394,True
0.6375023324195499,12,1.639888982318777,True
0.62596274838067678,12,1.5705353208532673,True
0.6811705648508698,12,1.592786886793996,True
0.51055670616642901,12,1.4608465929430026,False
0.6968560713778218,12,1.6754145282303559,True
0.6858446252422894,12,1.5809661802214534,True
0.74606940268565125,13,1.4753486062366536,True
0.51299462342806557,11,1.4816772208850102,False
0.8426608062280001,14,1.6565431674123965,True
0.57933086247247501,11,1.5133933569126674,True
0.58928150242252275,12,1.5820949696418811,True
0.659782669272029,12,1.6528851795003963,True
0.51779912216350543,11,1.4988175516398761,False
0.62965904254136096,12,1.5942382053440523,True
0.82481837791159751,14,1.464479886292644,True
0.66208328127335714,13,1.6332819528317708,True
0.64105021504423909,12,1.671705935077852,True
0.5695958334616128,11,1.6144916882628249,True
0.8010989921545556,13,1.5605286914155392,True
0.59949559485704396,12,1.3578195263784258,True
0.86594277365530481,14,1.6299828450138796,True
0.764747338543175,13,1.6169264636300977,True
0.62589431647645966,12,1.6592375449717902,True
0.66381986949321981,12,1.5549106020552355,True
0.56029750146443147,11,1.483517057028414,False
0.63134349322806971,12,1.4375966482505873,False
0.72899686573304179,13,1.4967027475880808,True
0.52019914269401168,12,1.4101769451107964,False
0.59693331810455252,11,1.6134766863277874,True
0.79068432330572291,14,1.652904406316855,True
0.69315709218308508,13,1.5406238602973477,True
0.96859265048838838,8,1.5871111713883199,True
0.65493986239249824,12,1.6477540686674614,True
0.58178054984689109,11,1.1437077916506684,False
0.57084372349653156,12,1.382517475058622,False
0.52189299087829955,11,1.5769838042808597,True
0.51793720294491108,11,1.4590407455297336,False
0.70049393956197203,13,1.623315658933256,True
0.53088297812928131,11,1.3639030672858063,False
0.63025422146235566,13,1.6621102373299519,True
0.60573635248046853,12,1.4286770170826226,True
0.75754551930160297,13,1.5659884468533165,True
0.56158572091926984,11,1.5706288445346992,False
0.69307684860064867,13,1.6269507218963348,True
0.66318015411927322,13,1.6367809593920488,True
0.81475036340425933,14,1.5994484552990393,True
0.57850249312435365,12,1.47999251309747,True
0.69325843829781741,13,1.6049444985396892,True
0.81400600709120008,13,1.5430916124707037,True
0.61127465449606677,12,1.6198670324988096,True
0.53871252994914709,11,1.5497147970117537,True
0.52989349144722564,12,1.4234259022853286,True
0.78136019830923464,14,1.6868075934552669,True
0.66174798809697699,13,1.612298186699463,True
0.50620281448260163,12,1.2568274055067692,False
0.51762747933366593,11,1.5305605835774925,True
0.65065218086916343,12,1.4754589200979464,True
0.83678818410211497,13,1.6092277381861335,True
0.78358265420262097,14,1.6571354517415551,True
0.70142709237223921,13,1.6575837644691194,True
0.63894350583449899,12,1.309879654599484,True
0.59569701775791051,11,1.6044925211103023,True
0.592048575599465,11,1.3046378191380315,True
0.5815257724303482,11,1.4797708203343316,True
0.63359967580301091,12,1.6635661860884741,True
0.55113362003453392,12,1.5556726514792072,True
0.6384605410778279,12,1.337245027009704,True
0.79581087257143779,13,1.6141956939147324,True
0.50874559571078026,11,1.1710288268865063,False
0.61121244302584088,12,1.4387026403356964,True
0.56509084654135955,12,1.610713209223825,True
0.62030640124997471,12,1.5798299653010295,True
0.77082735112456291,13,1.6908100007454931,True
0.65179130928263496,13,1.5734672986039264,True
0.60342518159514513,12,1.5786326417894698,True
0.58026656345109073,11,1.5981278430961667,True
0.58590839069734846,12,1.4493076463069734,True
0.50809455119044789,11,1.3716545787265251,False
0.65749248998020071,12,1.546829733358035,True
0.61223942237350681,12,1.4985539930428811,True
0.55228302886361713,11,1.4756746017569589,False
0.76053480566115605,13,1.6160253517359855,True
0.90332327926882827,15,1.6138311606835336,True
0.60485906916086474,12,1.5004620351500133,True
0.50649391326350457,11,1.5201462801607795,True
0.54299962380662803,12,1.2746581091941322,False
0.58947161827092209,11,1.5036492612466692,False
0.67333363591125461,12,1.5746681747892748,True
0.52814933710345557,12,1.3803832812073642,False
0.54252583761973106,11,1.5004720689744682,False
0.85559696277482866,13,1.6968486114637842,True
0.82540156828691458,14,1.6338286402665416,True
0.56100822929439309,12,1.2206676910052685,True
0.49591558626482451,11,1.3812507503099463,False
0.83434067081709307,13,1.6023950639056743,True
0.75472792181445758,13,1.6407649344465476,True
0.60730327850491661,12,1.5070398875502169,True
0.6162882566892337,12,1.590323484166273,True
0.69990756200571391,12,1.5799235140657715,True
0.64589705606099324,12,1.5009387262400402,True
0.65012108399824975,12,1.6301393316381059,True
0.95713315887591521,7,1.6353101243483454,True
0.60767724988163685,12,1.6105537636408396,True
0.73069390169494108,13,1.6160852560438432,True
0.62459820133676947,12,1.4163358605660776,True
0.59359041289982262,11,1.5718212270468241,False
0.48333569870187942,11,1.4960211159159205,False
0.54984436542670478,12,1.4764761580321801,True
0.66956636810124048,13,1.6734469549342708,True
0.51165401143017497,11,1.5114384994375361,True
0.71151060328307447,13,1.5781389838356636,True
0.73545465272465804,13,1.5400541165960668,True
0.65118923543770935,12,1.6290714584124439,True
0.61187754798300287,12,1.5689643283387287,True
0.68659658469426388,12,1.7018949031634132,True
0.59598658448844788,11,1.6563731428940716,True
0.80018094151762986,14,1.5810864785435008,True
0.53916822520215735,11,1.289962550339036,False
0.52518111560477476,11,1.1213300032262061,False
0.58081462872616429,13,1.6198096101002311,True
0.69171140857440316,12,1.6157650659395324,True
0.57396534182119574,11,1.4770304774239751,True
0.6644790718522674,13,1.568666618706541,True
0.5598624499446101,11,1.5890982607399375,True
0.73101092902715414,13,1.4104091063183339,True
0.54479532052114343,11,1.3141185209323378,False
0.69814428192355482,13,1.3457886602582461,False
0.59888331142185602,12,1.6513950396791857,True
0.60933923110030741,11,1.3249460950540433,False
0.58419044389707508,11,1.236323387617406,False
0.58646869860886353,11,1.4187856294249082,True
0.58722450089233524,11,1.430099345567025,False
0.56426437356646331,11,1.5789066788211032,True
0.64710063786238936,12,1.2720017863096083,True
0.56195005087942229,11,1.4012842018632823,False
0.56551855222310932,11,1.608550678416353,True
0.59893648080816708,12,1.1758208055229959,False
0.67914692033727253,12,1.6188708373815652,True
0.5450743583871549,12,1.320689184531914,True
0.61494865059542647,12,1.5456580010004191,True
0.63710548861548355,12,1.6123741813128971,True
0.56923370864987188,11,1.3177665836045509,False
0.60427128226674487,12,1.4471402885969731,True
0.90799510538015848,15,1.6688802135483383,True
0.55037499989895322,11,1.4925825018573264,False
0.47798225301427089,11,1.3674373840595067,False
0.63552661438964742,12,1.4641692273403293,True
0.60240985935466684,12,1.4047027430854198,True
0.80554876619665539,14,1.613263268220849,True
0.52070454004773492,11,1.3848317761053821,True
0.60336545636520078,11,1.3618761166406341,True
0.57012249973285734,11,1.613065775381233,True
0.69883813466845535,12,1.6264067053851827,True
0.56798459554666503,11,1.6380543238905969,True
0.64007202259132023,11,1.6814859215715223,True
0.64850782571245635,13,1.5966992222871741,True
0.59352342206986142,12,1.3077691027227278,False
0.61538580735849224,11,1.6617185588062717,True
0.59475899768752727,12,1.5752070654423105,True
0.6310186290321983,12,1.4583617385114429,True
0.5553709412112473,11,1.3806141431774723,False
0.59332407846111845,11,1.5515798913271219,True
0.58547162896028992,12,1.4534413076161465,True
0.60293075467044632,12,1.5268594078231239,True
0.58904135519512812,11,1.546311042330994,True
0.58215921702838258,12,1.3071679169062125,False
0.59763667770484341,12,1.2125484437498728,False
0.950880553596123,6,1.6477457918735556,True
0.55708690324510513,11,1.5547878097407597,False
0.65307788968237879,12,1.4468849039081055,True
0.58143963652591735,12,1.653132477933172,True
0.53510244815627073,11,1.4563724066788577,True
0.51572093799778584,11,1.5564203697991745,True
0.55588259450621025,12,1.4613511426146668,True
0.73204977592476339,12,1.6010155647091031,True
0.57718256171876603,11,1.3202560494532667,False
0.95544246214041895,9,1.4997997441975979,True
0.83839342622565505,15,1.6024318697368345,True
0.64826389961509467,12,1.5333963602883061,True
0.64894980455821827,12,1.5286100164454277,True
0.57327578416766956,12,1.3505832610823678,False
0.73576291497197133,13,1.7090467826768014,True
0.593204103057971,12,1.6515709065072246,True
0.57667377362840766,11,1.2297306197099849,False
0.86838950606497589,14,1.4694436252387937,True
0.6230963925545816,12,1.6319704327041433,True
0.63155168642579673,12,1.4524186269660195,True
0.52738075692607189,12,1.6177767545169657,True
0.57975053611736194,12,1.4562875982301049,True
0.56106096796861438,11,1.4768923951567128,True
0.59670743640056645,12,1.6583639782142054,True
0.55206728657872439,11,1.5261024098701601,True
0.81279131945101524,13,1.6913475461029517,True
0.68007031311476174,13,1.5533516120348139,True
0.6175721357765509,11,1.3998113907443632,True
0.63908674635441165,12,1.5517686935471049,True
0.58687924029520966,11,1.4705236300954934,False
0.60320523981890817,12,1.647078078633186,True
0.72821219185147468,13,1.6830028777849324,True
0.5492429814085853,11,1.4394780134380709,False
0.7926949614633918,13,1.6338858945356691,True
0.6739681710553681,13,1.6299415641776001,True
0.57729614978067978,12,1.3008819023508555,False
0.52298364713871337,11,1.6214907992040191,True
0.59292377572445754,12,1.6225550193460236,True
0.55849067577107281,11,1.6720394748450591,True
0.71612112945168083,13,1.6579210305661702,True
0.55277249298836084,11,1.4402265545077919,True
0.52956917346984267,11,1.1657825946415892,False
0.48849401462706515,11,1.361322431158293,False
0.55869671980528779,11,1.3807297081074301,False
0.56030439382928754,11,1.0993358191540847,False
0.60168896552970041,12,1.5821451108531404,True
0.72561945855271892,13,1.5036081516677806,True
0.59600676299895272,11,1.6391126697169618,True
0.89788128724270533,15,1.6246367658366492,True
0.59470742624766404,12,1.5763636909251131,True
0.63946864880022047,12,1.4200374937784903,True
0.56281417754111362,12,1.5952997510158617,True
0.47878678833513616,11,1.4172143182731818,False
0.63843803614277972,12,1.6109312158561468,True
0.64412737302745737,12,1.6412239753704465,True
0.58683541016645224,10,1.2088229128977261,True
0.52178231448292267,11,1.4852592155541053,True
0.71218279286594366,13,1.3842286871432439,True
0.51512026574484626,11,1.3312327753397633,True
0.55485638960697325,12,1.1120358142193159,False
0.66885096626110485,13,1.6160759387900872,True
0.57806035272452871,12,1.504656478747308,True
0.58572996051199466,12,1.583737683584356,True
