0.57855123067601921,12,1.4961227177672436,True
0.6263026371697018,13,1.403258928217016,True
0.62694624609624039,13,1.5104011206071968,True
0.60278888251480012,14,1.6108017111180863,True
0.54459642075379588,13,1.2573720253562934,False
0.70681625515548241,14,1.5370378704377601,True
0.98005734586932991,10,1.6859052045995579,True
0.96169533767547688,9,1.6855300910910762,True
0.61090491339087294,13,1.5346390888542853,True
0.95759262823866642,9,1.606524136946786,True
0.61344997843875348,12,1.365002769502967,False
0.817045794849657,16,1.6483173677836886,True
0.60020296241170978,14,1.4692663659146175,True
0.67298890911242926,14,1.6607804561992041,True
0.96695199910167584,9,1.5149240239898947,True
0.56344571680893119,13,1.4069656486877924,True
0.57605081357516141,12,1.5711116172821489,False
0.61860580927041553,13,1.4673227461229505,False
0.60381526554784137,13,1.5431557267665119,True
0.56363555336045612,13,1.1263368076840239,False
0.83782657820791251,16,1.4964772655489438,True
0.61771865028387318,13,1.5742461690380796,True
0.61410544424305524,13,1.5590194434614804,True
0.92566484824307238,18,1.5020498918653538,True
0.74593907244663438,15,1.7068366484752677,True
0.5712285157628213,13,1.3341768029259824,False
0.95970454688315854,8,1.6669083060736563,True
0.53811601356169325,12,1.4332731668413818,True
0.58246383775620425,12,1.56702120275076,True
0.66677118671786784,14,1.464728405850261,True
0.53174564589101336,12,1.4044084359586684,False
0.52802350272590381,12,1.1770338384961809,False
0.45435503318800768,13,1.2454303916102769,False
0.72384667722096185,15,1.4317348065882589,True
0.56321252919413145,13,1.5457100429545922,True
0.68992963880747449,14,1.46559603080833,True
0.57090984632770647,13,1.4732985212173602,True
0.66236033960367369,14,1.5101656802068208,True
0.87089706846810455,17,1.6146200045508532,True
0.71408572861568842,15,1.524660627731472,True
0.52461402683491498,12,1.5695192294976517,True
0.60892439543964405,14,1.6193568609649829,True
0.57804559314105086,13,1.471475511870314,True
0.7382114648943805,14,1.430288043486412,True
0.55286120067233457,13,1.3937201877274423,False
0.97547441926576761,9,1.7131407411793433,True
0.63141942109589633,14,1.6299090106182881,True
0.70317742695479879,15,1.6349160927908115,True
0.71406033666927904,14,1.6707685037109141,True
0.69285192827967412,14,1.657663899411411,True
0.67030571742896339,14,1.4485827980082355,True
0.64162455671868701,14,1.5872668478247713,True
0.95800920294724257,8,1.6042484359519151,True
0.67476555598306298,14,1.6336579148520396,True
0.61690388500144977,14,1.5802309557232659,True
0.72770580087471148,15,1.6188706675473776,True
0.64464938028380669,14,1.6187351048242273,True
0.55904994002516961,12,1.5889681890636673,True
0.78507427974011545,16,1.5790591428545693,True
0.58292136134637929,13,1.2993917013395269,False
0.68210330664883234,15,1.6108717609508718,True
0.59162975094182313,12,1.468567304646837,True
0.59431615372740743,12,1.4581579983475044,True
0.7079108258372484,15,1.656401438402026,True
0.58055885743645141,13,1.4640150553448974,False
0.69429142817039002,14,1.5243741439866463,True
0.55467970301409808,13,1.5195504681577126,True
0.96428763039890941,10,1.5965411145126802,True
0.71182270541315007,14,1.5734876147919661,True
0.53303812993129907,12,1.5675839674149974,True
0.63750407889603555,14,1.5323707882056372,True
0.77909593035276303,15,1.4803161947969383,True
0.95573054337735575,8,1.4394612289470095,True
0.766332872770215,15,1.5670912119214711,True
0.60039500345164643,14,1.5114535111543259,True
0.63303044143709397,14,1.5643153454910652,True
0.81168745271568365,15,1.5650882333273424,True
0.81169247082314,15,1.5907434009484644,True
0.57322694781341543,12,1.3753925907777125,False
0.52043882570743605,12,1.216355344181314,False
0.96363057492616078,8,1.6887161266448487,True
0.58547179022073625,13,1.5177781168599094,True
0.63586268448631167,14,1.5716965917323635,True
0.64405194701044088,13,1.5108981684363565,True
0.62906250072739645,12,1.5787285513788036,True
0.53015154468466297,12,1.5570498775438977,False
0.57402210382397922,13,1.5436177698096107,True
0.55638853673882449,12,1.6080828053479148,True
0.96839198004236715,9,1.6432292446776791,True
0.95942843812346434,8,1.5190841910208734,True
0.61562947832910786,13,1.5693622472690021,True
0.49488221483122691,13,1.3734597730368523,False
0.66690238396173618,14,1.5859555398773808,True
0.58055633272639762,13,1.2649596479984784,False
0.83182464093220176,16,1.6570553419474821,True
0.76444196015687227,16,1.5819216973330472,True
0.61950924894209436,13,1.524380365805682,True
0.58838913493585543,13,1.5609225806066327,True
0.58566224944082768,13,1.595494388625927,True
0.62798685218498895,13,1.4926590822325927,False
0.64082952714305552,14,1.6025096347745571,True
0.6288043199051655,13,1.5181559220758265,True
0.51230593845371442,13,1.3646325750459232,False
0.66370488313256237,13,1.5828562762376472,True
0.60223348894865347,13,1.4007950854955173,True
0.66768244995454795,14,1.5743908761149006,True
0.71052269818659231,15,1.4887895301873779,True
0.72012276867465663,14,1.3214321608953292,False
0.59548838904186807,12,1.5738256428878721,True
0.69847907972728984,15,1.6698529407025171,True
0.62289313598799345,13,1.6967700663089542,True
0.58758768938323214,12,1.5478180573834923,False
0.72094344263251775,14,1.6108441938768947,True
0.80835607482459182,15,1.6444484317808834,True
0.8135808791029342,16,1.5522398189860562,True
0.72199431872609277,14,1.5362054242334073,True
0.70637939256599902,15,1.4727908273294734,True
0.70425225245775014,15,1.6929758265493582,True
0.87544482009954161,17,1.4400935191012252,True
0.91066040524896885,17,1.512302935490496,True
0.67166099646316146,14,1.645253408713663,True
0.75183651305871746,15,1.6947219335991539,True
0.6689108778808589,14,1.6356316454426825,True
0.78574459728602297,16,1.4738628864856751,True
0.60976102245268582,13,1.5255350355199211,True
0.60637477541510587,13,1.5624772181135107,True
0.91749858228061498,17,1.6457724097209296,True
0.83226833372421571,15,1.4675394348733162,True
0.96814602383158699,9,1.6449609661103097,True
0.57288137012164442,13,1.4513174622960974,True
0.58563362454971235,13,1.5987873508402157,True
0.68821900418957238,15,1.3512935110022466,True
0.96331948380777332,9,1.6327881104321225,True
0.85232344762289436,16,1.6652453950563837,True
0.65312134283761558,14,1.4843303198084075,True
0.64490934776187381,13,1.4123140599421242,True
0.62994540460873649,12,1.2907640767025843,True
0.57480062910608243,13,1.514867674515183,True
0.7314534328089507,14,1.5858307186970191,True
0.61279001410884104,12,1.2160291917583153,False
0.54005299121717132,12,1.5815517305137774,True
0.56322221190164901,13,1.2915083667303449,False
0.57853417875852586,13,1.4441795686713068,True
0.5104097638165781,12,1.4305953344917024,True
0.59973308519716206,13,1.3897824208909968,True
0.52370773951859473,13,1.4502436207037606,True
0.58663058694216952,13,1.4505420336606809,True
0.67369942540883498,14,1.6667005788807434,True
0.94867550978021109,18,1.5723854299503106,True
0.49570798260120547,13,1.2321144440589078,False
0.77178508424895376,15,1.5936808458107512,True
0.68540266469905431,14,1.6404884378418139,True
0.73579597010941289,14,1.6504768433125978,True
0.52004027236580175,12,1.5679430270461581,True
0.62313903520674496,13,1.5179571783425334,True
0.56779775580398295,13,1.4647293340988889,True
0.6162746296938143,12,1.1960235191118525,False
0.97261803093122401,9,1.6813191749755498,True
0.56373346357152898,13,1.5409771829474768,True
0.66532304822693211,14,1.6589555316464115,True
0.67824532034953877,14,1.6376668869595499,True
0.59576838957307554,13,1.42515718654402,False
0.619477336107503,13,1.6316030064593687,True
0.8123726984660381,16,1.6041370779138331,True
0.63247664778172208,14,1.6391607750379955,True
0.51398304543711026,12,1.5317537259556486,True
0.71202956046022559,14,1.6704550796264297,True
0.78861949842777723,16,1.5254710930518955,True
0.72772359926358166,15,1.6489120237772836,True
0.60209645042218352,13,1.6298778317859555,True
0.95794679438434605,8,1.6975363283403384,True
0.58264895646461268,13,1.3506704421515774,True
0.96909357404360896,9,1.6183578366901221,True
0.55356056470585713,13,1.4484741448026837,False
0.68295886157658625,14,1.5902156777237291,True
0.56999860158378024,13,1.5275434426801087,False
0.49105400086316631,12,1.5524176662386617,False
0.55236192164020059,12,1.6184775829171216,True
0.95697724546669316,8,1.6701304121323766,True
0.5544269603834231,13,1.4886834432700959,True
0.60108849175194945,13,1.6482931810594064,True
0.60687332666477045,13,1.5654315424211012,True
0.63116131776252127,13,1.6426353603062849,True
0.97239484914696672,9,1.5556563073188139,True
0.9516591150619681,13,1.6473630951962848,True
0.5724112271693621,13,1.5928623070840391,True
0.86640578357705667,18,1.4168299983917827,True
0.69252126121941193,14,1.5926794600382388,True
0.54102524242951211,12,1.4606427320420101,True
0.555073268986224,13,1.5843547243615799,True
0.97219342662120489,9,1.4876688329095764,True
0.55864137975151418,12,1.4580163108537825,False
0.66347062815361424,13,1.3518049374828054,False
0.60027078821086066,13,1.6562777905391934,True
0.63668227560904445,13,1.2956049258596634,True
0.95883861420862371,8,1.6370830956889508,True
0.79993658773753396,15,1.6785353181750335,True
0.8993403304047316,17,1.6090946294908128,True
0.58666715907348044,13,1.4440799856284194,True
0.78372697245213785,15,1.5826897126570563,True
0.54206201798835429,13,1.0580894220107115,False
0.64297920583659818,14,1.4990246012744965,True
0.57575664343512356,14,1.3286256043632658,True
0.81370617639882614,16,1.6430806070080128,True
0.9662856673130793,10,1.6648007780240162,True
0.54357602311870867,12,1.5470759092536512,True
0.70512225475463108,14,1.6337905843979164,True
0.59142556322245021,13,1.5517390690684161,True
0.60349987554330176,13,1.5721314583941601,True
0.75234038248307311,14,1.6519566690177321,True
0.76189721258404763,15,1.4540536237692032,True
0.5738584809382915,13,1.5433181225361845,True
0.86119811275108127,17,1.6548018050715223,True
0.70092939410628108,15,1.5551561267723868,True
0.5382439218878291,12,1.5956174969198631,True
0.83658925969955966,16,1.5079761011542852,True
0.50645345224899807,12,1.421617452586764,False
0.74408528355492431,15,1.5676133420020326,True
0.56283050204922125,12,1.3841917833404731,False
0.65345034134411828,13,1.4200619707915523,False
0.56408062102884693,13,1.3599404645280764,False
0.65178256861178219,14,1.619704822198168,True
0.58739576038442998,14,1.4524493138448265,True
0.63299410718335758,14,1.5088282382826657,True
0.4839669322734273,13,1.0500377112697656,False
0.65905000412208359,15,1.4154544349664857,True
0.69334552178616482,15,1.5311415835892082,True
0.95908818742348989,9,1.4530983146268044,True
0.52085551270097585,13,1.5214553343564796,False
0.55796326927993134,12,1.3817679618459322,False
0.64408173618575393,14,1.6269659988148755,True
0.64850898451549466,13,1.5560091283892123,True
0.56714542263370249,13,1.3718032515673337,True
0.80062820251022071,16,1.4971762246507521,True
0.6912968264749364,14,1.5417951657653564,True
0.58042455286182726,13,1.4423209133117092,False
0.58040843947769849,13,1.3564113164997891,True
0.50605738201512307,12,1.3739446918346074,False
0.75196965705274499,15,1.3677955107425099,True
0.58989905330512804,13,1.6339009165756126,True
0.6733766010581177,15,1.6361818429691388,True
0.57868040212981864,12,1.2874534397808117,False
0.81023606356960554,16,1.5463196867223752,True
0.68295986681176057,14,1.5834602859036548,True
0.57579281854663167,13,1.560077515286159,True
0.50776715897313884,12,1.4905104296520764,True
0.58642929763876661,13,1.561193485670509,True
0.7470905853560027,15,1.5616024632706955,True
0.61358709428761815,13,1.5205489009077524,True
0.59972428247239606,13,1.6717697948977777,True
0.62375399761117289,14,1.5717497176838249,True
0.63145811838584287,12,1.4377580951882958,False
0.5320687371618994,13,1.3530779206833505,False
0.51331999672852757,12,1.4425963525689636,False
0.61019061489903115,13,1.6328372487463361,True
0.56851602778972321,13,1.2948019289220885,False
0.59494818725118725,13,1.6181619605881572,True
0.70681332372320904,14,1.6513269235756511,True
0.85116277578542254,16,1.6091720404773797,True
0.56887627226393966,12,1.6837150537095182,True
0.96641470228967341,9,1.5305622478619432,True
0.52207185257407829,12,1.481221546238418,True
0.51928510702057074,12,1.3716430558988735,True
0.54001689152287957,12,1.5414155295223768,True
0.67861650799507833,14,1.6316459840026154,True
0.95481921726663399,8,1.5922840679727532,True
0.55671790754754591,13,1.5384730050390785,True
0.53367693292047635,13,1.2484475260418784,False
0.70311593973881736,14,1.5110933743949244,True
0.58187037666481889,12,1.1968441812553565,False
0.58687899888551132,12,1.4825501079172287,False
0.70802982699102257,15,1.59115974155704,True
0.51944621222543841,12,1.414306103002559,False
0.86211883987360682,16,1.3693297629547041,True
0.58148542958404825,12,1.399496379925214,False
0.9687993236363085,9,1.6852618503450603,True
0.60577409152720763,13,1.4289511424261185,True
0.95174431317683772,12,1.5230675764659418,True
0.58745625187097306,12,1.5743656066323584,True
0.49102718797999345,13,1.295665288517458,False
0.75854299493306254,15,1.6442891537394944,True
0.81858731668018303,16,1.3940019617999722,True
0.58414701937367164,13,1.4850316660276459,True
0.72096084896208601,15,1.6317469256174379,True
0.51541321946783247,12,1.3593481380635448,False
0.7072558483967285,14,1.6571781635762857,True
0.56119687941386565,13,1.3940345714150424,True
0.96895358126425501,9,1.5232630925895709,True
0.56839528435123599,13,1.460319246969215,False
0.6438675284615375,13,1.4198030027772923,False
0.48034821436927633,12,1.0693597553022747,False
0.70372566680264692,15,1.446648113457526,True
0.73052150281646377,14,1.6248850714900647,True
0.78719493531662543,16,1.6294488470026234,True
0.57998459428044868,13,1.4986565962546929,True
0.97139476812416503,9,1.6533392098014792,True
0.53226027998397529,13,1.5037065561723617,True
0.5599745692922441,12,1.604941198124938,True
0.53933421952225091,13,1.2465381864336362,False
0.95117067144474066,8,1.6663008409293807,True
0.55228313741019885,12,1.5745556615448124,True
0.57329682967214901,13,1.487369830537713,True
0.57794126359978959,13,1.50550722282155,False
0.53727509433499276,13,1.3828925168926149,False
0.59296749658781778,13,1.3133470903713076,False
0.8724320084071,17,1.7089431227692828,True
0.60895082039696957,13,1.4264566567966022,True
0.534132857108092,12,1.6615462454129393,True
0.9632999496902418,9,1.5459755244993514,True
0.57310752753760874,13,1.5999973047106395,True
0.67200944802124307,13,1.4253311138431246,True
0.57304818396988877,13,1.4264166655065873,True
0.77693354474152987,16,1.5695663562382884,True
0.83131043006963468,16,1.6445448996326115,True
0.61057842722492273,13,1.6097133440535112,True
0.61656375631544513,13,1.4018536559819408,False
0.48835580077574142,12,1.2356459947703349,False
0.61080500525230919,13,1.5942111997979358,True
0.55200697018514189,13,1.6149029115659288,True
0.6093612841561169,13,1.2776513545907597,False
0.68728924076819153,14,1.5028674415425274,True
0.61103033546548413,13,1.5883578532950411,True
0.57307651633461698,13,1.4353605306703872,False
0.95459424947407334,8,1.662294647274057,True
0.62966799189010514,14,1.5862468783301324,True
0.52916226811450617,12,1.5904738912066385,True
0.66223689452687162,14,1.6011218945983359,True
0.65276057630613737,14,1.6236719891478382,True
0.57232051678820972,14,1.2553235457624152,False
0.58781280901069421,13,1.5800906972020894,True
0.91174348011781525,18,1.6792215391942449,True
0.65470250818693254,14,1.4366042769762379,True
0.58814636444537349,13,1.4251969749900306,False
0.56698938527110476,12,1.5857621619777322,True
0.69354160686774902,14,1.5278357265944891,True
0.58466145331012909,12,1.3548350303941905,False
0.63339161423881962,13,1.5852921373026423,True
0.88654905471065626,17,1.6555142219001397,True
0.83990037328702594,17,1.5954408209971815,True
0.58022025019138945,13,1.5988337361871026,True
0.68192454517265211,15,1.5470547959072503,True
0.59932419950253013,12,1.1611254134260685,False
0.59288127961002368,13,1.6171841647441612,True
0.9549849495409084,9,1.5970927034387232,True
0.95508353642174892,8,1.6799363473522526,True
0.56660226733187458,13,1.5388148363838177,True
0.68849208563596109,14,1.4999555807689811,True
0.53368980935895183,13,1.3983537165559843,False
0.63863234612635034,13,1.4131316250019228,False
0.89047057569270416,17,1.5563903769517988,True
0.54788067129822537,13,1.5960306725000539,True
0.54848333144656014,13,1.3334142371894675,False
0.62968448510079389,13,1.4844764120892888,True
0.59144136085321808,13,1.4758257974659086,True
0.57788641357983195,12,0.99737345025000901,False
0.71721735810110565,14,1.5654562051647938,True
0.54307028655850809,12,1.5248631357753766,True
0.85925890781066439,17,1.6522938061888437,True
0.89763602135907739,17,1.6175707155484247,True
0.53780292256273199,13,1.3324079438686478,True
0.97767636337592567,9,1.6103223185911701,True
0.62946677794221917,13,1.6151282331295622,True
0.51613479380449756,12,1.5949382682784337,True
0.9546793472841788,8,1.7052925429893884,True
0.96001852062967585,8,1.6785168187260029,True
0.70185841519178471,14,1.6254079048003702,True
0.54067158474102772,12,1.5366026966793114,False
0.68391872762557149,15,1.5951923303489195,True
0.60126416253466131,13,1.470337701855434,True
0.52208580464776,12,1.4280167011249612,False
0.97751413953564947,9,1.6075078699548893,True
0.59701961730047282,13,1.4874422563200207,True
0.61815203033130406,14,1.5491844059719659,True
0.59057191264419173,14,1.4190505606463408,True
0.53120422568172621,12,1.5461640149350906,True
0.62192577328524568,13,1.6190641604485989,True
0.5840445276633478,13,1.2589549412217254,False
0.59928453886550626,13,1.5271390659478588,True
0.60909097637673204,13,1.504211597213214,True
0.95836752130969971,10,1.650803863265413,True
0.5772659779627054,13,1.4518234511717638,True
0.5967597241262772,12,1.5814109712023821,True
0.75671229583463506,15,1.5283423104128477,True
0.60730318158668939,13,1.4833753563177687,True
0.70817430798530734,15,1.4921657239723332,True
0.86926061833993462,17,1.5399391371232409,True
0.77856271288088974,16,1.4853008150072997,True
0.74034097767431117,15,1.6928818533544241,True
0.79780370832825598,15,1.6679328903980257,True
0.85002976974069688,16,1.7011094423329833,True
0.70558297778276036,14,1.6233699678990363,True
0.8002372897446739,16,1.5649365222758285,True
0.50995987166762391,13,1.4737710014581129,False
0.60181503385207091,13,1.5571140430856287,True
0.5620581554811952,13,1.4864474672572012,False
0.55864118433879184,12,1.4802118664171673,False
0.95889423537839957,9,1.6667757028478993,True
0.58911277574892285,12,1.5360528668829372,True
0.84861016051133942,16,1.6299863893719644,True
0.57016796293734906,13,1.5987880357209627,True
0.69268931021301772,14,1.5220332642962933,True
0.70665484197654371,14,1.6624732944211078,True
0.6204004779750405,13,1.5471315434906179,False
0.6414978846968592,13,1.5874018453368048,True
0.52182682907585587,12,1.4320651192197897,True
0.54890925701651883,13,1.4189323850072282,False
0.63614016800995044,14,1.5818320679156197,True
0.56638860925509116,13,1.3185938222592044,False
0.70416122526489955,14,1.516380857983634,True
0.68331974886449964,14,1.6574089475906988,True
0.67339757018284563,14,1.4954673232569804,True
0.95103322750565988,12,1.6672109918103555,True
0.87277076271669707,17,1.5674506894302671,True
0.58500349643136562,13,1.5447308758837826,True
0.56814033163816502,12,1.6363691008688173,True
0.71476516192664363,13,1.5782772771771394,True
0.62142551562757187,14,1.3423900368101849,True
0.60200123295262098,13,1.3933186840623701,True
0.57555034655852721,13,1.6387239569386329,True
0.57371527994283111,13,1.5652223716042049,True
0.48352122679948267,12,1.3448793529182652,False
0.58221536900626858,13,1.6016166523615754,True
0.59940161321412444,12,1.2102250876766203,False
0.81522848172289719,16,1.6680542218931906,True
0.65180676104496837,14,1.4732891994860249,True
0.66897277635463348,14,1.5665227642448887,True
0.61864507810962766,13,1.4516055691534806,True
0.63640042163873545,14,1.408279416465541,True
0.50191656201805368,13,1.3487814063156116,False
0.5606622105401341,13,1.5259856599329231,True
0.58955577741217269,12,1.6700286090506546,True
0.77910573313749254,16,1.6445293742430038,True
0.57019039250033454,13,1.4982764442652527,True
0.57494620363482918,13,1.5700399844693114,True
0.55053266080962726,12,1.590419969565994,True
0.7137180936516665,14,1.5349049238274615,True
0.96684157757314315,9,1.6396878348378281,True
0.4942152786763101,13,1.317305554766709,False
0.57893630409491359,14,1.4820883799883675,True
0.66633894718694398,13,1.6794460748821634,True
0.64846552436930294,14,1.5753072728701791,True
0.77491008630564295,15,1.4987509910369223,True
0.68323871657627311,14,1.6449998844397016,True
0.72130682065216745,15,1.540001700534066,True
0.60802465175068166,13,1.3876577284812575,False
0.56726156552561269,13,1.4256948475478854,False
0.56038090415505903,13,1.4910359438506864,False
0.64351602684319575,13,1.6400349397357781,True
0.91078469983649468,18,1.4982428310008251,True
0.70674625424997117,14,1.5505167926431196,True
0.53042868756108774,12,1.2604881329656477,False
0.58918289754099207,13,1.4643882814294553,False
0.57687278832469313,13,1.2426518675644531,False
0.7790155619807555,15,1.655711403796597,True
0.67378127149821243,14,1.5704039956986786,True
0.51340069199672256,13,1.2520227553613745,False
0.67479282573723165,14,1.5261676437690157,True
0.483072025969286,13,1.3300586652040756,False
0.4932641762479959,12,1.3366416287976968,True
0.57777734863472274,13,1.5279189261440349,True
0.83838500914172098,17,1.6735857166717538,True
0.58342897857641429,13,1.47682617334763,True
0.61105326729690823,13,1.6321978810967841,True
0.60376803771993237,14,1.4990399394849703,True
0.54719010196097739,13,1.3539818035376168,True
0.52908976288417153,13,1.3548372632723833,True
0.53212204813280684,12,1.4396545600516908,False
0.72249167415981619,14,1.6339109619466428,True
0.60440659986056167,14,1.5601052586420567,True
0.65461404655922684,14,1.5196019622657932,True
0.60321571202218571,13,1.5994902554647521,True
0.87953125617746264,17,1.6417358646758267,True
0.91950282998710664,18,1.6397329986163107,True
0.60182982455775802,12,1.0217876016517313,False
0.57942154307791494,13,1.3712632262810749,True
0.64468107508448902,14,1.6010762720753542,True
0.55075909640642806,12,1.4544407137785922,False
0.45776936545572228,13,1.1782009529940267,False
0.57313557084323585,12,1.5979750430878001,True
0.57462347798189051,13,1.6015530407859666,True
0.57686508372588152,13,1.6521843982948206,True
0.65322386774936347,13,1.4776736291113428,True
0.54993689096941445,12,1.1409825497204553,False
0.9530543158517033,8,1.568657594725039,True
0.97026233609009116,9,1.6573918364032307,True
0.89834735030868196,17,1.610107230969297,True
0.96423520554475661,8,1.6292657413688516,True
0.53405105535413411,12,1.5920970221053299,True
0.65764706577252352,13,1.5508600027046797,True
0.44024697673209434,12,1.0861532198200909,False
0.82568860202625893,16,1.5889420486581498,True
0.5785094442663028,13,1.4717081975480082,False
0.56513979396688863,12,1.5299824148702073,True
0.59731140936016558,13,1.37912687811567,False
0.57559513265516793,13,1.4574857997532942,True
0.57431693554788521,13,1.4067777094383174,False
0.58654652717295475,13,1.5118656687149459,True
0.44895770287804188,13,0.88852128704940159,False
0.73102286088184576,15,1.5841618101117392,True
0.62288230526512878,13,1.5548302677046273,True
0.97010729259070649,9,1.6659571680969938,True
0.94726547053667542,18,1.6965753450815031,True
0.55684897036001568,13,1.4523022165702524,True
0.5516686583558964,12,1.619134844136136,True
0.70671314508986682,14,1.445001513081702,True
0.78575096286885771,15,1.6132115624912973,True
0.83270337120105509,17,1.4948484260731811,True
0.76185328753192294,16,1.5471730654476001,True
0.95180385959485792,9,1.6431485764407694,True
0.55953473393492437,12,1.5879393682023657,False
0.55603345158565021,12,1.3483429045520532,False
0.57291469492646374,12,1.6325303370452002,True
0.65039307669819968,14,1.421669619571365,True
0.49443944735168344,13,1.3015170448642004,False
0.50606808095034461,13,1.3628767729667963,False
0.95778663366083994,9,1.6478204567475783,True
0.5094966721912485,14,1.1856576810165147,False
0.55572994169752554,13,1.5150858529046893,True
0.73535795075236199,14,1.6655162036501301,True
0.8471770956099538,16,1.6915730627719634,True
0.52005391951028601,13,1.4917893801773285,False
0.59163930775124252,12,1.6539623223108515,True
0.55340992557376167,13,1.4925497851697078,True
0.55743714247442688,13,1.4896410183242577,True
0.50847863648292257,13,1.402647455083087,False
0.57855631305505084,14,1.4308463743220607,True
0.86873847845408647,17,1.5738495224916429,True
0.5573915905792779,13,1.3836119228269925,False
0.64405666028915409,13,1.6404637360087473,True
0.59346226157647675,12,1.432887270114769,True
0.58149922176766766,12,1.2945986755533381,False
0.59291716667578509,13,1.4661717021528915,True
0.68170142600710537,14,1.5960874262085436,True
0.55072248920213351,13,1.5383679297096247,True
0.84387278419845912,16,1.6423368835943684,True
0.53916398101261898,13,1.5670675166999006,True
0.58051297935006274,13,1.3559358304394993,False
0.90121306314560279,17,1.5646462231545128,True
0.60653506387662515,13,1.5946358074861362,True
0.57965361276659222,13,1.2474558823048596,False
0.57470161528567842,13,1.5025552883865705,True
0.62550211658026367,13,1.5722811157753083,True
0.62190743178581565,13,1.5359595514042477,True
0.58635948912119651,13,1.6487372762826475,True
0.73257486931462157,14,1.5512612977883815,True
0.62802067194280731,14,1.5272541841071525,True
0.57249084176082254,13,1.4084217302583457,False
0.7735886512143938,15,1.6187286677800428,True
0.84659243329362621,16,1.6514292787168174,True
0.5691399276816913,12,1.5646833672199534,False
0.76349224711330577,15,1.5468745260595009,True
0.96393880326991155,9,1.6533685440901278,True
0.68894518900918367,14,1.383777911561302,True
0.60012254004768062,13,1.497970483156992,True
0.75429443559714948,15,1.566368820619908,True
0.56658328386159018,13,1.4228931904891782,True
0.9531592194410895,8,1.3757536435086528,True
0.66913080265453251,14,1.4666304607311897,True
0.54539388233832997,13,1.4320238417531919,False
0.63415606889806386,13,1.6409708180165838,True
0.57531358950471911,12,1.5937697005345122,False
0.55800112778145505,12,1.5423962360499248,False
0.63164932714658062,13,1.3482805254991743,False
0.5612503356346068,12,1.6037163070633322,True
0.97225843895257558,10,1.6810097486317563,True
0.61912518291707219,13,1.5529263672089937,True
0.5195023137235697,13,1.4544308476486125,False
0.6216537407388415,13,1.4742696505974604,True
0.53845678732484248,13,1.2886891238309002,True
0.69492950332125136,14,1.6663632714983203,True
0.6906921804157532,14,1.5982473886523163,True
0.52637967140193986,13,1.362869016145108,False
0.6469042080243198,13,1.5881486367330204,True
0.55415170080786635,12,1.1555923382015116,False
0.59403021923471244,13,1.5702806579711603,True
0.6633276514930484,14,1.5075429718576367,True
0.94183801361238084,18,1.6710227107948381,True
0.56447795118393551,13,1.5544902415560788,True
0.59677158147800469,13,1.5518259170084898,True
0.81649901860025598,16,1.6131130406103249,True
0.63068182630587799,14,1.6322309410395091,True
0.75008505084933341,15,1.5760353297700773,True
0.71621517387462397,14,1.7017587240036378,True
0.60239391278381194,13,1.5905007670171905,True
0.7283438337789685,15,1.5532199226313814,True
0.9670184170019871,10,1.5840232632361169,True
0.79201548180633297,14,1.4804416276378307,True
0.56141647245504256,14,1.4413493434505382,True
0.5462283725629471,13,1.5021124783715838,True
0.97263315702824771,9,1.628803212521291,True
0.55397939546865083,13,1.2764981676726992,False
0.67412985221044663,14,1.6574614830413752,True
0.57659809467591572,13,1.4317488128260498,True
0.61300375168543064,12,1.5114869991226183,True
0.50861192365681895,12,1.3518592489841608,False
0.74991598864095754,15,1.6011898462780667,True
0.5458035749975032,12,1.3133249317632294,False
0.61036204600806165,12,1.4025497699432707,True
0.59900936909939473,13,1.4355841615125073,True
0.63750425383008802,14,1.5340796495441515,True
0.55727101423742276,13,1.2506972551468847,False
0.58738278431081703,14,1.5296165698479398,True
0.79142338827012038,15,1.6637688185521793,True
0.6401750437148086,14,1.6310790862105109,True
0.61386611299319427,13,1.2911504472677588,False
0.81321474342872213,16,1.6095032221312819,True
0.57318745884658473,13,1.3970728656917708,False
0.54604496882804843,12,1.5342307100071912,False
0.56528701219564281,13,1.6294520202473626,True
0.85037536715278228,16,1.6837290587495939,True
0.65989373137425966,14,1.5530512524035283,True
0.69302964977632553,14,1.5788921806642735,True
0.66500680103768761,14,1.5449912713339971,True
0.5529479706934034,12,1.4122911309061619,False
0.65513112253403394,14,1.5484597009719703,True
0.68174876840559395,14,1.107900054883626,False
0.5964121964686907,13,1.3375845775668971,True
0.59845499761374921,14,1.4156178562305013,True
0.58856637001405632,13,1.4560023271476463,True
0.55122811020723073,13,1.541022228392837,False
0.57354363555836585,12,1.3368851352022335,False
0.64955975366857932,14,1.398255241012994,True
0.5435859017235517,12,1.5041985998126317,False
0.96189764821883383,8,1.6125608624325802,True
0.55267131877427411,12,1.5998061586709351,False
0.52119113739463463,13,1.5454573888582483,True
0.97283746728005094,9,1.6733729112981728,True
0.73145054842484047,15,1.6684364388342547,True
0.55985130071584721,13,1.5888768429869187,True
0.52785298447105067,12,1.4467479966477685,False
0.58146795762125569,13,1.5506230865529333,True
0.63659437035435307,13,1.6612033828379844,True
0.50159608304373982,13,1.3060575079874859,False
0.95070129023014338,12,1.683793138989774,True
0.7285670478188645,15,1.6118835200822645,True
0.75031165324812388,15,1.6623386160242513,True
0.6064170065840343,13,1.5675449093722682,True
0.67864150373094734,14,1.6610725409285292,True
0.65829974840992422,13,1.6446710217284297,True
0.56682970035700253,13,1.5123294928434727,False
0.72023982777491546,15,1.6734035576748851,True
0.56037235167326327,12,1.4212255047625624,False
0.60434812442697272,14,1.5148520415262785,True
0.52585741837103939,12,1.5868905999354439,True
0.76642648960420157,15,1.6716710004192761,True
0.79802913458883373,15,1.5486934551006455,True
0.58053820823345459,13,1.4108617491244018,True
0.85958318175899673,16,1.5679985430826826,True
0.62162730711471126,13,1.6220719149757432,True
0.67519924008887522,14,1.5225302746316878,True
0.67764955195306298,14,1.6570216252111711,True
0.54659972851538507,13,1.3812491569354013,False
0.5900267991857614,14,1.5565976093775293,True
0.57546370098273325,13,1.4129253639512356,False
0.58248636937799003,12,1.3506801358745184,True
0.64182092922397049,14,1.6552171734958745,True
0.6702879931050606,13,1.5578662444858464,True
0.93180304891096644,18,1.5123071548285869,True
0.57552220636184193,13,1.4618097293031351,False
0.71155908030542625,15,1.5692356167567962,True
0.53740231936238614,13,1.4982809548381524,True
0.73466083391195802,15,1.5005642240705896,True
0.64516487126788846,13,1.4049948506954506,True
0.82835922153229857,17,1.6057657771034524,True
0.61110067739783402,14,1.6090970915818503,True
0.61326667320600947,13,1.6698260399524378,True
0.56361033623285228,13,1.3315857587168987,False
0.53262407314291715,13,1.3896633395706888,True
0.62891401555102611,14,1.55019587164942,True
0.65383410013942111,13,1.6065484753454164,True
0.62578915300409088,14,1.5746793408224802,True
0.61178280357890635,12,1.2932498517536695,True
0.71872176682579403,14,1.6729361011689552,True
0.5326586938378941,13,1.3380070062590059,False
0.55480354561538092,13,1.4106427913981898,False
0.53604287088052238,13,1.5295294997290076,False
0.6022572376965013,13,1.551790620365068,True
0.57060995862584074,14,1.4839122113959013,True
0.62233361212427518,12,1.453132825644458,True
0.9523493838666468,8,1.5579085807696385,True
0.64090981419503612,14,1.5644710043270424,True
0.53597391112140291,12,1.3173541358727194,False
0.66144122613029288,14,1.6453567755156582,True
0.60610953506677945,13,1.5070143138774013,True
0.52026677290895529,14,1.6157134458924125,True
0.47561832839128354,12,0.91348870571432961,False
0.79110646630516812,15,1.6560392409473019,True
0.8910519626024902,17,1.5931358541267362,True
0.60992625097051534,12,1.6184576714364587,True
0.65631372202139338,14,1.5392548171459171,True
0.83884068460080041,16,1.573517762219903,True
0.96571534843962503,9,1.5583072984101998,True
0.94861124365150162,18,1.3306695546219016,True
0.54401132104623184,12,1.4900500108360655,False
0.57716152835994738,12,1.5740491498871434,True
0.59712467171471717,13,1.6128779508490592,True
0.71658235944699644,14,1.5395763460898262,True
0.57420255537671239,13,1.5292989698406394,True
0.59146891019352366,13,1.5192676552705542,True
0.57121605699138367,13,1.3520117028349898,False
0.72440417167514648,14,1.5576458778705193,True
0.73884091813860575,15,1.5559292828851909,True
0.60865183730194672,13,1.3925018478876676,False
0.94114458121473266,18,1.585791830170685,True
0.61556661751578501,12,1.5423407314664386,True
0.56726521076938752,13,1.4358856859048132,False
0.65347869243396206,14,1.6502611271626262,True
0.58240812119103003,13,1.4417502406760845,False
0.60601680612229925,13,1.6434377518891548,True
0.51891847857890561,13,1.4644459970715216,False
0.60603570779580584,13,1.5138130812175439,True
0.7958651518985228,15,1.6966859385053017,True
0.57683003523526133,13,1.5878868854235613,True
0.61939928987443005,13,1.5066058340382362,True
0.98149161090355275,10,1.6098033007113075,True
0.58303759979822323,13,1.6648691524089978,True
0.5553759841428243,13,1.2242891135562877,False
0.66036805829801215,14,1.5503631099416193,True
0.58963063085518586,13,1.6356182311958694,True
0.62726978696185731,13,1.6740120656459268,True
0.62275702831823965,13,1.6229592179624506,True
0.54154191201843849,13,1.4253416916176089,True
0.68781429388075443,14,1.5835078075181479,True
0.92781544033540631,17,1.5561930149162158,True
0.83381160408574928,16,1.4496853149172435,True
0.57598090224630272,12,1.4685725534899354,False
0.57121775392259966,13,1.5746743588269001,True
0.55515238887528129,13,1.3424670041256432,False
0.58049843350654584,12,1.4191284075616786,False
0.50631133981184351,13,1.3415680451132668,False
0.62298744596450339,12,1.2719711861739846,False
0.52582225371468261,13,1.4152693447226319,False
0.57004468756131332,12,1.6064109531063429,True
0.6269642166252245,13,1.5754765359075824,True
0.63068721079876633,13,1.593926747244603,True
0.59522632526354202,13,1.4668787690911955,True
0.70424885511523738,14,1.6289850796707628,True
0.55316659314709082,13,1.4829196114926879,True
0.61521809997558297,13,1.4211818398987717,False
0.95094471158336069,8,1.5536675989296804,True
0.81409831434323054,17,1.3841489953265265,True
0.53604738893991644,12,1.4098028074585593,True
0.66292623428188557,14,1.6411071533774371,True
0.73806178177294346,15,1.5753406565508699,True
0.81833737265210582,16,1.5735796551587578,True
0.52312796065523182,13,1.3717246604487854,False
0.71539500326440397,14,1.4445411273782827,True
0.70298588511826154,14,1.503440015740241,True
0.52538079638130297,12,1.479686227694859,True
0.58830931271807818,13,1.4157960626270139,True
0.54346949167444991,13,1.618304696627622,True
0.69381343286374131,13,1.6526783272063947,True
0.58810335086905863,14,1.5584873551956997,True
0.52607382136942049,13,1.4147022869556722,False
0.56825808114785514,12,1.3366290458459187,False
0.74927332145244352,15,1.5297468937828134,True
0.60647430714226669,13,1.557301171855578,True
0.59529482420901914,13,1.3709236794031372,True
0.51701938807474224,12,1.4751423782342881,False
0.55281394633733738,13,1.4539480855315465,True
0.66864995583938014,14,1.6580237296785123,True
0.632093077770429,13,1.4726843342351179,True
0.57757556838186308,12,1.6527472115753332,True
0.9762508280136708,9,1.6122237941140733,True
0.67385512209700671,14,1.388581485357872,True
0.97583696334145908,10,1.5126169772288904,True
0.69860996277729071,15,1.5159929594422101,True
0.48391168599645279,13,1.4162217795965264,False
0.67838275210627341,14,1.6596326641868928,True
0.50217932133228271,11,1.5799844724014735,True
0.95125929715470625,10,1.648778777691893,True
0.66594504097226048,14,1.5840196417916905,True
0.5628366841938609,13,1.5412616973904629,True
0.54362335960142394,14,1.4303814219654138,True
0.57195463920109579,13,1.4468052667646367,True
0.61716858415521114,14,1.6364871400337433,True
0.63273906543772507,13,1.3869012335418709,True
0.62620377127538063,14,1.5935691058195058,True
0.81016881227601723,15,1.5454003111102825,True
0.83999792227475378,16,1.633749988630375,True
0.66140753842702293,14,1.6532290225525259,True
0.57195385690592526,13,1.5767120023597831,True
0.72214138895669455,14,1.6376878098031906,True
0.62054657905593802,14,1.418271725118627,True
0.71028784550960711,14,1.4295933668625982,True
0.55291094990218892,13,1.6285879854833816,True
0.56966880284197952,13,1.5043073611777866,True
0.59899181557066394,13,1.5675149669521709,True
0.62578931477298905,14,1.5637015739924562,True
0.67921946870849104,14,1.5915549893653478,True
0.7874311827326621,15,1.6127492859588559,True
0.62361794304618656,13,1.6260834232162062,True
0.61899887396588005,12,1.5396390522935377,False
0.74536889330507428,14,1.5652810139199564,True
0.44773822689615966,12,1.2195015750558535,False
0.86429333735683711,17,1.6406054367044789,True
0.53530129340886468,12,1.5258844315733417,True
0.83272169285012854,16,1.5856773301134304,True
0.93218265106347975,18,1.6599871174985841,True
0.51956641127733461,13,1.3680839975321317,False
0.71764794498720863,14,1.6345169048289907,True
0.67952876412408503,14,1.5302532999433895,True
0.7875837006798343,16,1.6520169989396951,True
0.52568312260308392,12,1.4698541152208922,False
0.56786726227182616,12,1.2403351607544586,False
0.59501105868569792,13,1.5504497759833102,True
0.59188583522449656,13,1.5430715219063103,True
0.60192959240376087,14,1.6003898629702336,True
0.68060945043576315,14,1.6978299679637154,True
0.66395915825297125,14,1.6721195845498209,True
0.79876736632182599,15,1.615709664245673,True
0.95305246591685688,10,1.6117347898770593,True
0.5583375155190119,13,1.4237354910801148,False
0.58369930542791093,13,1.5498160381598372,True
0.5627380049260442,12,1.3604135654427334,False
0.96417206228171248,9,1.6859484121461914,True
0.59010027387601738,13,1.5113217180510914,True
0.59536791764741603,13,1.380256598540097,False
0.58749430106701728,13,1.6177171589071928,True
0.57778601664886975,13,1.5568304833258186,False
0.55988481243185095,13,1.4539109960681,False
0.70542089068276292,14,1.479101262911154,False
0.49777822161489782,12,1.554206464261392,False
0.67978860228112215,14,1.5964679727289113,True
0.72215626266297639,15,1.6723268919390033,True
0.5817009140593753,13,1.5381663924957909,True
0.60974028783494139,14,1.4970097144269809,True
0.59598044257752714,13,1.6320384107716999,True
0.95800048459550624,8,1.6411127370290897,True
0.95081863267551336,8,1.5626580973878847,True
0.64585881470316819,14,1.5298809372033597,True
0.8166409689468056,16,1.4796409989629571,True
0.69694769423244873,14,1.4275727213174219,True
0.59429243212633376,12,1.5585202483158525,True
0.95383252118098316,8,1.6952706481167144,True
0.79550785684070779,15,1.6807778906825903,True
0.55319124563807687,12,1.5246018895169422,True
0.50311229917334388,12,1.2750418535633776,False
0.61892102847036778,14,1.6608702203168855,True
0.9601561368601923,9,1.683469117750976,True
0.64985887719117064,14,1.5141361017923778,True
0.65048372699387913,14,1.4444883127585528,True
0.711004820162909,14,1.5183435991095759,True
0.54053090941578585,12,1.5619347957164469,True
0.52362779550540206,12,1.6016176220539646,False
0.57034552041507036,13,1.3715857123428752,False
0.55572419046212829,13,1.5311447359455608,False
0.58032193484714256,13,1.3656901366955194,True
0.45749518427090147,13,1.3478412655006142,False
0.91283552467146312,17,1.5608742419598662,True
0.68471248938797347,14,1.4503395544839577,True
0.53712275524137543,12,1.6057827345872817,True
0.7776765016725985,15,1.6143252121779075,True
0.73294567508775688,15,1.5449113330794615,True
0.53076638547923316,13,1.4110829979713824,False
0.57865529669042792,13,1.3548389411700235,True
0.5875817938205159,14,1.6270812614138714,True
0.58011644266252149,13,1.4358802145996292,True
0.58768921783521932,13,1.5911760866072926,True
0.93344369875901101,18,1.6792295663886299,True
0.53589291209452916,12,1.5639307061991918,False
0.53074018631564457,13,1.4424957388208677,True
0.88637239063262296,17,1.5959455462913366,True
0.61916506931708448,13,1.6163941228056555,True
0.84935109383717855,17,1.6777132841233504,True
0.54452002982802594,14,1.578169045859628,True
0.69472339401108885,15,1.4667044917835625,True
0.52978973815653352,13,1.4843376689568228,True
0.67062225179187551,14,1.5961722388743882,True
0.76765408054588424,14,1.6811726181484612,True
0.59408567184777406,13,1.6818233838135799,True
0.59903953271869914,13,1.6282631785223269,True
0.73769601477068369,14,1.6264814306156348,True
0.56547487602440238,13,1.4729655828172137,True
0.97561797049956711,9,1.6262064342537448,True
0.96177318798114964,9,1.5382570073011721,True
0.56984958850438805,13,1.3497272441526078,False
0.70187327527749266,14,1.60980626460659,True
0.74281345129868825,14,1.5960483224594348,True
0.48761009880657236,12,1.6085027932254343,False
0.74696061366820954,15,1.6637920875351477,True
0.53733540858381135,13,1.4494239026284383,True
0.96111431656773738,9,1.58674952920808,True
0.56695785283041278,13,1.5347048284011269,True
0.66068444823747752,14,1.685898415595656,True
0.67217789332011013,13,1.4538531010290019,True
0.56880009081261695,14,1.4731391451313902,True
0.78682487847424065,15,1.4185942202954844,True
0.73594263022632389,15,1.6682061193816158,True
0.97982105871896774,9,1.687981184925045,True
0.89530120031177607,16,1.598696965065239,True
0.55534873354779413,12,1.5437246809495251,True
0.97454869109582409,9,1.6131793633689249,True
0.56599397867104495,13,1.1162654423829239,False
0.80516042608711302,15,1.6287675505214767,True
0.9226119139639789,17,1.6115977130087515,True
0.79330789340689789,16,1.5484239200751799,True
0.59936774470456167,13,1.4236468563169886,True
0.54442090407267396,12,1.0927569564091357,False
0.62621742151391246,13,1.4525988641153806,False
0.56053181997923207,12,1.4426577788962565,True
0.95448403687514438,9,1.6072780575805401,True
0.9304045071475292,19,1.552528849705759,True
0.59551240716556197,13,1.481682262565984,True
0.71988174198842825,15,1.5771050600468297,True
0.76919009718475861,15,1.6373512004350532,True
0.70640697862008717,14,1.6184314656413059,True
0.58859790824363079,13,1.3966553993808741,False
0.52083585959908196,12,1.3949348688163292,False
0.61142426774188541,14,1.525251728979732,True
0.77362521568263765,15,1.5781550231056198,True
0.59983265466182489,13,1.4722266399773434,True
0.61618714740359992,14,1.4890015276971031,True
0.54022229149881984,13,1.3643628991684362,True
0.54795636516284385,13,1.4122605013625491,False
0.74324106094484454,14,1.4945908265058525,False
0.54634619009783092,12,1.4632910508435637,False
0.79476784150627622,15,1.6960260355045114,True
0.65343711755015643,14,1.6368249424352124,True
0.55483748963262169,12,1.3236483385717468,False
0.96785899884642967,9,1.6744929384433773,True
0.9617694767236189,9,1.2539296699787514,True
0.57847307087160393,13,1.5086722759237188,False
0.50480517982299222,13,1.3741645769163469,False
0.53473422754811195,13,1.5963334596815795,True
0.74149595994696216,15,1.6140924627361948,True
0.51510293772378435,12,1.4698616430473341,True
0.69181301503871417,14,1.5192640225341023,True
0.84296635606825576,16,1.5942374429027062,True
0.57438702102172068,13,1.4742776758175322,True
0.57535885752716609,12,1.4348639768515552,True
0.9553944169014934,8,1.3849329710651179,True
0.76565999799611284,15,1.5881460723772483,True
0.70735782000407599,15,1.5752635946875604,True
0.80346600947178226,16,1.5342868427258658,True
0.96102612501188978,8,1.5946640547608157,True
0.69586667374911593,14,1.6149693804470884,True
0.59281811340494306,12,1.3111368151117464,False
0.55711270419578152,12,1.6312642295362663,True
0.58100058767171703,13,1.622636279339071,False
0.85855898321105495,16,1.6307653365233383,True
0.62615443594410802,13,1.4778839699424808,True
0.65659523601965109,14,1.5514423297677953,True
0.91114209070999952,17,1.6455776190136868,True
0.6156934762245756,13,1.6392586183547817,True
0.60168072526730054,13,1.3266831681468554,True
0.54400602202496628,13,1.3723998451064412,False
0.57905112730951858,13,1.4423322975692441,True
0.54365478593182248,13,1.5157193020211008,True
0.66328748432938733,14,1.6145678920318642,True
0.57132270617140291,13,1.4095446591815015,False
0.70169907742691773,15,1.6429666752225127,True
0.54860609842847041,13,1.4675972785206457,True
0.68254207962287727,14,1.6523159952107578,True
0.97163093804437284,10,1.3713359631755271,True
0.64494555609257165,13,1.5489155951061011,True
0.5555214589663896,13,1.4917943597622907,True
0.58096387579744124,13,1.421999975850416,True
0.82173175106844365,16,1.5634725088245927,True
0.78555881993937826,15,1.6349472235982627,True
0.96627223473135093,9,1.6592289593159963,True
0.62639637809094906,13,1.6643119991037674,True
0.62350917421313967,13,1.5474626024227178,True
0.72575211594509803,15,1.6821411739916159,True
0.86075505060161384,17,1.6847709182726507,True
0.5335276135834407,12,1.6290337014883265,True
0.74913593151295577,14,1.6042275726888997,True
0.6242570853498266,12,1.536563255857317,True
0.50210413717571389,12,1.5504419410220713,False
0.97813917595200739,9,1.6662260030243099,True
0.93783728677387301,18,1.7003219408489041,True
0.85472539877282638,16,1.6468719309792299,True
0.75335910789221794,15,1.5820247408638293,True
0.78326641785263607,15,1.6576986185576987,True
0.79095520683367659,15,1.6267162195560327,True
0.5971373616590081,13,1.6210156811965195,True
0.58076014305338142,12,1.5677507887383544,True
0.56032125368255481,13,1.4547146958914365,False
0.90054021593375677,18,1.5677306797324635,True
0.58092466871634429,14,1.5349126179200323,True
0.56153364406811268,13,1.3399283443528607,False
0.51474501822235386,13,1.160776216171048,False
0.66177266454145689,14,1.5231025309707202,True
0.55890609041702599,13,1.4903271256207158,True
0.6441632240479539,13,1.4811938377219165,False
0.65372455102832205,13,1.7088410883085723,True
0.64757847649704614,13,1.5664032203712748,True
0.49413982846371191,13,1.4567371174647485,False
0.95517268423087842,9,1.5810468648624718,True
0.9508783272722271,11,1.6859977118716256,True
0.73379764834828098,15,1.6724216999632717,True
0.75448217400416773,15,1.5077334643109042,True
0.5553879602718006,12,1.4741210303106804,False
0.67188060638786218,14,1.4984651084537899,True
0.58314207645092497,14,1.3423390128424186,False
0.66432711924384458,14,1.6777889227811538,True
0.65560256690473184,14,1.6094884947689363,True
0.58482845840804021,13,1.3707978864320398,False
0.59680775947250608,13,1.5218170299874181,False
0.55619712446896274,12,1.5578908258147088,True
0.54640647803998232,13,1.5635132175134534,True
0.46108102141316198,12,1.3687415480309415,False
0.51095567400514752,13,1.2529231857616898,False
0.56202264181930028,13,1.1893687993900637,False
0.5734072350533419,13,1.4195536069069137,False
0.74452398484205506,15,1.5423834619470256,True
0.55267666414320027,13,1.5472801045319453,True
0.65412918204050663,13,1.6559613934942516,True
0.55959955061158329,12,1.2443995340019016,False
0.64121647790433856,13,1.588522737145226,True
0.93088350491819227,18,1.5425015866878222,True
0.58750087025602793,13,1.4460611535182064,True
0.55149382661449398,13,1.4176345279700073,True
0.54785513034986999,12,1.4570253051820587,False
0.58947917467196154,13,1.595123241817374,True
0.9716307021433237,9,1.5161113401268116,True
0.61492696097001909,14,1.4227361960817269,True
0.59934017789696059,13,1.5137001910153138,True
0.81215252388729342,15,1.6163357875980564,True
0.58244959427791754,13,1.535635122894812,True
0.71182112950128329,14,1.4564138205247514,True
0.95791549139537469,8,1.2631069882313954,True
0.92649043975681156,18,1.5844239113664389,True
0.57289198254226603,13,1.4771638317984077,False
0.61719516590677659,13,1.5145246788219471,True
0.55099356215453554,13,1.5309159475577698,True
0.74552210842057021,14,1.478042972585865,True
0.92948438147820489,17,1.371850851667177,True
0.59539205686821073,13,1.5559883976447906,True
0.58338164026307382,13,1.4536521582890543,True
0.58494560005184315,13,1.4953060263351663,True
0.9143788568000063,17,1.5782752497431274,True
0.62031368984130686,14,1.5843305270752368,True
0.61423706921375731,13,1.6322852060974258,True
0.75978063604840362,15,1.5759856595716053,True
0.82693706447792759,16,1.5149191465986143,True
0.61663711181327518,13,1.6449988011217676,True
0.52994887188685802,13,1.3730874725743474,False
0.60829184388541102,13,1.4514813073434236,True
0.76048515875236244,15,1.625138474882672,True
0.54207166372246451,12,1.3489256354148915,False
0.68733301301225846,14,1.63134391936738,True
0.82071944715338452,16,1.5523770262590164,True
0.57189647294108004,13,1.2961923274030074,False
0.61157786202029318,13,1.5991618386055901,True
0.62593516484157241,13,1.5802692360035262,True
0.59359304175224792,13,1.5525495303956864,True
0.71094293992638657,15,1.4780239844672529,True
0.6397273495633069,14,1.6518414246250106,True
0.95396514377430019,12,1.6753780379618974,True
0.8600240988943888,17,1.5762983062357308,True
0.5994477112496347,13,1.5149127980414865,True
0.8870828626400542,17,1.6368110092098729,True
0.71848927014028308,15,1.6441542976828891,True
0.64710296116748411,14,1.3506015199204378,True
0.52475638166718941,12,1.5401616472713417,True
0.70886471409654039,15,1.6647445232520066,True
0.6045161599960277,13,1.4579026122941188,True
0.67088436515793992,14,1.5104505362144673,True
0.60950679762194881,14,1.5519345153143365,True
0.65066727558495074,14,1.5829152818155594,True
0.96211267260237698,10,1.6734349309376171,True
0.5763848155148551,12,1.3718881647275525,True
0.57373785703215152,13,1.4632883609008533,True
0.97092544080895393,9,1.6544097850598607,True
0.81335530827224034,16,1.6089836181189907,True
0.5890108945461443,12,1.5290975503974629,True
0.58263076394081359,13,1.4015048727996275,False
0.52541576339411811,12,1.2366181673157872,False
0.63056003978518216,13,1.5261887633189535,True
0.5991722744976048,13,1.4821075117326892,False
0.60939964558088666,12,1.6950638711613215,True
0.55633062461025784,13,1.4211395846448083,True
0.68038134718485432,14,1.6267641799026826,True
0.62469675271735814,13,1.5147640393417541,True
0.52586984192125386,12,1.045496436004447,False
0.94077439401083318,18,1.6155938199999926,True
0.67936735985504737,14,1.6035372777593533,True
0.76165577105235982,15,1.6219588981210071,True
0.55593005595679301,12,1.5525075914499777,True
0.96945682814992706,9,1.6475972737233924,True
0.89077118880605832,16,1.6585489362821664,True
0.56495872130629088,13,1.4738526879400129,False
0.87676506317446623,17,1.4658186441483527,True
0.59865722779301722,13,1.4950900985784734,True
0.77939958177551005,15,1.5501655202259559,True
0.64962473741966231,13,1.5117445949184871,True
0.75644560746624423,15,1.6167181373586741,True
0.60314350151585383,13,1.3724067081559543,False
0.58505210517687223,13,1.3350137006977616,True
0.53918926452399651,13,1.3486509120416588,True
0.57389046307842839,13,1.386834375637231,False
0.6788413862681496,14,1.617001646707783,True
0.87056367951556823,17,1.6759394170713888,True
0.54679951049261943,12,1.617372036495659,True
0.57473972155549968,12,1.6143512637233364,True
0.52395858862749078,12,1.3199581153920932,False
0.67381812254334705,13,1.2874727743402077,True
0.60617062936974897,13,1.4997242156366617,True
0.55724354767532014,13,1.6427792076864951,True
0.57376611923366516,13,1.4535419513102057,True
0.76128054321100702,15,1.6352569304484632,True
0.66001507086233746,13,1.5465383948161391,True
0.55306660172285149,13,1.5120170630697347,True
0.58960785754580503,12,1.5397237233027532,False
0.83390505056700559,16,1.469484168647653,True
0.60113731852256402,13,1.6820304454920392,True
0.96840459696804881,9,1.6752065325783561,True
0.59077298483010032,13,1.5540475046862361,True
0.56192625490319836,12,1.4976054475241294,True
0.9529879820106818,10,1.4867870882276322,True
0.96499864072200492,9,1.5753531923802679,True
0.63439232488467689,13,1.465840541375701,True
0.95894829008015203,9,1.647207157778789,True
0.84493993511618826,17,1.5824822706926356,True
0.52247773298250799,12,1.338970960543074,False
0.62393054266876924,14,1.6320947999848152,True
0.64003359609224608,14,1.6725192208522135,True
0.83585031435833668,16,1.6752344200295854,True
0.56160352878626218,13,1.4832234414186514,False
0.61610110683983321,14,1.6333021512882975,True
0.89810742873312577,17,1.3738465666861819,True
0.66929238478795161,14,1.5630945144542114,True
0.69783453429950026,14,1.6312204975684435,True
0.60010813134276131,12,1.6235832072974132,True
0.84660837450288517,16,1.6724210620815323,True
0.57337819443525684,14,1.499389847359031,True
0.95744736759437654,9,1.4573969915630136,True
0.58537074594747784,13,1.4621631579988998,True
0.57102811962118605,13,1.5713105011235342,True
0.63546505298806399,14,1.6098693585625978,True
0.60706545655484545,13,1.4981903391010674,True
0.76017024159087154,15,1.5711053608023773,True
0.51120101854834998,12,1.4926144952450704,False
0.58211752854870458,13,1.5967280703534239,True
0.63234807783890168,13,1.6809472752804664,True
0.51564950394770614,12,1.3982370397594619,True
0.7794303845472873,15,1.6751453103508649,True
0.58028736395028435,12,1.2772625724519115,False
0.60733828647463461,13,1.1860959360564254,False
0.65380195224142246,13,1.5846447785401017,True
0.85440400164040031,16,1.6094012147130718,True
0.52129928804113901,13,1.4099290535467224,False
0.53158182721753378,12,1.538207595296718,True
0.97692791899955034,10,1.6673575315396687,True
0.66812374791288065,14,1.6644278085450848,True
0.97839320828628207,9,1.5908455533711197,True
0.64412195426145336,14,1.4012853409826527,True
0.56714126394260322,13,1.4037215070234654,False
0.77181368850245025,15,1.4485703363989588,True
0.48659986150011425,13,1.4065171267833168,False
0.55003002981771976,13,1.6352312713947539,True
0.62405035967588529,13,1.6501282154652996,True
0.96611883798561471,11,1.6010546620110138,True
0.62979282100876544,13,1.5829368432486992,True
0.58559660751036768,13,1.5472256505445396,True
0.53438638907294611,13,1.3329276530084804,True
0.78847509847952202,15,1.5556990802519346,True
0.95628563310364012,8,1.5803701681434028,True
0.54665140769534093,12,1.2960448116997465,False
0.52304756446480571,12,1.582902662322855,True
0.59122203363469561,14,1.3614517860523694,True
0.54700573026137111,12,1.3502825062706583,False
0.63015331799210739,13,1.4794574415827229,True
0.62986421241744206,13,1.5549097627133455,True
0.97046316539424715,10,1.6144830029439237,True
0.72334198839395769,15,1.5722249464320275,True
0.97294491863284394,9,1.2743730969211517,True
0.87595868438486379,17,1.6229405729953439,True
0.82391547467270732,16,1.676722974425229,True
0.50693073263992261,12,1.4099469412696708,False
0.5267706982533964,12,1.5633059044626028,True
0.56957358979600192,12,1.6842090692731699,True
0.58454873655045592,13,1.4916082977717471,True
0.55295357084693342,13,1.5290720100592483,False
0.56871465397998078,12,1.4647534743901216,False
0.63070550040572526,13,1.4263098041674873,True
0.59811030949524802,13,1.5959689492037019,True
0.77705222068114099,15,1.6160478435898666,True
0.7319967838543161,15,1.6751261683982421,True
0.62736600585584912,14,1.6213690953230446,True
0.61885329045548798,13,1.6481943191320609,True
0.56544663139892604,13,1.5640138719349868,True
0.64348872242064403,14,1.4555166759029743,True
0.62284304234174603,13,1.6728380863259515,True
0.61765683724929155,14,1.5053744523811794,True
0.61081617196358984,13,1.5337519682361298,True
0.50215921590360546,13,1.4038586885327977,False
0.55250617047822537,12,1.5352108759308667,False
0.82738114903727977,16,1.6254329475634954,True
0.5483369092803132,12,1.4459928090187992,False
0.57895320863540101,13,1.4999861767696574,True
0.52775816573896361,13,1.3623962561462755,False
0.84072037141335687,16,1.5857504617189777,True
0.62118388665602409,13,1.5412761323320729,True
0.57896081252539799,13,1.4646925237665462,False
0.53054870815853872,13,1.3559256043885184,False
0.58117583155942842,13,1.4883918169632264,True
0.94424858426693781,19,1.6349544135293288,True
0.55459616412077972,13,1.3795601301014782,False
0.77044885794688778,15,1.5874596616937153,True
0.67116693813865702,14,1.6086582790357533,True
0.65929793194015973,14,1.6002125724391574,True
0.88687693640395293,17,1.5156977936468157,True
0.7969475773433744,15,1.5945723682581461,True
0.6451936212219811,13,1.5050747861144149,True
0.53419324632685361,12,1.5546147392265957,False
0.5923612706719863,13,1.5545012998764614,True
0.5483419332916355,12,1.3281549442675573,False
0.59518538485779682,13,1.5858298027133455,True
0.65399687188810585,13,1.2575459498195467,True
0.47463516499028652,12,1.3633124719557275,False
0.63386005768790254,14,1.5233986429305781,True
0.94294228659155921,18,1.5997833651801494,True
0.5039127943433177,13,1.4759040919938167,False
0.95437363999860647,8,1.5679263822533092,True
0.56446197301378165,13,1.3816452449565582,False
0.60900935666541156,13,1.5304691884532637,True
0.73966248095035292,15,1.6447590062507405,True
0.60265985561957724,14,1.3785112767133783,True
0.52868983019635474,12,1.4434682044607134,False
0.89549078448554886,18,1.6147478463266451,True
0.56242482992019682,12,1.4508450910447088,True
0.95687100745493803,9,1.5388197204724665,True
0.83696712412718821,16,1.6010042806337497,True
0.48832099701072729,12,1.3767141166686423,False
0.55345947736714007,12,1.5093177362251806,True
0.77365410770336474,15,1.66543807748409,True
0.55622164090222359,13,1.4806364012809072,False
0.62171133778697085,13,1.6790241865023101,True
0.63661422686451563,13,1.4168986256969078,True
0.53880979483216485,13,1.5221491667891216,False
0.61419271020784194,13,1.5341978274028101,True
0.58135871817361373,13,1.4647782523219888,True
0.52422401949961361,12,1.2321657725787303,False
0.97488044792130779,10,1.5555547918826458,True
0.58999150071168449,13,1.5498383867673176,True
0.54806424706203627,13,1.3029100695901958,False
0.56005118838365275,12,1.5569759351463106,True
0.5395270079755794,12,1.1166024029261858,False
0.53490609176513471,13,1.5054409897892698,False
0.68052237713777919,13,1.6651147020095931,True
0.501747680360773,13,1.3264300561911258,True
0.6154168411443055,13,1.5897818606743095,True
0.89071645263926835,17,1.6587647352055084,True
0.65695115692844552,14,1.5405275635192781,True
0.57924087821731551,13,1.4722939725092636,True
0.53614007403248609,13,1.4947993141040501,False
0.61012993924938552,13,1.5858257246115945,True
0.77519810427444524,15,1.6570936007809656,True
0.58947453069001876,12,1.4477931931792039,True
0.54800056265763952,12,1.3523190475186087,True
0.61330482256774266,13,1.5794612866702342,True
0.54926976999050003,13,1.2199593000888831,False
0.67691922654755887,14,1.4948067621055934,True
0.64061138595694267,14,1.6400887163536477,True
0.57435556649751285,13,1.2810454012006818,False
0.70621801051623034,14,1.532612399217901,True
0.61154540018301495,13,1.6045889232396544,True
0.71879675260219245,15,1.6354238724337433,True
0.79320443098324966,15,1.4273240894929931,True
0.64158892220142349,14,1.5173251407875161,True
0.61989336169627585,13,1.4680808998066845,True
0.53227735236742202,13,1.230782749321528,False
0.58569109293545096,13,1.4355206001870218,True
0.54030098838549634,13,1.3870299365313989,True
0.95953968647168075,10,1.5999288436792654,True
0.67004652553430721,15,1.5043715607201058,True
0.91417100865727807,18,1.5213373860131267,True
0.5588912379990062,13,1.3398846758064775,False
0.77338887743360674,15,1.6126796573563338,True
0.58377619311098461,13,1.5379067220735019,True
0.53181555774175049,13,1.5850483689025017,True
0.58862902770973746,13,1.5088967811780161,True
0.76888823216280422,16,1.6480933615204423,True
0.78584098547753112,15,1.6358436293482843,True
0.56358028629545331,12,1.5680771772246007,True
0.92482905947173244,18,1.6707154849063102,True
0.62034017542766173,13,1.3305537994622649,True
0.48282737029379252,12,1.393711403661372,False
0.51861531430871188,12,1.4860974153177198,True
0.66244372424750508,14,1.6211716374395722,True
0.55151348291678737,13,1.3928951856969054,False
0.95758492563100361,10,1.642412279714679,True
0.63635783761296361,14,1.5462420873718603,True
0.95201794555378383,8,1.6173060762596978,True
0.5731413556494801,13,1.4792901544922952,True
0.54471636800346601,13,1.4017440695055023,False
0.97576788201440878,9,1.4652124302740299,True
0.60230359504663356,13,1.5241325968341506,True
0.50730319559767312,13,1.3509483026183722,False
0.83486334418624264,16,1.5853659972521887,True
0.53612322825781389,12,1.4994289090528758,True
0.59019652593194272,13,1.6117906329822862,True
0.60233356581594633,13,1.4883080793517529,True
0.58210960516093124,13,1.2432985537385801,False
0.61882699956426923,13,1.6754806280066346,True
0.51030257518997468,13,1.3273564276257006,False
0.55389116737535016,12,1.3434489455587078,True
0.62256335015667352,13,1.4791840700809205,True
0.70419079359587089,14,1.5125840355949969,True
0.47699759015271304,12,1.4399005039401711,False
0.63444134093783755,13,1.5671772749408108,True
0.76640675830178162,15,1.5029135995586755,True
0.55729755376010648,13,1.2973498956587117,True
0.95860444639149278,9,1.674171035384096,True
0.57243110032422473,13,1.4812941306951077,True
0.61969047419811274,14,1.549333938551041,True
0.58004765554896431,13,1.3229535708537516,True
0.54147508360679275,13,1.5612791924168397,True
0.96296118855460489,10,1.5241233889245658,True
0.84595870151141872,16,1.6289646893194047,True
0.96429074822304905,8,1.6278458156111049,True
0.56996005291024532,12,1.4965526916644443,False
0.51235111427219449,12,1.4986705468464989,True
0.58583165920344638,12,1.6329426009000663,True
0.60834597563546755,13,1.5155230953426688,True
0.68821013534611353,14,1.6100837814549172,True
0.5086080612399646,12,1.5121219072887178,False
0.93022175693140563,19,1.640631630444696,True
0.74851046478859029,14,1.5981031770225282,True
0.54014007816951093,12,1.4733969784551286,False
0.54136544724053526,12,1.3785788629403404,True
0.73689650497072778,15,1.6154939216998037,True
0.96014306520590065,8,1.5456769611411647,True
0.51937170146431433,13,1.2916398784915355,False
0.49716768807795703,13,1.2075127376246024,False
0.69128094358389636,14,1.4681746273783278,True
0.63825482438058601,13,1.4894682411514701,True
0.74135338090919289,15,1.5026823318892544,True
0.92640764849231383,17,1.4772407497219961,True
0.83034937357593142,15,1.6697800224199237,True
0.57509326392466575,13,1.4027570662377948,False
0.58832019097342547,13,1.5931919627465141,True
0.52522812087145199,12,1.2904651026369214,False
0.66644324859430792,14,1.5637952008665859,True
0.89536512340898711,17,1.602145612287986,True
0.6834927965976012,14,1.6595384350388378,True
0.57886527773031937,13,1.5790929430787493,True
0.6349373926524694,13,1.6945767950374513,True
0.97325745239468919,9,1.5113238936968787,True
0.68311752414156834,14,1.6062469944646933,True
0.59663113070458951,13,1.4237667308620376,False
0.52468465587297375,12,1.4402484859429781,False
0.57235583022637826,13,1.4811478795146813,True
0.97326584305641495,9,1.4990930202403705,True
0.67558288617206652,14,1.5247146386288191,True
0.77319289055322893,15,1.7039019707275618,True
0.48844842005259859,13,1.4754309344161542,False
0.57283504923655026,12,1.4514780849787701,False
0.66803864917582567,14,1.5758342333830788,True
0.86090500211252552,16,1.5754172484773983,True
0.69374657507402726,14,1.4760686898856594,True
0.73899011755017219,15,1.5798301950903275,True
0.70954371181669007,14,1.6689823423776586,True
0.60560790118404728,13,1.4289050635223906,True
0.5326494781998875,13,1.5663233665423797,True
0.5672813472725492,13,1.2285300490163762,False
0.55853879332164236,13,1.356121219352294,False
0.87785166536822112,17,1.6615236763950489,True
0.57848889871868492,13,1.2113028671640422,False
0.57663921167941556,13,1.2285670103955273,False
0.73489973253408292,15,1.4522892596790067,True
0.87055009268131633,17,1.5249171219564879,True
0.56850450374058858,13,1.4563320859074445,True
0.58827161139341611,14,1.503938194099451,True
0.84763041527763894,16,1.616437147856512,True
0.73422876272442172,14,1.5782957108394331,True
0.89129541752328978,17,1.6653829347726012,True
0.64631226976604339,14,1.494240257294507,True
0.61993272929694443,13,1.4985036955195512,True
0.60404017148053801,14,1.5727523416891018,True
0.56764334359463153,13,1.1369941927779295,False
0.54463473969567844,13,1.574343603959274,True
0.56768983299707976,12,1.4515003463401004,True
0.6131957103101201,13,1.5295497506009155,False
0.70759426081441124,15,1.6372018755425415,True
0.85102228967510429,16,1.4629777733124316,True
0.59478051225253459,12,1.4981166508145338,True
0.67142135751344412,13,1.3631890036338234,True
0.57919059906220249,12,1.3867657495047749,True
0.7013737820737308,14,1.6407596939950435,True
0.67920073512648782,13,1.6268789503786134,True
0.51693683006755553,12,1.5550374320083777,True
0.60443789465348674,14,1.5838999670854301,True
0.66786857083235096,14,1.6406465522295495,True
0.57849369483527657,12,1.3159844513354846,False
0.57164066635491573,13,1.4147412682451523,False
0.54708743000548632,13,1.5176745004007406,True
0.57155049400467461,13,1.4831794320356078,True
0.88369330962795944,16,1.5671001303019589,True
0.57802718214769777,13,1.4224845334946523,True
0.94831440741834483,17,1.6103452714663993,True
0.69478863501421062,14,1.6312487579663104,True
0.78496357117962068,15,1.63103879020644,True
0.59823962072933135,13,1.4850439555173816,True
0.60463294486926589,13,1.3343805616304358,False
0.57611984723026355,13,1.5438829546112967,True
0.55941146824315136,12,1.2985635447583397,False
0.81546524308653079,16,1.6491534790283291,True
0.97660431962741245,9,1.6095347943512928,True
0.66350928728287073,14,1.5625183294297853,True
0.78186172498469231,16,1.592986878588124,True
0.5735280836271166,13,1.6022245473181016,True
0.59017837631391012,13,1.5241703481119737,False
0.57795722196358101,13,1.6127948754884114,True
0.58186672609449475,12,1.5343558807253477,False
0.63194767678645247,13,1.5875430225829805,True
0.9515387477756746,8,1.6924337130142189,True
0.64568569134362064,14,1.410584870063456,True
0.54426961088976389,13,1.4839792518235488,True
0.96004510940699073,9,1.5174273511201912,True
0.67411748726922427,13,1.3308849440690538,True
0.57625550760898026,13,1.470335885419807,True
0.53400564154170749,13,1.3652609909480731,False
0.75736883288136314,15,1.6242851824241389,True
0.67622460464382139,14,1.567456990588993,True
0.64211852417716209,14,1.5616876345487236,True
0.53761773375443578,13,1.4031375881278028,True
0.67378801728862037,14,1.6478841714221792,True
0.97090567651354021,10,1.5730032143935193,True
0.81660826010169862,16,1.6347696048964198,True
0.81474463396734398,15,1.6850619112301763,True
0.5271241640527522,12,1.5461198651155272,True
0.95189661200650899,8,1.6435640763225399,True
0.79856827413332065,15,1.6644391010553343,True
0.5365491646110524,12,1.5105133006935931,True
0.68039354324722934,15,1.5056287887137301,True
0.98315440066207638,9,1.668142963791869,True
0.52462414200314056,12,1.0518646770019202,False
0.74720924201204819,15,1.5118479552350319,True
0.69554059966056458,14,1.6087323603009422,True
0.64608300437260469,14,1.5735587757599514,True
0.53308355335368729,12,1.506299634854251,True
0.53119525825758662,13,1.3810608248606784,True
0.57567678704492198,13,1.4932157386592491,True
0.62212903229233907,13,1.7148298622288545,True
0.66417235947691389,14,1.5993344128859155,True
0.7961581436022741,16,1.3447189895520306,True
0.73804407353944868,15,1.6342273762446193,True
0.55979826531913401,13,1.4572051044809702,True
0.75174659914553865,15,1.4008819585422416,True
0.84841607739330749,16,1.6032598431723086,True
0.52196577450774995,12,1.4136069003706084,False
0.58753357369609072,13,1.5689054360569659,True
0.59061722943249684,12,1.4355975504687299,False
0.54020483417152665,13,1.3596397018236752,False
0.52459779503323323,12,1.4240068397687358,True
0.74814005240433801,15,1.6646529087002782,True
0.52155549708183058,12,1.5850426434442684,True
0.5556076497203577,12,1.5210724149592398,True
0.75551514889586568,15,1.4396286097944022,True
0.60312020434002889,13,1.3805833906420888,True
0.59649946523789787,13,1.5989447202539244,True
0.79407409606951507,15,1.4956473942151385,True
0.90935098533450898,17,1.6543605493077371,True
0.56310208924884575,13,1.4090430123384705,True
0.97484951751267679,9,1.6056008515215519,True
0.60823734722729661,13,1.4653267137757202,False
0.61035827176518853,13,1.6103970788205901,True
0.54951063746954332,12,1.3359827930112387,True
0.65059215132956238,14,1.2839003393496287,True
0.71720130950418337,14,1.62582728094067,True
0.80139671679009727,16,1.5987927122299732,True
0.55545658190150715,12,1.4969622845677586,True
0.6367948608600823,13,1.505123554356099,True
0.95538014387844983,8,1.6616239767337346,True
0.55690799002244096,13,1.3536045624145909,False
0.53702879801862824,13,1.65604714561757,True
0.95791359028970324,8,1.5855069580872201,True
0.58422062822543108,13,1.4865733267904924,True
0.52836580185626403,13,1.5354956273702451,False
0.53447753251905572,12,1.4951943379227461,True
0.53748281676730836,12,1.6174757398129616,True
0.60020301559327094,13,1.6030704604139303,True
0.75566325178505989,14,1.5446357585372712,True
0.80922331717129026,16,1.493457907038507,True
0.57936507459657827,13,1.3495086796625604,False
0.59731229930130492,13,1.1585992911280203,False
0.63342066833847677,15,1.6629177758398741,True
0.59600283069436744,14,1.5190245789184798,True
0.53306438057159067,12,1.3284186191364549,False
0.5827608958610585,13,1.4960892566754256,False
0.57268231142839932,13,1.3795539599979609,False
0.47263348390605453,12,1.2156511334278488,False
0.62281157128027786,13,1.6903850109501042,True
0.6565533536143966,13,1.5686739844804698,True
0.80957540934953376,15,1.5896094797614733,True
0.96775835295517831,9,1.5840011219976027,True
0.54935536829043996,13,1.3563305451994065,False
0.59409979029339277,13,1.5515499323885193,True
0.80766176375167709,16,1.6793216075888031,True
0.753722224606304,15,1.6336540434398779,True
0.96034419776500091,10,1.6954381145343009,True
0.59285317498180323,13,1.581888523300311,True
0.53998211582056943,13,1.3086793104294923,True
0.66775242014284464,14,1.573619425242307,True
0.67952909583219823,14,1.6071954382151965,True
0.54387788956540661,13,1.3427265572387199,False
0.58659262057864769,13,1.4287301545484421,False
0.58715380843112641,13,1.2701435094789939,False
0.54400912091179698,13,1.5344450173770345,True
0.51692846156603423,13,1.3711811712246398,False
0.53131235594704929,13,1.3285697768022837,False
0.59826896935226359,13,1.5034917261896388,False
0.59229755749834256,12,1.6070527110371577,True
0.80442817637709574,15,1.4081369345965766,True
0.9566675185068283,8,1.6596290009288832,True
0.78281202859762244,15,1.5846936513372978,True
0.60250088202337193,13,1.557220419743903,True
0.95589089850670683,8,1.652354079623314,True
0.57674837120202138,13,1.4139586969080462,True
0.63787183030184247,15,1.5147948327904175,True
0.89344650215079968,17,1.5508963176706105,True
0.5051409748492951,12,1.4678584680898579,False
0.52930603826234113,13,1.3267269699672801,False
0.72067267437748728,14,1.6404505207025439,True
0.58808638944267277,14,1.4892430803455314,True
0.68404839015390451,14,1.6986858253222699,True
0.64914667160005013,13,1.5852467360368261,True
0.55552645146106838,12,1.2567237855279609,False
0.55421461330754784,12,1.5287571921865921,True
0.55225921170805137,13,1.5430502053072954,True
0.63936908414067628,13,1.6207777184418897,True
0.53786753295895839,12,1.3443985179845288,True
0.68502647215148971,14,1.686588983211283,True
0.62244412739771582,13,1.6482417698921561,True
0.5793684611658606,13,1.4089357931895217,False
0.55122346817405365,13,1.4553332559220085,False
0.55381824806551894,13,1.4891576940827955,True
0.49669467963267688,12,1.4032964922589053,True
0.95263596188921373,8,1.660846202016548,True
0.9551358649480125,8,1.6501793253889248,True
0.74217611358728408,15,1.6205504584612365,True
0.86934757504912341,16,1.6597608102070722,True
0.6063191710129362,13,1.653496153966161,True
0.52610649951826749,12,1.4511868673289734,False
0.96477842029907579,9,1.5611599933553413,True
0.64917225503867393,14,1.6514989556436042,True
0.65690307702552142,14,1.4952580682797194,True
0.76057136077273713,15,1.467751520505955,True
0.56746194527669835,13,1.3803227516374463,False
0.53360395215174738,13,1.2765829494202994,True
0.70712652142801113,15,1.5641091212943239,True
0.86818326134902235,17,1.3888713357928351,True
0.61905875211974404,13,1.5660274837311934,True
0.56677385182826945,13,1.5670371058332822,True
0.58893184329678772,13,1.5728353204179115,True
0.88067476270217437,17,1.546758086176899,True
0.91004230159710031,18,1.5851563852067996,True
0.68622229084111308,14,1.4695333728981725,True
0.7142034804298647,14,1.6620560116528866,True
0.54021591436525984,12,1.3946362948429787,True
0.65576139426469648,14,1.4932912636014386,True
0.95452200284109734,9,1.6251634668211539,True
0.60251704729594358,14,1.7014072460620875,True
0.58454004754539224,13,1.6131294732171171,True
0.58613432237597574,13,1.5973521968888866,True
0.55484042388482768,12,1.5256808906761954,False
0.55330257149935347,13,1.5220114451316131,True
0.70197632614079175,14,1.3543917025582428,True
0.57096595492223667,13,1.3476282205519814,False
0.60082405466117172,13,1.4787427909154496,False
0.64822727080853415,14,1.3969933653566349,True
0.64747260457881595,14,1.6292873959309664,True
0.90516452799172264,17,1.6477552783618741,True
0.65814275759396401,14,1.6531916026090139,True
0.51209190172109775,12,1.4318982413579664,False
0.95075625194892832,12,1.6680598923241505,True
0.49757985152654499,13,1.5258616885440668,True
0.59002152828902188,14,1.4411750378516919,True
0.80951110246077984,15,1.669352364933405,True
0.67132936036161983,14,1.5052416943981204,True
0.51850112017218208,12,1.5478132901767983,False
0.89550844571873445,17,1.5006557066437336,True
0.59586780950992579,12,1.608931792572863,True
0.60798518962339065,13,1.4407325995898781,True
0.95479440777400515,11,1.5271505431108716,True
0.62122563266191844,13,1.6484355580863883,True
0.57928005514369274,12,1.3770963655613655,False
0.51267778718011092,13,1.4000328812478662,False
0.70720209257388045,13,1.4980039169294053,True
0.59949348939710934,13,1.5120746815914197,True
0.96307250610773276,9,1.575192994912747,True
0.60443544553901363,13,1.5157871955122109,True
0.68068629226893951,14,1.5289927061306463,True
0.56728006261246111,13,1.521670755112245,True
0.55356988603719903,13,1.4776149552941986,True
0.54523960717747677,13,1.5213438871664995,True
0.96505855765764248,9,1.6790150460555846,True
0.60156013038152989,13,1.5373652260627271,True
0.96324727085506712,10,1.5851365422251873,True
0.59876691180717634,13,1.6511259090427939,True
0.8805644646323233,17,1.5280653892448097,True
0.73616597047825416,15,1.5492648087972134,True
0.5746891239990175,12,1.601703100350951,True
0.62884177420989984,14,1.4971515744443569,True
0.57243029529114642,13,1.483021909387126,False
0.78524336811956175,15,1.4711886291539891,True
0.56204002996566749,13,1.4384571583763668,False
0.7968778065197395,16,1.6482509513039458,True
0.65277149999103246,14,1.6601336170724736,True
0.74129667682328815,15,1.6904440427162608,True
0.66169625465236459,14,1.4306310654589791,True
0.64821600890596753,14,1.6374575390164143,True
0.57569195202145163,12,1.4046108656025869,True
0.66088579423613858,15,1.4078954994506481,True
0.67551805660016673,13,1.5108119447028754,True
0.50778224532307736,13,1.2912276379090997,False
0.75365824965103434,15,1.6128021000510631,True
0.64782990388849626,13,1.3011762055892409,True
0.75614242499286344,15,1.5430574044063916,True
0.57449417406742886,12,1.4155721098652889,False
0.55194203088995331,13,1.5114634324150953,True
0.58160894031776611,13,1.4798494248506417,True
0.60239063639400237,13,1.463781679005939,True
0.58152597847004717,12,1.2708117557197705,False
0.97022843627120048,9,1.5802991867894038,True
0.96538735942314036,9,1.6032918107906318,True
0.67512465890853601,14,1.5723888162378346,True
0.57919697320837271,13,1.3070202946627687,False
0.51262831910468165,13,1.4006400533402277,False
0.59704538825684395,13,1.5588371685553695,True
0.61464108158647812,13,1.4163179961820354,False
0.55720651153375444,13,1.360716380796545,False
0.52257146215219741,13,1.2983321388390292,False
0.74207528509477327,15,1.5434886098891747,True
0.52533519532218487,12,1.6233440228230345,True
0.71014220322926647,14,1.5787671398503786,True
0.60956668912065404,13,1.6417561462864234,True
0.60372885467233584,13,1.3445069705262962,False
0.49668514732788516,13,1.1514426804209736,False
0.95553432279727479,9,1.6370090960167882,True
0.52682464509794646,13,1.4288220543483696,False
0.91530155111412903,17,1.567957361068099,True
0.54419339927573296,12,1.0255849591078385,False
0.73625345005595233,15,1.703227410289522,True
0.9693460564206251,9,1.6920165026300382,True
0.95052511266180417,8,1.6756652171948212,True
0.95213656740007913,10,1.5612454238492814,True
0.57520158471577565,13,1.6499866223980439,True
0.50011796987047696,13,1.4385179607373695,False
0.72688049449771752,14,1.6192211513193775,True
0.6057786296821146,13,1.3506574306785126,False
0.52933646229872855,12,1.6008666318711338,True
0.79572819537092143,15,1.4096785082734171,True
0.56365142865520934,13,1.5032768056956902,False
0.56484960056694167,12,1.3666418259645134,False
0.65630767983129557,14,1.6497456438421074,True
0.95898767273793184,8,1.5475825556943581,True
0.95925195134959529,8,1.6327088435695234,True
0.83487654767331665,16,1.6884060079432386,True
0.68932609214526841,15,1.6122190180738036,True
0.67435949518411353,13,1.4237483992483808,False
0.65746139611538534,14,1.6195069301070406,True
0.6641834041372886,14,1.6078544471564826,True
0.71354933244470808,15,1.561701888125373,True
0.95433979153277815,9,1.4503042981010756,True
0.81852204550091912,16,1.6489088400215717,True
0.58877594948872269,13,1.4748764836650783,True
0.64268986007689222,13,1.5719894841700255,True
0.57586862994751364,12,1.6024144073573521,True
0.60800753044280997,13,1.6694788555159126,True
0.57606478401947858,12,1.5071616497806843,True
0.58287950678214118,13,1.4615318969445794,True
0.71218525152732615,14,1.5811907606976714,True
0.95192929515480562,8,1.612615721414731,True
0.60551611718549503,13,1.6460409503359301,True
0.57819952051925849,13,1.5432114474017018,True
0.60360401513683781,13,1.5460316486777499,True
0.5971920688698511,13,1.4852187948261451,True
0.56508199918102042,13,1.5177652490882207,True
0.77397955322875744,15,1.6377258120509828,True
0.96358026493963211,9,1.6585280642503679,True
0.56679293477410153,12,1.4721333999271593,True
0.96833588176723939,9,1.596943124458619,True
0.71924921769357375,14,1.6763914489112908,True
0.53287035351975887,13,1.3711752324482818,True
0.69637437457881235,14,1.637347384955665,True
0.53326551351514828,13,1.220408635701639,False
0.71414456236109358,14,1.5341895993105912,True
0.81522781551022971,16,1.6389820208942192,True
0.62255612518218895,13,1.6452292024835748,True
0.74005184880055674,14,1.6808896229359442,True
0.96109188024604519,9,1.65473502266543,True
0.53905393432787285,13,1.4135939318566713,False
0.56537329798088942,13,1.5043614575013773,True
0.85934942734520425,17,1.6194558822624572,True
0.6883482068768596,14,1.5967438223248176,True
0.67339875039216235,14,1.6513303816867471,True
0.62442617282395152,13,1.3340306215042061,False
0.60831305152324655,14,1.5320366834975772,True
0.6881479412735928,14,1.5529924839207854,True
0.94961536561858406,18,1.6539664468807593,True
0.57212479406463101,12,1.5853783228489127,False
0.57076601269318228,13,1.4668469841155509,True
0.9578333702895937,9,1.667300120122261,True
0.57672174377692587,13,1.5264639192307414,True
0.77259529520658188,15,1.6612289271639282,True
0.64879927397538439,14,1.5376490765943553,True
0.96722885762344302,8,1.618717848352361,True
0.95625030124458532,8,1.6673385899995035,True
0.65717198016844669,13,1.4514657157875079,False
0.72820622410821745,15,1.6476211123126199,True
0.67963761134811373,14,1.6288925771505067,True
0.8999756420948084,17,1.4480619669954984,True
0.58940224849234413,14,1.5696556353709035,True
0.53063026053130913,13,1.4090997157907788,False
0.77282620333142515,15,1.5908780629522263,True
0.59055397423855027,13,1.4373422461391274,True
0.75303229702151331,15,1.5934494364174456,True
0.69329705935267794,15,1.4835392599811854,True
0.96149720690723006,9,1.6729921301019122,True
0.520041572032239,12,1.3720943077211187,False
0.57936203375934714,13,1.4520795523112449,True
0.58520533368785099,13,1.3607019139871117,True
0.59160741728838495,13,1.4595592694637145,False
0.7167425113449819,14,1.3918056697186016,True
0.52638452469797548,13,1.5546452027475735,True
0.75535187241853985,15,1.5367504689961891,True
0.79817151342526915,16,1.5303843215498178,True
0.96675440205230578,9,1.6530077213796845,True
0.66161120855109923,14,1.4835137675107679,True
0.64300191668412665,14,1.6579950878411154,True
0.67882537770763063,14,1.5140666432464724,True
0.58375668831878458,13,1.4662797933649869,True
0.55812142611338511,12,1.4206494026456153,False
0.66601368348901258,14,1.5494951237925756,True
0.57007483703639483,13,1.4980288184493498,True
0.71418292444171372,14,1.6156035052350508,True
0.53993048035860636,13,1.1957816379058011,False
0.65988688280356522,14,1.5613640706543479,True
0.5893638506936546,13,1.5355163368889351,True
0.53034925363273333,13,1.2517256048259802,False
0.54964931266567685,13,1.440177682641266,True
0.58776997754798943,13,1.2735644832427679,False
0.97535357590623251,9,1.5307459663485767,True
0.61634671840989508,14,1.6331310352345016,True
0.53590584211666115,12,1.4694978221904873,False
0.61265397323056792,13,1.4905995449933089,True
0.87892410590681391,17,1.6229954632181722,True
0.96239703631039963,10,1.6971032878801708,True
0.58783318604170509,13,1.5202309869998314,True
0.54858650124608443,13,1.4168462110628024,True
0.58847830619260555,13,1.526166360570536,True
0.64679585377010129,14,1.6167123419962275,True
0.6697269568810893,15,1.6407926702343947,True
0.66061049185227494,14,1.4716681919191499,True
0.65677179048455736,14,1.5795850190209579,True
0.62940342445270681,14,1.6883001393495618,True
0.58310788334127961,13,1.5330338253371476,True
0.56345767058223062,12,1.5208763291188421,True
0.54848504246832508,12,1.536654006641472,False
0.7023106216451892,14,1.6305744283180641,True
0.92715596180198101,17,1.6709154174808039,True
0.95747171415132881,9,1.6001044362903527,True
0.70628095039310745,14,1.5223349606387264,True
0.97165964571122421,9,1.6961430171159024,True
0.58204767132655055,13,1.5184082178752103,True
0.58189266186453492,13,1.6023251382224439,True
0.64215868240488005,13,1.6184928956331179,True
0.86511096531111098,16,1.6011155540198303,True
0.85192301715165308,17,1.6628682482705783,True
0.51841139900608391,13,1.4757198524093742,True
0.60807742763595585,13,1.6160816919142029,True
0.59997146914271049,13,1.4886457816411964,True
0.62173636678715039,13,1.5981986691491761,True
0.53525823009073359,13,1.4743212720304308,True
0.97879887435130064,9,1.5863354598024715,True
0.56715812849672509,13,1.3971526578618634,False
0.61808619531066289,13,1.5379029913456455,True
0.72842773701817098,15,1.619761903313077,True
0.67714368176791928,14,1.6388820919082583,True
0.53495493924592952,12,1.5544930163010906,True
0.56846671733957466,12,1.3324920500908197,False
0.82644777947660608,16,1.5498900729507201,True
0.66763843395590794,14,1.6724193084214698,True
0.5751060186782031,13,1.5013953138127507,True
0.74000758055579319,15,1.6396513509349935,True
0.50063641773360323,13,1.3014998002084146,False
0.56522517780142811,13,1.5256909599757607,True
0.6051219396871349,13,1.5999411517304809,True
0.64163285273991699,14,1.6086957798301575,True
0.57241457583962374,13,1.3109964436362609,True
0.77349157027996651,16,1.6535721904300409,True
0.73330119911652458,15,1.5182838099626956,True
0.91811535995727189,18,1.678794636230692,True
0.52068675380363738,13,1.3743460366946652,True
0.65678335138495414,13,1.6612915051118424,True
0.65835423236561363,14,1.5660550354138896,True
0.95538277642091185,9,1.6817561272712651,True
0.97223959225730283,9,1.6737250484896062,True
0.4668903243983667,13,1.3729578667077393,False
0.52829156719681891,12,1.5571105776763745,True
0.58979365469426814,13,1.6410319291613484,True
0.52049475198171935,13,1.3152834097699317,False
0.95300210331425106,9,1.4707305304705971,True
0.95869605362321519,8,1.6323122685292206,True
0.61527261317782111,13,1.4379893146422391,True
0.86064410046136897,16,1.6630113576800818,True
0.61530446033054831,13,1.464973549931134,True
0.48749384352806641,12,1.4927199029175275,False
0.62853050847045422,13,1.598883383449653,True
0.67733277274049952,14,1.5805349700254037,True
0.96312345933028853,9,1.510051319441817,True
0.65058809141877161,14,1.6419176735535177,True
0.58287840462468476,13,1.4531757765824656,False
0.59549228515317876,13,1.4266103436546738,True
0.60470873627359367,14,1.489112167744554,True
0.55621060520380461,12,1.3015454995228761,False
0.78140884507597685,15,1.4893327921690216,True
0.51889595428501556,13,1.4947176287798856,True
0.74213864638698257,15,1.617391825422674,True
0.59904790922615081,13,1.6315584522526092,True
0.77778652630649869,15,1.5372881997540828,True
0.69741804282719344,14,1.4905825276837334,True
0.53780267426600648,12,1.5772672781476946,True
0.74882623487844546,15,1.4683611706812199,True
0.53589364450699284,12,1.4744876155960351,True
0.96236090444547129,10,1.6221941147214074,True
0.64575726438786729,14,1.5974794700929449,True
0.8231452457708579,16,1.6624535585457316,True
0.68843329553288646,13,1.5498118120728361,True
0.61489484211315915,14,1.539077243558763,True
0.58554468163280049,12,1.4929580542438678,True
0.46242639731841373,12,1.3942198540017294,False
0.96033805590665466,9,1.611798394179462,True
0.79176536365729078,15,1.6730460699404881,True
0.5531121357867308,13,1.2429139502805659,False
0.68237792724378021,13,1.5654472246060605,True
0.67628349494932005,15,1.6016370122899415,True
0.63385059358899865,14,1.5488151530271224,True
0.73916299892026416,15,1.4706892415610837,True
0.61523744407867553,14,1.561729743939666,True
0.8324727113513295,16,1.5980047863668188,True
0.49532135866976529,13,1.3616660135632528,False
0.71709386632024941,15,1.3929590775955967,True
0.52321584513489316,13,1.4494796653943487,True
0.66300913112038595,13,1.6266633744712944,True
0.61655381488164451,12,1.5809155915520823,True
0.57780569432468631,13,1.5387603017710265,True
0.5926498083125451,13,1.5762289134460754,True
0.54502790294145875,13,1.2833996477974117,False
0.75060023803428066,15,1.674882278355085,True
0.59064547686644275,13,1.4425072762286333,False
0.57330254970922134,13,1.446040618136019,False
0.59482287944220757,13,1.5102933785947914,True
0.51485686620174709,12,1.4241754729827047,False
0.66444865409144038,14,1.5753924377483008,True
0.72785655935742588,15,1.6874563675994949,True
0.59354071941039821,13,1.5235760864722845,True
0.91731175700332157,17,1.641385029828174,True
0.50774616185852373,13,1.5002125861578006,True
0.52057291463088728,12,1.4560213141160911,False
0.56005025835894118,13,1.5418480862214683,True
0.9090952189399466,18,1.6024690278345124,True
0.98059978829635597,9,1.6732290783784469,True
0.63373885567226995,13,1.6192891274911814,True
0.9604083636772982,9,1.6833351221885089,True
0.76385734275456041,15,1.4647257500580031,True
0.59996006743712926,13,1.4245804098844694,True
0.53446589566101632,12,1.2185040357669246,False
0.64905283230221111,13,1.5763872337258287,True
0.61796595548458522,14,1.6047034626540346,True
0.67901215159723305,14,1.6510357561710447,True
0.56549046811330717,13,1.5202567094632751,True
0.96279099334677631,9,1.576588317871543,True
0.65563763726288071,13,1.5674873869762167,True
0.55721612491869399,13,1.4661180751260392,True
0.55302028956971905,13,1.1785837056824893,False
0.67610658329737527,14,1.5908077044656743,True
0.80490028427443261,16,1.6767799949789615,True
0.77303610422647351,15,1.6390348434560262,True
0.54858149216811125,12,1.5796573636185753,True
0.53252037707472777,12,1.4999965462409506,False
0.82237489011682163,15,1.606610447482782,True
0.54856259340025759,13,1.5560981165985519,False
0.95253953858856943,8,1.6633836110747886,True
0.68884717009224283,14,1.6645459900996362,True
0.84625593221989548,16,1.6600725587766538,True
0.56960801239039283,12,1.31440453136938,True
0.82197749094646877,16,1.6414450893564387,True
0.73102266575880614,15,1.6126434392594962,True
0.59131655893688795,13,1.5953204291557415,True
0.72016264088025961,15,1.4703327437034772,True
0.74195079702501776,15,1.6777617302752128,True
0.73194468225544074,14,1.4936309945975625,True
0.57940808538935595,13,1.5617800470092402,True
0.96081565202330155,9,1.5894250648830623,True
0.96000109119051058,10,1.6450726536482352,True
0.66435547850886945,14,1.4526567411304458,True
0.81194824026101753,15,1.6569043558188539,True
0.96690839658057193,9,1.680507495713941,True
0.58807487379453693,13,1.5600592397445436,True
0.5979752060167649,13,1.4279458582178661,True
0.72910968761083583,15,1.6002827173293415,True
0.63009006498431031,14,1.5323358956446249,True
0.55283047031835164,13,1.3462649239774755,False
0.78345235542901281,15,1.3879224675956732,True
0.67872504221285801,14,1.4474168227038655,True
0.77136446008778825,15,1.6408986055265526,True
0.97580126566762149,9,1.555599011743376,True
0.78336043592909255,15,1.5551713562594236,True
0.77304094610958374,15,1.5129696679687976,True
0.58035186152621887,13,1.4114979560516736,False
0.95698290236477712,11,1.7089471190508665,True
0.62222148561103885,13,1.3763161518059006,False
0.77170930093479628,15,1.6652345755188867,True
0.94407218784646985,18,1.5300604446477704,True
0.64852334891408803,13,1.3687250134246196,True
0.51381622401540916,13,1.391987207037986,True
0.59183368715021334,13,1.5276823131245274,True
0.61258309771947228,14,1.6243954090301871,True
0.54965592208418368,13,1.2079703609523367,False
0.7949541947422637,15,1.4879252136445271,True
0.95188736227260717,9,1.6681368374575021,True
0.66491621557593694,14,1.5574256744630677,True
0.57514867257383373,12,1.5490555566055706,True
0.56878207359054378,13,1.6055807580705193,True
0.51398097497993844,12,1.5260045252210441,True
0.57849210210075341,13,1.3321043134006469,False
0.87769440188537018,16,1.639217231580063,True
0.57274002803120672,13,1.4136597583958694,True
0.62110587144805252,13,1.4671597839845245,True
0.81215107043414869,15,1.5880416341806984,True
0.68803219963830031,14,1.4285115411316074,True
0.59285911317925144,13,1.532276813189219,True
0.64288952555855194,13,1.6932775662931807,True
0.51997703299138165,13,1.3453641457214809,False
0.57263170907140504,13,1.469926074780445,True
0.97318861216296371,9,1.6224719493400812,True
0.58788948775461358,13,1.5262611345303791,True
0.7055650725421061,14,1.6071615177409844,True
0.55840561747069228,13,1.3864791406363528,False
0.54620628675953287,13,1.441557360535429,True
0.62098672663912813,13,1.6859039100392692,True
0.57582960063346766,13,1.5292921227828629,True
0.47590334829890307,13,1.2664655342424351,False
0.65726737460115003,14,1.59775787073501,True
0.66320768322332813,14,1.5534805086029999,True
0.52100910797672517,12,1.4835706274150646,True
0.65281403083179212,13,1.5319735364668292,True
0.64881716444683613,14,1.5984610759786351,True
0.5475555701578243,13,1.5036018333366914,False
0.89509474291246938,17,1.6090823842005808,True
0.59884292663552874,13,1.3162733155630155,False
0.54536211639331467,12,1.5448832995079376,True
0.63484019667655656,14,1.4154217063875405,True
0.54131082091761717,13,1.4798473878206955,False
0.49851502836830452,13,1.1494739008659178,False
0.91597039211091602,17,1.5402784811853079,True
0.6033487798304551,13,1.5609420468727724,True
0.54618385941119074,13,1.4214711157750877,True
0.58613614131466729,13,1.5972415868891996,True
0.65627564654680981,14,1.5798831390134571,True
0.96331218237300575,8,1.5420712931541067,True
0.65758220839864978,13,1.640073266266673,True
0.5733332394759737,13,1.4511056667755422,False
0.62425390845693129,13,1.5361537010792254,True
0.82787043553930062,16,1.6175379602727677,True
0.64731499609231946,14,1.6215388584423331,True
0.51361988091787603,12,1.4021736873035016,False
0.54284425655967883,12,1.5294259790593294,False
0.7467053135518974,14,1.6008518700748438,True
0.59272928459625973,13,1.580146039550276,True
0.80867246493014988,16,1.6445253507241091,True
0.53438213701519444,12,1.5828412133502159,True
0.67201647694420397,13,1.6261952947662943,True
0.64586905270386519,14,1.5325581822771319,True
0.5283471703712751,12,1.4188116095924213,False
0.68070246797882716,14,1.6077052062837618,True
0.79095695602659655,16,1.6440697804143971,True
0.91285127195658666,18,1.4671890162385921,True
0.95379371278106229,12,1.5718522282039977,True
0.64753836967671718,14,1.654921831664018,True
0.65881588638733235,14,1.499848167740067,True
0.96810290020773604,9,1.3495649747208489,True
0.48739067314389184,12,1.3678989144379121,False
0.97339205781316596,9,1.6059289171782443,True
0.58294750566607711,12,1.6512919974845688,True
0.62196069361417983,13,1.5158487019293392,True
0.96530861359894904,10,1.6580154344757445,True
0.78613662918407079,15,1.6597722218032327,True
0.53433919919614137,13,1.4476138209597142,True
0.96036842075962536,10,1.5836832371894023,True
0.48391979931186807,13,1.4321675823344719,False
0.52557059946848506,13,1.3589651796287796,True
0.51212468540661982,12,1.5246224054068762,True
0.95531815619851124,8,1.6360518609536763,True
0.67205396936814055,14,1.6826365862903077,True
0.82940220195448144,16,1.5818963893915936,True
0.95004084209056827,8,1.6408081661226546,True
0.64221127940744061,13,1.3387407559891962,True
0.68685696271251429,14,1.5849872637691584,True
0.96446956711322041,10,1.702882280523063,True
0.54882377508955649,12,1.5351365680489997,False
0.60572482876913059,12,1.4266680401660892,True
0.71769685788285176,14,1.6234303395447856,True
0.61541820688568427,13,1.669022467858448,True
0.70873997418419987,14,1.5477165332651324,True
