0.49883959546456424,15,1.4301047609842199,True
0.41654164562036716,11,1.4788652611876847,False
0.44539392494090674,11,1.5347843016462153,True
0.48095801848936021,13,1.6605855861542469,True
0.49330021819526254,11,1.457511843421416,True
0.45008557893495577,13,1.5407003656733655,True
0.52962126838213708,13,1.5855419134298374,True
0.4564129364407804,10,1.6442524432596859,True
0.52383722001580424,21,1.4562530217296528,False
0.5104541803128454,14,1.637776117587336,True
0.46690673825190454,16,1.4949031834783708,False
0.4803099066833626,11,1.6816649125997385,True
0.45404199474006657,10,1.5486851976106004,False
0.49169451905612349,14,1.4221115358813072,False
0.48101224841042844,12,1.6581404813475973,True
0.49499464546316102,19,1.3732897396942816,True
0.52506196114938397,11,1.3474650225835689,False
0.46857885518829606,13,1.5838725018885649,True
0.55807755574476481,15,1.2905683694781889,True
0.45982605202839805,10,1.6429246482613062,True
0.44657350323032285,16,1.4864285226151228,True
0.45521930508372033,14,1.2156132338307692,False
0.47881074835401549,14,1.6474451406236088,True
0.52519359013937095,16,1.4292395072570454,True
0.52451704048624126,14,1.6883363707198831,True
0.46789168316993224,19,1.2215557017985184,False
0.54578709784943524,18,1.4019852409817499,False
0.45943408035362043,15,1.4875030889407372,False
0.50509438657799299,11,1.6775235756014588,True
0.46778127570280897,13,1.6203248758008386,True
0.44977467824772344,17,1.3981155321834551,True
0.45243885936031891,21,1.1458650981225811,False
0.54801837719559909,22,1.3465812313374594,False
0.49199475734716613,13,1.3462071939165876,True
0.50468516255273155,16,1.6605649359818431,True
0.502053389909213,17,1.2464960446970852,False
0.49892246731327977,15,1.4445239231024316,False
0.52368777834055913,21,1.6645228965516632,True
0.4566468309256892,16,1.4433333330515732,True
0.49545548975164255,12,1.6640779225558495,True
0.44050646228032725,10,1.5173482184742093,True
0.51356481456118686,13,1.4701845791277275,True
0.52502477031887329,21,1.5947713313492535,True
0.54670930645199911,17,1.6804929184395587,True
0.53821610743982007,17,1.6186404488294401,True
0.45365790964315728,11,1.4172907991789929,True
0.46840408885823387,14,1.6151114279639198,True
0.45028445356157387,7,1.6611869445686087,True
0.46935744525478224,11,1.6260846081023452,True
0.49102826398642757,10,1.6804766471953849,True
0.47716466261130841,13,1.6241892337112491,True
0.44929762056480682,10,1.585806772045036,True
0.4854568454589151,12,1.5050228487431188,True
0.53881494858647283,21,1.6275037240452261,True
0.48119347998093892,17,1.4891368805497374,True
0.4741243226400173,15,1.3633570243577993,False
0.54729138428942103,18,1.6909264535020037,True
0.46200571276702751,12,1.6112939977536389,True
0.49964942949510111,15,1.5691032909718239,False
0.49666150466879605,17,1.5043658929129777,True
0.55175304632468292,15,1.5113475937148921,True
0.45991427273761171,9,1.6530948692926393,True
0.49272108272948389,15,1.595337390755122,True
0.43039643925114068,12,1.2355093579243512,False
0.49236619340221449,19,1.3926605136766226,False
0.51578690942763128,14,1.6686984135670266,True
0.5108807499255078,18,1.5119669477830924,True
0.52833882584571923,14,1.6707860341779843,True
0.46499482946995624,13,1.3808232493687476,False
0.44253293280147371,15,1.2762096382535606,False
0.45471449400914232,15,1.4893860843690592,True
0.44920855031983548,11,1.5347430634153287,False
0.45960942979441821,13,1.5752461452399584,True
0.49467695407276024,14,1.5447538135613104,True
0.42732840348370604,17,1.5105155728020678,False
0.46708848392509994,11,1.3992218331855211,True
0.46502664961269063,9,1.4564536731445343,False
0.5155424168448719,13,1.5400307745217441,True
0.49349708881828624,12,1.6252925180920228,True
0.57774759533862763,24,1.4398525005254095,True
0.47275077323858278,13,1.5442167305106183,True
0.46279982600907593,13,1.5432320868396412,True
0.49590940322716215,15,1.6602388184312928,True
0.46572047470037725,12,1.6023103086262169,True
0.45443683396305745,13,1.5194345962087323,True
0.48387669481839574,12,1.5658140598951005,True
0.44077442052715798,13,1.45475314517633,True
0.45503042816006645,12,1.5604525019790842,False
0.48842143938943972,15,1.5371807138997153,True
0.52285314087457391,10,1.6748496551950318,True
0.51535594930736417,19,1.6061689190913835,True
0.50397380210658094,15,1.6830922297312629,True
0.48059935614968308,14,1.2290843156375788,False
0.55111171961298633,18,1.6853498656707744,True
0.55530087121362415,16,1.6689211491588445,True
0.44095783659709054,14,1.3383353297552845,False
0.48877795517967865,18,1.5041505599758314,True
0.52413722036484145,17,1.4586420636223458,True
0.52443475660769412,22,1.5299096375570826,True
0.53350429339367833,19,1.3726901665200322,True
0.51321041229373809,16,1.6200075029673295,True
0.54005131803788919,18,1.5307541239286107,True
0.47965724772786095,13,1.5384120233574781,True
0.46953334233597588,12,1.4924116821412254,True
0.42802149932188993,15,1.2584676815562783,False
0.4989484262830049,14,1.6403184854914614,True
0.53525170029080871,18,1.6079068591035846,True
0.45096592751926662,12,1.5269878408867281,True
0.47300662960475398,18,1.6254369127837871,True
0.48765099568297154,14,1.5314148241735097,True
0.51775911040375366,17,1.4261282433720377,True
0.52373904259303838,18,1.5906993473964439,True
0.46761424068544805,15,1.4995271785643878,True
0.51891639449454396,16,1.342776696332143,False
0.5452903729284504,16,1.6214280001805061,True
0.52127301217663102,24,1.4799573503163177,True
0.47652815209013227,15,1.6179333630200188,True
0.51805943499524387,18,1.313981166414486,False
0.45208181748515797,12,1.5124129491638194,True
0.47562928339150889,20,1.5264498668650002,True
0.48096096472521815,16,1.3866467447492221,False
0.47788844621783405,12,1.6650285946506396,True
0.49936356864505471,18,1.1566659090767017,False
0.45888059197314363,19,1.2693809382401886,False
0.40562505670629534,14,1.432579848826365,True
0.50460432285905465,14,1.5615168579395371,True
0.52191963818655362,25,1.5117483458042538,True
0.52169895882199302,19,1.1728049704398145,False
0.49123218601536395,15,1.547717931565376,True
0.43844172825927613,19,1.4279947083769393,True
0.50476866754339755,14,1.481212672718597,False
0.51113016421017976,15,1.5493166414679571,True
0.44309508928068986,12,1.3150291145153998,False
0.52831462184312172,15,1.6685467219033512,True
0.4947034482364156,15,1.5729094510730834,True
0.5282031024740953,13,1.5916049412160014,True
0.52986539085745787,16,1.7045905992324226,True
0.47271073521726092,15,1.5483026802033895,True
0.48517288040460244,17,1.6037976852804321,True
0.51135910583181232,22,1.3726929757986619,True
0.54035708423221207,21,1.186400461374197,False
0.48602400943897012,8,1.6842801965527463,True
0.45745135783421759,13,1.4444338495180256,False
0.5142143782808789,15,1.4924549373699751,True
0.48026352436189046,17,1.5225837023848714,True
0.45389785954130452,15,1.4816882054273837,True
0.51776517791346044,18,1.6348716567326587,True
0.48948229473155097,15,1.5780364410405727,True
0.45338755728909697,14,1.4019990256901445,False
0.45238741737566512,13,1.5335574843998605,False
0.4786242281386866,16,1.5150446508493531,False
0.45352078065151469,13,1.45945194568741,False
0.46589035347745245,16,1.2922740642649275,False
0.4816037718332784,16,1.4485628234058885,False
0.46678038615536915,16,1.4502741695915899,False
0.43714608990342857,13,1.4588236861121557,True
0.47520414036841019,11,1.4669438566156738,True
0.472282150412562,8,1.5878894509167198,True
0.50684478796294985,12,1.4999290541913515,True
0.49751838090880407,19,1.3682535378182055,True
0.42785655069575823,12,1.5073040568053384,False
0.48919305066547414,12,1.6540285871257165,True
0.46659713379881484,12,1.6144930964088455,True
0.57133548741918083,25,1.3952126197623755,True
0.52016995176761194,12,1.5953538197232988,True
0.46993994308315845,15,1.4974889330308123,False
0.50788720191198022,24,1.4209018314331432,True
0.50201462979001188,20,1.3836052645279584,True
0.47329268305151495,14,1.5619647638530887,True
0.44080557934979503,12,1.5274892613652229,True
0.51109600395514132,9,1.6775970783819105,True
0.44799730215252409,13,1.4261001395915425,False
0.48750550560149758,19,1.4793582077744285,True
0.52226118100329144,18,1.5395629145097207,True
0.47746684396208039,14,1.4597211217266735,True
0.53742803908020953,16,1.5284646018485264,True
0.5390964367543547,19,1.0593435648881773,False
0.45427481303090578,17,1.2985536557266497,False
0.46838524916623586,13,1.5512250491817228,True
0.50013367971969325,15,1.5711697221978587,True
0.53693327989425021,17,1.597830266152769,True
0.53690840468011936,22,1.2366385287077497,False
0.46131817509405398,14,1.4901573619259056,True
0.50327571883927713,15,1.7005770948698899,True
0.52125705908023523,14,1.5711525105794104,True
0.50392279155300002,15,1.5140089561630392,True
0.48908379560134724,16,1.579720074759698,True
0.48398198011615701,16,1.5620930652592147,True
0.45776874393299605,10,1.4789015106302978,True
0.49325192163602266,13,1.6369338801223359,True
0.51943059215069032,13,1.4767197749846568,True
0.49714239679469702,16,1.4675439798048704,True
0.47100276875220726,15,1.4665826914798228,True
0.50259275325055131,14,1.4088750141156998,False
0.41570511114213965,10,1.4142983890448051,True
0.49254590078634186,12,1.5507048362684821,True
0.51791913558663016,15,1.5361341684126644,True
0.47718636398457825,15,1.6028397266026653,True
0.51100782957505764,15,1.5539240949790503,True
0.44784621908356503,18,1.5651269100651448,True
0.51375945700980041,13,1.5732075578154665,True
0.50652285504871453,15,1.6905072735900843,True
0.48097453449203614,14,1.6235707599888156,True
0.48163361658686638,18,1.3803583959081556,True
0.41353945518695301,16,1.1444237338564576,False
0.47420237440610813,14,1.6213210130870219,True
0.55607099967745155,22,1.5496345285582906,True
0.45744315234261052,15,1.4533521786314434,False
0.50885378531256265,15,1.6105698396465888,True
0.49084217852216044,13,1.6795845045218345,True
0.48073342933612678,11,1.6555252941353384,True
0.50011843692499702,10,1.6824650871853979,True
0.50313423479655317,16,1.5318681275945389,True
0.43329655115598348,8,1.5639761085181565,True
0.4345038003478906,10,1.5060014920170794,True
0.48769289924900222,12,1.2653732039717709,False
0.46883226470137462,14,1.1208564650029393,False
0.46842045054933634,15,1.5251326803797784,True
0.46214260587498956,14,1.4675092330969521,True
0.50345363574351576,14,1.652548493637626,True
0.52177581142285001,22,1.2841278714215236,False
0.42257768978214405,12,1.4654787542295866,True
0.44994079254899894,16,1.4765140057042474,True
0.53359491175205609,19,1.6626167144736441,True
0.48745881037211947,18,1.3910842851267693,True
0.46142187135118168,16,1.5906310132500119,True
0.49491924773695484,15,1.6081799379335413,True
0.45327092282825521,14,1.5581981671949616,True
0.48133946289620377,17,1.5365233201222654,True
0.51746422952309157,14,1.5179059048669763,True
0.47672214583757172,13,1.5567957761496685,True
0.49198328226917865,12,1.5449885223755353,True
0.49672566309197214,17,1.551062977295844,True
0.50764836318554074,14,1.5635649561810854,True
0.45132111271864356,13,1.5659788410175259,True
0.43989506495770286,17,1.3787183655331736,True
0.50011683767718129,14,1.6406212469843058,True
0.50358450080912498,17,1.5250444670007541,True
0.48104366912102808,15,1.6012915947323672,True
0.46278958229662692,17,1.5565822526692092,True
0.54929578100438026,18,1.382591114368352,False
0.46849126619279746,15,1.3627178286848132,False
0.53037846921790366,19,1.5742607542289,True
0.45935277768701932,12,1.5885499263349645,True
0.48659478477590395,15,1.6323269189767398,True
0.48305755414198948,16,1.6374548790855152,True
0.45906211866874735,11,1.3815775660729077,True
0.47019077855788705,13,1.4897668764561318,True
0.46999257713834808,14,1.6452038989999804,True
0.45136849499279252,14,1.3862697967124757,True
0.44017385511754992,12,1.3904577678499854,True
0.51896198070991517,16,1.6067639463522392,True
0.54942636231604358,29,1.5865249681613294,True
0.46597921280337545,14,1.4320179272821374,False
0.50415623867552239,16,1.569519681603603,True
0.53580679017142574,18,1.5606122428084999,True
0.45438064337857914,20,1.2903368344059141,False
0.50671480146268089,12,1.6253545990537621,True
0.44634451130417047,11,1.4845933356996914,True
0.48315828664701543,11,1.6452665724197706,True
0.48192177401138186,13,1.6207119524735787,True
0.50669804103831073,15,1.6797675035556763,True
0.52060264508710918,18,1.5582211504701104,True
0.49349898277359355,14,1.5657106814948194,True
0.51262046596065003,19,1.1870889650910441,False
0.50688408981003952,14,1.5369313512917653,True
0.50375034670636576,15,1.6037338531482097,True
0.48938170032942152,9,1.6742138294889666,True
0.4755709309126499,18,1.4431040021700714,False
0.5554532969916911,21,1.6138950530052527,True
0.51912793497724008,22,1.5855839392775193,True
0.4783599863456483,10,1.6031708359032542,True
0.51778451945062021,13,1.667430438617973,True
0.45607260586675663,12,1.4737808680193745,False
0.51648104556068664,16,1.1750734875165689,False
0.48853242101990468,14,1.4489887137494082,True
0.41952088874790766,15,1.4484045892824073,True
0.50962114963089367,15,1.6941689401047604,True
0.45705458295055679,13,1.5309765627564358,True
0.40371523983083846,13,1.2803308503579478,False
0.48752553959447575,16,1.5004134843356023,True
0.52334707335103936,19,1.51424244993303,True
0.52516262684906512,15,1.6323325425143413,True
0.55513592902049447,25,1.449317929603547,True
0.48176971136739927,14,1.5675642346381222,True
0.4960479595782275,19,1.5141627202785553,False
0.49795349449166804,13,1.6320863718478917,True
0.50495652842735328,15,1.5876946460057411,True
0.49524816640805619,18,1.5911950525333778,True
0.43005563450711881,7,1.6220176501180159,True
0.4543651237954901,14,1.3904661352958103,True
0.48507912392919705,20,1.280183038322144,False
0.51999258817567839,19,1.5439152362844348,True
0.54725128722904159,16,1.6021061148735272,True
0.5164209539586575,19,1.617956066090926,True
0.45384249047827346,11,1.56829756163147,True
0.49915738245087721,17,1.494280667239128,True
0.46279187698010577,11,1.6163680049224001,True
0.52186596188624446,15,1.6240337852307896,True
0.53240048634798265,19,1.4524095254627052,True
0.4819614202849743,12,1.6756999380454987,True
0.47656235595312102,13,1.5309735336876467,True
0.48738500179962124,11,1.6937963750905363,True
0.46508331989823587,10,1.5893289492944631,True
0.49518152407571797,12,1.5010398960768911,True
0.50090988224919208,14,1.5920005498622352,True
0.48131932254320359,18,1.5095331447704183,True
0.46665910279145667,13,1.4910080091075908,True
0.48568466704387347,14,1.4904107536787463,True
0.47425603211050038,14,1.5679173466893164,True
0.52945483271751426,17,1.5671345452464212,True
0.47288176372970342,14,1.5631389327101151,True
0.53705009492686406,24,1.4339316746936546,True
0.44388438840814742,15,1.6229403633821062,True
0.51880607967575232,14,1.6786781084885405,True
0.44715509187638786,13,1.502106298051004,False
0.51155501230928935,13,1.6965329352501846,True
0.53129372995452129,18,1.4876006839671854,True
0.44738996346000715,13,1.5305430904295869,True
0.47326744207764893,16,1.4684806536270618,True
0.4817880070065042,18,1.2137526518036619,False
0.4871879990353134,14,1.5359338823726032,True
0.43396137895058429,16,1.3485046000748391,True
0.4855435852589185,15,1.4222363296684715,True
0.45436644064176751,14,1.544878066215311,True
0.4630634393571012,14,1.3623985306053921,False
0.51132659246919143,17,1.6232901712570111,True
0.52880977344436564,23,1.4355826129925369,True
0.49111607755328435,15,1.480277482207448,True
0.54720490256392962,17,1.6248896850870962,True
0.48225600959110981,17,1.4835109450346335,True
0.45224830437959013,10,1.6114200545583102,True
0.46242738462916899,14,1.4242651346623236,True
0.46081707218063861,14,1.5819681962243641,True
0.47038232612719044,9,1.6337167515162665,True
0.47439756539507633,19,1.1890532294845513,False
0.48604120515438942,17,1.3988696489896502,False
0.49338663678912387,13,1.3013335841850664,False
0.49623956608589082,18,1.46962045169138,True
0.52879107509110546,15,1.6499241467824017,True
0.53555150144468289,15,1.6962421320320582,True
0.45895432361403021,17,1.374469164765648,False
0.51025201531896069,18,1.2970925165252651,False
0.48152874723302269,17,1.4928568307075378,True
0.48212143152287168,14,1.4449904924337422,True
0.520859287948369,16,1.4915381855554106,True
0.50704939431029783,17,1.558725242581547,True
0.48261957556159957,16,1.4757840676383955,True
0.47339536260072484,19,1.5252741567014687,True
0.44778629882019805,12,1.4394442577303361,False
0.44528043808562379,21,1.2516034364945554,False
0.44317972827651264,14,1.4081789300473257,False
0.54839304354780749,18,1.6305086762784864,True
0.50455464941392358,12,1.6874191206829496,True
0.46679278734023699,9,1.55679054055141,True
0.43572573579270529,11,1.4955449293819156,False
0.5074267362423297,17,1.6517587019226312,True
0.5008812303282042,8,1.5123562235538515,True
0.45232701767098515,18,1.3818300160932151,False
0.45209076195227149,16,1.389563761582526,True
0.44422718273005829,17,1.3611479079902258,True
0.45558200467554,11,1.5438388106815306,True
0.48747669261761367,14,1.5256151371386146,True
0.4688436687471586,16,1.2769125437438282,False
0.4948135612520082,19,1.3404616399422211,True
0.53716462233773266,19,1.5725062028403052,True
0.58334705265486053,22,1.3543122546753961,False
0.51523121362207092,13,1.5970694441099349,True
0.46875433907556141,20,1.4267802066299207,False
0.54132627097803088,17,1.3918515655485091,True
0.49179073979266397,13,1.6744837833606119,True
0.45106614785554883,16,1.4502838634944741,True
0.4811497393898484,12,1.6918861526371731,True
0.52504235971412627,15,1.4968023704632978,True
0.53239901234236364,16,1.347281714764984,False
0.46912774117008088,14,1.5244165840725343,True
0.48041291079163084,11,1.62047266097939,True
0.50064048763004909,13,1.5964240772802551,True
0.4658229941921283,13,1.5051319295457761,False
0.53166275923104278,14,1.6784473791740018,True
0.529025197903218,17,1.5720368106449727,True
0.47374046806875231,16,1.4579828009269786,True
0.50404720305664208,15,1.4727757156517489,False
0.47101789457967602,16,1.2288219315323881,False
0.49829332525282261,12,1.622308847334931,True
0.48093123125020992,19,1.2764407151706598,False
0.52873969458889225,18,1.6611951857383362,True
0.4134452794482667,12,1.0873545251591563,False
0.5020185752805354,12,1.6315247100034811,True
0.52388406882462535,17,1.6893529124696749,True
0.5062417487780656,24,1.5268882384107876,True
0.44691988609940198,13,1.4774764377073493,True
0.46996642721561699,13,1.4522383810685278,False
0.44232826472919351,10,1.5590446797835793,True
0.4732696304291939,14,1.5961504224984491,True
0.47603889181800368,14,1.4629654308303424,False
0.50319589682878807,16,1.4739092426621829,True
0.47696538265364646,15,1.4095471843160128,True
0.48745954207601161,10,1.6434923116712556,True
0.45460902540076659,12,1.6101860384480251,True
0.48583433682690297,14,1.5971433752482205,True
0.40775196627062643,15,1.2282545314387803,False
0.53155208582030666,18,1.4544426084576716,True
0.43738415032841066,13,1.4616565603494462,False
0.52670973032157076,22,1.4758647298648304,True
0.4730719670320554,16,1.4239403862126552,False
0.48688226215628261,9,1.5389926148342274,True
0.49397160599845236,11,1.4781381269217775,True
0.46638559780174027,14,1.5529746775444155,True
0.50714834478404625,18,1.6071974986874105,True
0.484470243002878,7,1.6786755803006883,True
0.4932198715690197,16,1.6535831853550105,True
0.50555961570782082,17,1.6389775870758616,True
0.54816139707219413,24,1.589508014471934,True
0.49006996597208302,19,1.5441411435406147,True
0.57404119879776261,17,1.2541375892848272,False
0.49205140940812769,19,1.6528542745151507,True
0.46082371365000718,12,1.5025881945675059,True
0.49709230070127036,16,1.5752585839862605,True
0.47809708273476342,16,1.6158806124201432,True
0.53275071784556072,15,1.6759730557640278,True
0.49288828028466708,14,1.3157560631901566,False
0.48901987253081547,14,1.5701133361272424,True
0.45672270003766363,14,1.5420767980917471,True
0.55956438953459242,17,1.4337489357187672,True
0.44253583776977634,10,1.457690018806391,True
0.48524514431963917,20,1.4353963906071596,False
0.52520587381392181,17,1.6632728062271702,True
0.48359099312801401,17,1.5788798257107675,True
0.49960078891716431,15,1.5228990034785319,True
0.45864147697443103,11,1.6096822192696578,True
0.41727205921526711,16,1.2348190221036601,False
0.48217952799167102,15,1.6449261697357946,True
0.50863645009982983,17,1.4680818893195851,True
0.57066926073048985,21,1.5931120174290743,True
0.42318934759846316,12,1.3840134990449897,False
0.51379014677161827,14,1.6692783752383864,True
0.53393447849743636,16,1.6551562100109445,True
0.47828937618542833,14,1.6672330750842606,True
0.54181180000972928,18,1.6606498105545164,True
0.46622184625036839,12,1.5782730983000988,False
0.46366308683174429,16,1.4234986769703284,True
0.46134222975834516,15,1.4977483436822925,False
0.51736814721154289,19,1.6114212984270428,True
0.50544849586604923,14,1.6324642347511704,True
0.47284221750969718,17,1.2628259527519012,False
0.47946481473690022,17,1.5270549104036122,True
0.45510793876489247,15,1.5565823422775955,False
0.51986023073113852,14,1.4867693183008226,True
0.51056129981418652,18,1.5950927684889566,True
0.48250871269519546,10,1.6279872082332718,True
0.51458022580139573,18,1.6444394338859682,True
0.45273985881959461,11,1.6186202794177462,True
0.48171567463557685,12,1.6018713790920149,True
0.49373393478330008,16,1.6423811273682343,True
0.46169123324905237,12,1.5497468525568552,True
0.45421306184160115,14,1.3982687192379721,True
0.46504582266841327,15,1.4385047442262302,True
0.4873260414906983,16,1.613002182760062,True
0.52548431533298889,20,1.2553375233454307,False
0.50800350776115399,18,1.4492649073812676,True
0.50640913621904871,15,1.2346240196124894,False
0.46639475746203302,14,1.4868545132174691,True
0.53424857105836809,17,1.5689801235173511,True
0.49035640958261062,14,1.4436184685777924,False
0.46600262442159651,15,1.4086985520063706,False
0.51161510792745335,15,1.606095668401456,True
0.53377826224476788,20,1.180418573260934,False
0.51787408441855798,23,1.5392116083341443,True
0.4858713399121955,16,1.6105176502055334,True
0.47015190992073508,12,1.3780448753614329,True
0.50449613544311978,19,1.5316297661090683,False
0.41803303437847711,16,1.2600398072422472,False
0.43928797938729608,14,1.5248072256169785,True
0.4567589334620219,13,1.6224084328595663,True
0.53381851514466039,16,1.7050620140102912,True
0.49099316331327508,13,1.2078801578340754,False
0.491524141576202,16,1.5515690102098096,True
0.46011536636411055,11,1.5376118949932662,True
0.50686500148634739,16,1.2476778932991375,True
0.57085092425439354,20,1.2016107793088688,False
0.55288107558411037,17,1.2925252473425974,False
0.48934979853158955,17,1.4460049349448743,True
0.51909131942626319,14,1.6105614801840078,True
0.51137736441759429,15,1.5657605259694092,True
0.50111165288352988,11,1.5109831761982806,True
0.49014401589526169,17,1.0917501085426136,False
0.47817420312412651,15,1.5441078266825792,True
0.4601399826116685,15,1.4864342941042437,False
0.5332608550458372,16,1.3680200536755684,True
0.46990921497576338,12,1.6840277878318279,True
0.53752583014293809,14,1.6495404405402303,True
0.44704094413264273,10,1.3207328205833386,True
0.54211676374157458,18,1.645510220147788,True
0.46975073320241673,14,1.5882377660165219,True
0.44767235944671435,14,1.5531573312661648,True
0.45038491931728447,13,1.3032582192535918,False
0.45363473033044566,16,1.3630044550751741,False
0.48007353998916497,12,1.5644958088297949,True
0.50884951273055179,16,1.6108887505103515,True
0.47244352429141928,13,1.6332073119830013,True
0.48282855682767822,17,1.2698335661910192,False
0.46310671304191775,13,1.5668422040048178,True
0.49304511409957585,14,1.6769611559024775,True
0.42811831483298968,15,1.3312414625389737,True
0.5116992331283311,18,1.5466390090347706,True
0.46114716044717996,18,1.1632105386713794,False
0.47753837373768271,10,1.6378303689799352,True
0.48519002174498599,12,1.6613606828680014,True
0.47693896077464548,14,1.4754800475705339,False
0.50260943839857264,16,1.6098911181112385,True
0.46985214042188833,14,1.6180531580121422,True
0.45707115420921285,14,1.5656643716889398,True
0.45280953278947023,13,1.5351336376476563,True
0.53567594463994894,17,1.6282910138703406,True
0.43996396002270388,15,1.4324565167686694,False
0.53245232628443162,15,1.5790777350108176,True
0.48828685455822179,13,1.6391467327779581,True
0.51243649109339962,17,1.4612581095533952,True
0.50082766782005339,12,1.6766458042915533,True
0.46919890094679306,13,1.6011806493768441,True
0.51539802227300047,12,1.6447085778246815,True
0.56044118203588855,26,1.4972892886295155,False
0.52744560990670442,17,1.5253071135243463,True
0.4564172086089941,16,1.365024722890045,True
0.47512779960490509,16,1.4712549652583602,True
0.50437669424303266,16,1.6339636868111516,True
0.4802854461278287,21,1.1287965313100403,False
0.49745154336533515,14,1.5501344997007074,True
0.51097229518880238,13,1.4541197493674263,True
0.53821676695051623,18,1.3959852924122376,True
0.48481342158349594,14,1.6361512551426569,True
0.483220529345259,12,1.6241857731638014,True
0.51428421946582326,21,1.4768479170392934,False
0.50480060410463234,15,1.6548296569018572,True
0.46572398661646641,12,1.5574487939457893,True
0.5397557096710478,23,1.543677090787515,True
0.45036138569019224,13,1.5759270360478363,True
0.4945155199586726,13,1.6704123011031149,True
0.46269340326529673,13,1.5264529995654306,True
0.49047576060714909,12,1.6306166461918066,True
0.45584256634575931,12,1.5076361884540534,True
0.52604091619419679,19,1.5193383360341208,False
0.49248864124613767,14,1.470272069356019,True
0.49482817408885138,17,1.6166453742455422,True
0.4687405020807312,15,1.324864165838135,False
0.47706954010423919,16,1.5930346542768274,True
0.46549848124398407,14,1.6066471067093921,True
0.45189637322517262,13,1.620784851277502,True
0.53756499596209417,23,1.5565791584054725,True
0.49125762075582263,13,1.5522889878138351,True
0.51408223356357374,12,1.3317597674754602,False
0.53131335744327979,18,1.563318200783419,True
0.50353982918039131,10,1.5681074370913846,True
0.47881684121322393,18,1.3958133415480543,False
0.4456392401630494,15,1.5217377866772646,True
0.50445357695641269,15,1.5530247277091105,True
0.45915540343333966,13,1.5973699005154562,True
0.45194190500355225,14,1.545185410538457,True
0.42763947457282514,11,1.4990194276844544,True
0.51661901938097632,13,1.6582695680497728,True
0.46338480616793837,12,1.6437108098960898,True
0.47877872167382735,15,1.3789818388008537,False
0.51293553506906908,15,1.6239931527305085,True
0.49124322553922778,16,1.4032484879195826,False
0.43405304796683875,10,1.5551278183634805,False
0.47929275319878034,11,1.6635048740458311,True
0.45535949478276933,18,1.3656757618081266,False
0.49810244986157709,17,1.333192318080453,False
0.44554143136675617,14,1.4273911853205132,True
0.44773789701555983,12,1.5200639158359119,True
0.4678058993052317,18,1.3503939973165637,True
0.45163348581180485,20,1.2943478008292784,False
0.45693697758993779,15,1.475720076124698,True
0.57301273192343749,20,1.5949507633834648,True
0.53856093625675283,20,1.4430469568175337,True
0.46378064375130645,16,1.5591117163896882,True
0.52948833155767561,15,1.5406309927314654,True
0.42908050329770075,10,1.4624387750330889,True
0.49721424494758626,14,1.4024065076109526,True
0.44160739612209621,13,1.5598940078037833,True
0.45207115929942338,12,1.5502777720669865,True
0.46134118507411415,15,1.4706498034494586,True
0.51643040956528097,13,1.6581893389097249,True
0.46964040171777605,15,1.5754838870576404,True
0.51248982399737841,16,1.6753468479210167,True
0.44660385297591926,10,1.577083294026435,True
0.54937067722057442,22,1.4015680105292705,True
0.47642577100245326,13,1.5774412140477061,True
0.49131656395552864,12,1.6864674601072771,True
0.51334480712669406,16,1.5917791810334885,True
0.48555473996352938,11,1.4717859066130978,True
0.5081094823325415,17,1.4473870756840761,True
0.48702051060386631,15,1.6398408159965496,True
0.52279095107319407,23,1.3562241846415837,True
0.48315951459750456,17,1.5627584559325054,True
0.45908305228741864,11,1.6335176217158385,True
0.46545744092030927,20,1.3257318179640427,False
0.4855677792681502,12,1.6598066521768498,True
0.4737470897417288,19,1.4239035230567469,True
0.4310010000206585,16,1.3858907886759722,True
0.5260803176540384,18,1.3561146159970043,False
0.50309746557473523,15,1.5862633693379338,True
0.5314261812273926,16,1.5893684659200087,False
0.5005359566073907,11,1.5041500370273089,True
0.46577340496322917,15,1.5825792973130512,True
0.46012485262207869,21,1.0597917773010692,False
0.57209085564213591,23,1.5599890179936713,True
0.53081603242356357,19,1.6032818686503105,True
0.55587267605294988,18,1.2799078384144744,False
0.46492749645034326,11,1.4970054867975753,False
0.47271778949862486,19,1.3276025497813309,False
0.47274283579691345,14,1.5888972183323122,True
0.5595341319672007,22,1.4914162799848925,True
0.43688059723466766,14,1.4712213217019832,True
0.51698880084353216,15,1.6397828832090295,True
0.46384392852989365,14,1.5750218131297464,True
0.57375304854914444,26,1.3111929759328189,True
0.49755026738973274,18,1.58669629282872,True
0.50716952764469814,14,1.6795452418722883,True
0.49432108353027182,14,1.6512986951068689,True
0.48621573969516624,15,1.5731122320483368,True
0.49916614321583841,20,1.5426647153107533,True
0.49920556215561074,14,1.5978038197636955,True
0.49778970463004785,12,1.5574963139066378,True
0.44124022767375443,10,1.5233365283523537,True
0.47986978912861605,13,1.583840590619868,True
0.53064187715615307,19,1.2334418732098109,True
0.47151536259148835,12,1.5881121109292016,True
0.44359189986151576,13,1.4210454595259097,True
0.46049572900327446,15,1.5300334646853584,True
0.49345822823270424,12,1.6790058542709312,True
0.55580810379441392,27,1.4556083742245765,True
0.459449381842503,15,1.5096037325774379,True
0.50121955441826826,14,1.6289178912400391,True
0.46582738301448268,14,1.5460610705890085,True
0.52175249376233612,14,1.4881872402914231,True
0.53984641201757733,17,1.68085974080261,True
0.43919427916570819,16,1.3345079076700599,False
0.48885214993022302,13,1.605599923044877,True
0.48641770782265931,15,1.5881952223945253,True
0.46604138028167302,14,1.6195007656487168,True
0.52024699679034025,25,1.4062844315131804,True
0.49157538362410785,14,1.6474557680551476,True
0.47076843850660061,11,1.3009639626017322,True
0.50977366738681618,14,1.6690821811690491,True
0.45362460258181675,14,1.5924994109033779,True
0.49654733808864188,12,1.6402253903084749,True
0.47604852734102709,14,1.6159792705277214,True
0.4911409215508673,17,1.457410558873621,True
0.44077832992631982,12,1.4874359325149966,True
0.50014138295579647,19,1.5613307939744683,True
0.49868161030578506,13,1.6586843358170922,True
0.43170936326394155,9,1.5306170223113209,True
0.4322511243503363,12,1.5419277482422244,True
0.51985596928943667,12,1.67612239851943,True
0.49423887501210917,18,1.2911841143612302,False
0.43961459512393147,18,1.3034252414867222,False
0.4947903193915269,12,1.6716212027400401,True
0.45436677658777985,18,1.4986782587311922,False
0.49673850952022985,17,1.6132688529408885,True
0.47617618623028418,13,1.5470209743897376,True
0.46639920600530121,18,1.5254026800703464,True
0.49511913894624465,14,1.6426517839863639,True
0.5376442443833136,18,1.4844822008440761,True
0.52286091936750057,14,1.4560696530085062,False
0.46973379338147714,12,1.5839089097888834,False
0.45261842554968501,14,1.4437476190055962,False
0.49507492588813695,14,1.6663195737988918,True
0.52054065032268748,14,1.508923085337138,True
0.49285955621431077,14,1.6418445156507453,True
0.5275862630806647,17,1.4334622655178815,False
0.49044145567708231,15,1.4263420785594747,True
0.51565303483244851,15,1.6786829026000147,True
0.45271162161587386,10,1.316255905669373,False
0.55632797132350464,18,1.6315512518412101,True
0.46273736699901952,19,1.0721076713865689,False
0.48630568297643079,16,1.5910000304037475,True
0.46364797307104672,14,1.5787204444124745,True
0.50064720528488604,18,1.557273199731205,True
0.46712213436923078,14,1.4371036817164764,True
0.48438212637222877,17,1.120136762246946,False
0.4783832335621106,13,1.6553464218020906,True
0.3998461439229582,15,1.2347907621626568,False
0.49366632908297026,12,1.6389767814138432,True
0.44551408340309745,17,1.2639112365502425,False
0.50142519585916123,13,1.7086054742462122,True
0.53690942847860479,19,1.5211606104794915,True
0.44591584021224695,13,1.5750986362444024,True
0.46674101543022467,15,1.5969990033775383,True
0.45499440021844217,16,1.3968364612943318,True
0.50899434326826298,21,1.4674780958806286,True
0.48097075391755423,17,1.4213853083282819,True
0.47722053026656219,17,1.2962012487553625,False
0.47255675549136528,14,1.479508282034337,True
0.49211546968101466,13,1.5796937405732763,True
0.48441504221880749,10,1.6578587970121115,True
0.53827783903928272,12,1.6083063587680955,True
0.46405132854572545,12,1.6124429456241931,True
0.46651930101737404,14,1.4996528323706266,True
0.4245686244935587,8,1.4330334166190448,True
0.45804369895048164,15,1.2884399940931144,True
0.48440092271948204,16,1.5516919032166621,True
0.42687590382728796,15,1.119576934565639,False
0.48930699951279766,15,1.4795254251355441,True
0.4683864515351453,10,1.6442885326036556,True
0.44709488015545801,14,1.4614276741670329,False
0.4656775106015304,14,1.3315510609660239,False
0.53907076483728955,18,1.6704050035953144,True
0.41384363805935687,10,1.2944211093476174,False
0.49291649658187381,17,1.5607611882818044,True
0.47592843065380913,13,1.6013156564060074,True
0.50712762052999505,14,1.6515547560136938,True
0.47964676789727778,17,1.5983659089661937,True
0.52567446184004984,20,1.4645257114274655,True
0.45101514060290432,14,1.4596241096981311,False
0.48122165565335068,15,1.5237035559768828,False
0.51425786403869722,15,1.4739821521943386,True
0.49340398449589151,15,1.4215912037425571,False
0.46213510829006932,12,1.4843717805999685,False
0.53338630770554185,15,1.6864899824001165,True
0.46043026280797394,9,1.5323067582841674,True
0.46327767602584646,14,1.543766265135682,True
0.465702007663786,10,1.6647145145358915,True
0.47980739144156809,15,1.5548886121666088,False
0.47318233662020304,11,1.6371838896159487,True
0.44569620532412074,14,1.3910517313441726,True
0.46740253593033132,12,1.4148374127663192,False
0.47606220375923314,17,1.5974880551056774,True
0.45008725692563317,10,1.5414190292253798,False
0.47501341819495324,11,1.6397927067023639,True
0.53293899575052728,22,1.3839565479739397,False
0.4479237650544059,17,1.202435427908805,False
0.44309170798588116,15,1.3603581967987739,True
0.4821221787941698,14,1.6512788218287429,True
0.51010234440831981,17,1.5910737277239566,False
0.51226573763543248,14,1.666818006468368,True
0.52891495226101026,24,1.2692789511802782,False
0.50098536304220354,13,1.6310647652013617,True
0.44955449035895795,8,1.627979638994296,True
0.47726503681373217,16,1.6422300113100252,True
0.49752230061790104,15,1.5772458333993349,True
0.47502666153970119,11,1.6564027466630797,True
0.51369335623942136,12,1.6721421962415677,True
0.46549658146915041,15,1.4482370991284057,True
0.48053397750060362,15,1.4826014373787459,True
0.51777212619042834,14,1.6632075510305924,True
0.51488921032154944,14,1.4791719420552656,True
0.44513579038816498,13,1.4590143027989304,True
0.49655923737589558,15,1.6363424874950268,True
0.48774368581442079,15,1.6207129052193829,True
0.43703359263950575,12,1.5625323110222575,True
0.46047957628547742,12,1.6480355794789769,True
0.46389855043956479,12,1.4586192789358763,False
0.43064784192580968,16,1.1537934238217673,False
0.41138396581137127,16,1.0628155096553324,False
0.50219060820458783,16,1.6052997160049693,True
0.48309485017634723,13,1.617219939577816,True
0.50726708997303982,11,1.7119040930623037,True
0.45714116972523577,18,1.3425715126328868,True
0.49298282201811611,18,1.485330010711728,True
0.46654901192634463,8,1.6302267049670418,True
0.49576287868952335,13,1.6648758796852108,True
0.45072091228020028,11,1.6173386568038606,True
0.45939327458795437,14,1.4990200477784188,True
0.49928259871142017,18,1.3241143670704087,False
0.57642272921195781,16,1.5418799900968339,True
0.45476675156977997,14,1.460938589748213,False
0.46620926252307598,16,1.5164886558041688,True
0.54486414914826875,18,1.6005460388925241,True
0.41048202426938368,13,1.2736659323852788,False
0.46583116923558521,10,1.6478405205311892,True
0.49696043342243285,15,1.5952395193200035,True
0.4407054741445729,10,1.4925208427404404,False
0.51336087090509475,18,1.5013835810557743,True
0.45606753129687194,16,1.5244767113187387,False
0.46852745749949487,11,1.6798152258011543,True
0.45696607927836591,10,1.615348535787932,True
0.48489636421283816,12,1.649568997741871,True
0.48055315292479622,17,1.5666744448832415,True
0.45042072948364742,16,1.3364953833339324,False
0.49914925029940921,16,1.4820636401243932,True
0.49246903033820533,9,1.6653885554368122,True
0.4868991406879245,11,1.4212305999051154,True
0.55817136751733598,24,1.4605258642266363,True
0.4688236116045536,18,1.5103270314722257,True
0.50723964935314869,12,1.6684356253572017,True
0.45971277569514646,15,1.5825142673814847,True
0.43839214557913819,12,1.4224296635055298,False
0.51288724376825923,22,1.3880242683734327,True
0.50194176205148733,12,1.3948864550888507,True
0.41490040849485371,13,1.3336552396727013,False
0.48457365617136933,14,1.603264852163121,True
0.45508986813296659,11,1.2083610038092822,False
0.45390170188168244,13,1.5169246762776869,False
0.46493169937973333,12,1.6369665142393919,True
0.4577248068838084,13,1.536211825812859,True
0.49599571983125712,14,1.4554278837913361,True
0.47510870724815002,14,1.4967075035195125,True
0.4520951746435527,11,1.4999842546078752,True
0.46896287805912784,16,1.4383558885285945,False
0.50180836113946792,19,1.3837853851178081,True
0.52129269878938733,15,1.6664454974717435,True
0.49492971327483887,17,1.3722534591127085,True
0.48263716588136613,16,1.5219472818956619,True
0.54567342239970051,19,1.7166960453296518,True
0.50950036502286922,13,1.5308215240131138,True
0.4834083039524108,14,1.5638761653229178,True
0.47453023071866335,7,1.6881251539976529,True
0.44079936907768702,12,1.5010546539330352,True
0.56263389904286243,22,1.6220843740884408,True
0.491217959049771,13,1.66646524835888,True
0.4671424909796496,12,1.4714560609343539,True
0.44964021311393199,12,1.5343187156476397,True
0.5109240778780213,13,1.584515412416027,True
0.43498657718052375,15,1.3661808516566523,False
0.48945999766260195,21,1.4089574009603518,True
0.48657530137421906,15,1.2696989408253863,True
0.50614386794431021,12,1.6773084660277242,True
0.45881305132826067,16,1.5505335707479897,True
0.48701838589293317,17,1.3970396077902443,False
0.42727171430903288,13,1.395726304508826,True
0.4674284500730212,12,1.5975965098978981,False
0.44385427708477437,16,1.6354383442299223,True
0.55311300996102564,19,1.2819066083576229,True
0.49353264299592564,12,1.3473793631479802,True
0.47043232141415015,13,1.561086564186553,True
0.51734124672813386,13,1.6114377191110312,True
0.47566958208552773,7,1.6769686595969235,True
0.49630828936340454,12,1.6724189921275259,True
0.48795368687459795,15,1.5879301644508275,True
0.48053236749936451,16,1.5134806286902445,True
0.4871922417652762,14,1.5893391655801841,True
0.42096884975701637,14,1.4570028769264369,True
0.47085220678366929,15,1.5861121669878269,True
0.43291962519871985,11,1.459511838381454,True
0.48336673959873738,15,1.6316642677991973,True
0.51461446641566932,17,1.5434434883574539,True
0.4466905313650264,16,1.3880492085419951,True
0.483504738233065,13,1.6208255733623569,True
0.53826876752129005,17,1.4430647884148704,True
0.53985816427135302,15,1.5643085056581494,True
0.4908068025738751,10,1.6658188456254486,True
0.47377646079087271,15,1.620498599989773,True
0.4615163356360118,15,1.5692939859975796,True
0.52893109575789021,14,1.6616257804289865,True
0.49379443110049182,11,1.6942225540934002,True
0.47082577080919524,16,1.458985260290744,True
0.52419851322538991,17,1.6224270078439778,True
0.50724627570058667,14,1.6217287862398488,True
0.50246754686328132,10,1.603554515800893,True
0.51504593569097368,15,1.5799357825208431,True
0.48096438865046087,14,1.4769598402362463,False
0.49990844281484503,10,1.6283155223485768,True
0.46475812917027765,13,1.5834242747855856,False
0.43608231909328093,9,1.4984175234503823,True
0.52506182912404775,17,1.5736044399446054,True
0.49105680636831828,15,1.6129361222095455,True
0.45973763360689285,13,1.5432499666835968,True
0.48067535308078491,12,1.5955510765375183,True
0.42936424555181557,16,1.2189314839842662,False
0.50832689006609222,13,1.6243660042605939,True
0.49567352796301939,11,1.6213411696245525,True
0.52105458572477448,16,1.6448760608587512,True
0.50812610032604599,11,1.4318906730938121,True
0.53226088714706132,20,1.5580529163530943,True
0.44285632594681401,14,1.5133239452319662,True
0.51228383412654588,20,1.5856034802751335,True
0.49507974595227355,20,1.5162312931585449,True
0.49469894797352687,14,1.659888393385625,True
0.48842240523736447,13,1.645381275060281,True
0.52866988769024703,15,1.6334995114300694,True
0.4415002661547836,13,1.4188329575911316,False
0.5204630314466141,19,1.3642019256729685,True
0.49203066056502082,14,1.5566453448643935,True
0.52129060401556249,22,1.4695978781379773,True
0.4794551307769695,14,1.4936407908474798,True
0.43232680084856639,12,1.5900902267538335,True
0.46908806654035218,16,1.4477637775240513,True
0.49435777194796188,18,1.4108785812219413,True
0.48198927357338373,15,1.5148939839022098,True
0.47185075944721261,10,1.6606945338889993,True
0.46434194377027194,14,1.4365129800463194,False
0.51564286634519507,21,1.4417003256561256,True
0.47732315926949631,11,1.6277603011050594,True
0.54300528134310244,15,1.5768749845233077,True
0.447586793165827,12,1.555244949230886,True
0.45582426658988878,16,1.5249101598811403,True
0.50866071791078549,15,1.691813877060784,True
0.47201651715779652,15,1.4358776998589078,True
0.50482287340346765,13,1.4314965955323196,True
0.51197209069321481,16,1.3618431068873518,True
0.47721360024865728,13,1.3360917056434181,True
0.50627860115128254,16,1.4055766902363787,True
0.48279365855732792,16,1.400181217852547,True
0.50154918635075574,9,1.6818237269922647,True
0.5440628465696663,14,1.5079458385686348,True
0.49350554309205619,22,1.2832769379395799,False
0.51524778650812719,16,1.6355827653714619,True
0.49448153601132555,14,1.3223571271053665,True
0.47559354553558264,15,1.5030132187575971,True
0.52560008743944386,16,1.4298801317484671,True
0.44814689837611771,17,1.3669901617604516,False
0.53080108917676883,15,1.5984259758905739,True
0.51363832378072616,16,1.6960513861380238,True
0.49563404002779393,15,1.6187078198867728,True
0.45424878289661647,9,1.6208979684061695,True
0.52151531871753853,15,1.6788760170323911,True
0.4883365944565799,15,1.6596177422116161,True
0.49567196288337084,11,1.5445618986141765,True
0.52639742053810856,15,1.4098453248378295,True
0.4961812122653228,11,1.6136995286267399,True
0.47462307000431431,15,1.5533447474736977,True
0.4676455614095924,21,1.4206787930974916,False
0.4867380035363551,15,1.5881127875215024,True
0.45755487120654392,13,1.5013879473975293,True
0.49804098593434815,18,1.6015347566725255,True
0.49032381105169764,14,1.5529552976794883,True
0.5262424692597677,19,1.6489297245300489,True
0.49938705425472102,16,1.3761483254879467,True
0.47317647621515913,14,1.626953158076875,True
0.49785092506249834,14,1.5389659152723831,True
0.49320072547485755,21,1.5631428612978737,True
0.48398737747704262,13,1.5930407627206846,True
0.52898625792172138,14,1.4769347031265192,True
0.57440174210646922,17,1.2653743413229137,True
0.49372158932203825,13,1.5050456824895391,True
0.46225847038857032,15,1.4817098912744247,True
0.54171201955064807,16,1.5075187904299443,True
0.471603015892952,14,1.5881664324711586,True
0.43532339223012806,16,1.2810763782221108,False
0.4898019400380586,11,1.5833100961869291,True
0.47262835146652982,12,1.5732243194619466,True
0.48388505942513971,17,1.4216919143312174,True
0.51779862181927561,19,1.6355154224956003,True
0.4519503396537029,12,1.6117567633617134,True
0.52356622758793181,18,1.4255210775126497,True
0.46137720998395026,14,1.3909702755120725,True
0.47081640714281942,14,1.3247767302720661,False
0.48149472387787451,14,1.6186951043944637,True
0.49626331901783904,10,1.5752150454891276,True
0.52219757084817997,22,1.362542633790917,True
0.48090834114057379,13,1.6243596713247817,True
0.46880397413854935,14,1.5760644293022952,True
0.48308995401142452,12,1.634560880818082,True
0.49205586403321988,17,1.3884303440745627,True
0.46510316337572483,21,1.420267972614125,False
0.44024347209587744,7,1.6148325963516192,True
0.48157149299011176,14,1.5172985766608851,True
0.5318119328150096,15,1.6162260966107314,True
0.48474293677065622,17,1.6240648469627428,True
0.51674361529860491,17,1.6717434142761116,True
0.51259280666256302,18,1.4802926024659695,True
0.49277064232141027,18,1.4998221259471334,True
0.50836715542640365,20,1.5521961824170776,True
0.52665226998327808,14,1.6920309324044973,True
0.45696761544016617,13,1.5750929598347978,True
0.48533243180220148,11,1.6508787029384175,True
0.50916593146148004,14,1.696926848153568,True
0.47134687633329497,19,1.4029739311745009,True
0.49226098744478897,17,1.4551247345603906,False
0.43298878007394975,15,1.4289587189659301,True
0.50000698850315939,15,1.633986403391537,True
0.53859308145467633,17,1.5828011246707128,True
0.53916709070069835,15,1.640243948365399,True
0.52362124314005487,19,1.6321690778425104,True
0.54310280873015104,15,1.6723596603573525,True
0.55868412628005459,23,1.5916723100063224,True
0.46379974762134574,12,1.6379712846558074,True
0.46043446380494757,14,1.4962473763103212,True
0.50848973589686541,13,1.646695485016229,True
0.49574405065904231,19,1.460551025040949,True
0.4650533659008545,18,1.6188597878369055,True
0.532484613311764,21,1.2849494911414012,False
0.45771734152379728,13,1.5472927324974324,True
0.42838949782115882,15,1.4033257164364443,True
0.47207250968587566,14,1.630290073567835,True
0.50149451320781413,14,1.6512707963607476,True
0.51385113330453336,12,1.7068651834860908,True
0.43293795542143537,13,1.4507284826725124,True
0.40277117166680226,15,1.2565479358147438,False
0.54820477593081729,21,1.5760724692760106,True
0.53970025793111931,15,1.4060007938912762,True
0.46244131732786176,7,1.6553163231354242,True
0.45052841026164048,18,1.472455388173326,False
0.47755399679750637,16,1.3324074814736091,True
0.48320035373215486,12,1.6403259473431395,True
0.50460137777265135,19,1.5538729293638773,True
0.49586436725379351,15,1.5561423539336596,True
0.45452747478503497,15,1.401344401985086,True
0.47681680743694504,8,1.6590355773121035,True
0.50711811108277327,19,1.5976567514020927,False
0.47592087084412998,15,1.3483319736035777,False
0.48051809039102589,16,1.4323616166213633,False
0.49401209161773263,11,1.6761994552237038,True
0.46190705856903896,14,1.5291329527197393,True
0.49861428149710751,18,1.5817736988801363,True
0.45264380106135665,16,1.4962836752863047,True
0.50421924412752295,21,1.4077061874135459,False
0.52551840869241173,21,1.5221439388870039,True
0.46277580052784822,14,1.5700819942655209,True
0.4633790495951649,17,1.4296846176473748,False
0.5204410256588522,25,1.4504399382557531,False
0.46458558540881428,14,1.634154328046691,True
0.44943169533075333,13,1.4965586190230371,True
0.53369123632961979,16,1.6063592744504369,True
0.48575432639086968,15,1.4234399017125687,False
0.51735017562837948,16,1.672750515364309,True
0.4508296974011346,15,1.400737403652758,True
0.44648548582774961,11,1.4564980017081319,False
0.49073198355038744,13,1.6740425004626662,True
0.49004532122193767,14,1.575173689408538,True
0.50524299033292219,21,1.5077835577384908,True
0.53202297298104495,16,1.5967679497794416,True
0.48474850946931047,15,1.4980130085088652,True
0.45333761354151758,18,1.3390715419004435,False
0.55216774961947368,23,1.676093060930649,True
0.47852079531721226,16,1.4252707749446365,True
0.48327722478097085,16,1.5362577518304283,True
0.50477227150969273,17,1.3273595033575338,True
0.51797771351873434,15,1.6429274541415186,True
0.47679767920104804,17,1.5821270799754765,True
0.46665683040305972,12,1.6001558730529133,True
0.47228229393472471,12,1.4604191912675317,True
0.45813484173465485,14,1.497824636636955,True
0.46180981677081601,13,1.6200604291853407,True
0.50980782007675407,14,1.6798700186687061,True
0.53815465836736776,19,1.404067109128414,True
0.49833850383444828,10,1.6302613944243525,True
0.48849720895614557,18,1.3712009245611401,False
0.46366291282933614,13,1.4795809802810409,True
0.42736637930517424,14,1.3363651235966203,True
0.50026679461656642,10,1.5935475568924962,True
0.53300215660800454,16,1.7127207710221142,True
0.48667614967216322,14,1.6465375133191908,True
0.47343771383523342,13,1.5208211695209961,True
0.52068449655597215,17,1.3873907205245959,False
0.43118096808438106,13,1.4595399034324055,True
0.48973949030263564,9,1.6638109816217463,True
0.51226010067911665,9,1.667946382942687,True
0.459431894237948,13,1.6102599777221025,True
0.49025081933035064,14,1.5336215276339225,True
0.54105233839957556,18,1.5375860444779454,True
0.52077490521493441,19,1.5400668331235692,False
0.47765612455254253,17,1.5892024123326514,True
0.50567275189009375,17,1.3630574929740455,False
0.45263540012339276,15,1.5160614519110081,True
0.47513980159760089,12,1.5833207880727445,True
0.48471864762501149,13,1.5174392927515874,True
0.48425230842395162,18,1.5882905431121321,True
0.5125686502007375,17,1.1483558741801658,False
0.46128387638503437,14,1.5503256167440829,True
0.46943283806357206,14,1.4757471367958659,True
0.43001065791523302,12,1.4020400797372072,True
0.49946573927481724,16,1.4952989951564541,False
0.50900656362116148,14,1.4743420192304588,True
0.47983485190224229,15,1.1622965313039424,False
0.5179186443347823,12,1.4559704907035165,True
0.51127887121084448,12,1.6764834072303463,True
0.54804355690781981,19,1.537954575430897,True
0.47401466161149369,13,1.593969836124649,True
0.4658044079675171,8,1.6462979755055456,True
0.49629608619194271,15,1.6643555377935317,True
0.44925028751036922,11,1.4166015363779134,False
0.4649752275770474,11,1.6322464875001252,True
0.5473609789086552,15,1.3340931801796883,True
0.50433579161556663,17,1.4424378589095872,True
0.53997252785209604,14,1.2861242133686717,True
0.48672236109721295,18,1.4083831924854011,True
0.48664181091857217,13,1.6877332150417945,True
0.48349079054208272,16,1.5641580850557082,True
0.48197023350559259,11,1.5716063217043623,True
0.475368470336613,13,1.6551155355230582,True
0.49548752682516822,16,1.505160555837886,True
0.50029002904057673,17,1.5951532548719762,True
0.49965848508277017,21,1.1878977652599629,False
0.53841862588328815,14,1.5949724783165824,True
0.49782964186260015,12,1.6629472109823848,True
0.47931144106045348,7,1.6174810918526517,True
0.42938395348610109,12,1.5037493656225149,True
0.4811432729670912,14,1.635330793986304,True
0.47918114745191193,12,1.6309424970474058,True
0.45684008282041827,13,1.513253404453391,True
0.44974210707416223,14,1.5443274349425564,True
0.44825934766225239,18,1.3713194476688193,True
0.47990750146171934,16,1.4206782021727573,True
0.51004835170865626,14,1.5772582768511159,True
0.49032784655920414,13,1.6177178550117204,True
0.47683344880452772,15,1.623002630131267,True
0.44484278259447579,16,1.3073466162726832,False
0.42802541504922853,15,1.3926330387721753,True
0.49072516570122543,17,1.5550407777891935,True
0.50027642866114697,15,1.4258264033317072,False
0.49621962240664635,17,1.5931342779343562,True
0.43697644351361997,13,1.3346902983393685,False
0.46213607882871466,15,1.4156109371310215,False
0.51654646739577315,12,1.4868051406920915,True
0.47167628678227991,17,1.581503424605357,True
0.50670814888222537,15,1.2735139717313484,True
0.45855989528056584,14,1.2778201235747229,False
0.53625216131641307,14,1.6799541040966339,True
0.49361470648398015,18,1.1779266994130748,False
0.51030016176119497,14,1.6647726358814856,True
0.49482106193530911,9,1.5543287364917986,True
0.46266058274282296,13,1.5198313955100897,True
0.52908380257790055,24,1.3177585565627492,True
0.49248771363765781,14,1.669285582312638,True
0.49819199169692546,15,1.5810813021839643,True
0.48032132400108823,12,1.639039991723259,True
0.49040843272900358,15,1.386314573162962,False
0.4804140753181943,15,1.6372649532521242,True
0.44509868724322688,12,1.5716859304387347,True
0.52309791008982909,13,1.6315146448679143,True
0.55381993004683394,13,1.6323089145343797,True
0.45416476366121039,11,1.5905809575941172,True
0.49457137072056251,12,1.682278253679873,True
0.51851036429544806,15,1.6724791359060445,True
0.46207519682934139,15,1.5003521740886485,True
0.42143854869814623,14,1.333204008627904,False
0.48717546206822276,16,1.4827330514244523,True
0.47485755603403645,17,1.2469425768046096,True
0.48049374788494392,12,1.6330498234895183,True
0.46451194575383081,16,1.5634470716196383,True
0.44764887599444625,12,1.5658920986891685,True
0.45244413056202698,9,1.623673380035449,True
0.5274716515077249,15,1.6394339481600242,True
0.51493822933508182,21,1.5536231050295499,True
0.53635498981375862,19,1.4260615888885657,True
0.49279404180772185,17,1.4970745660060867,True
0.53168240032569791,16,1.4507487790430642,True
0.50568143315205449,16,1.6892664132274366,True
0.51387212309798391,20,1.5621120432541504,True
0.47636607908083184,20,1.5066476940247866,False
0.500801627576694,10,1.7031800338272456,True
0.4878363848180895,16,1.2981792319971373,False
0.51317043164708376,15,1.589406032196365,True
0.48354831573764634,15,1.5989487386278691,True
0.45850228582451802,13,1.4486149596043645,True
0.5053235323634655,11,1.6670533619728902,True
0.5139628760692988,25,1.5178144941605505,True
0.52464442547046031,15,1.5000857786676289,True
0.50993034657882297,11,1.6620850236260991,True
0.52571349417811586,13,1.6544482149356661,True
0.48326072545910181,17,1.3939540098033705,True
0.46196806265531626,13,1.5158038538365604,True
0.49677569393327947,16,1.5324372603302667,True
0.48412338667480465,14,1.6044677349316794,True
0.48810394038957583,14,1.4139205954409892,True
0.53795938202963733,14,1.6616168511174592,True
0.50877808735207153,17,1.4558026628915017,True
0.47950893442328402,10,1.5495868467219882,True
0.47538915872873194,14,1.6122183431903792,True
0.47867417728574363,13,1.5443256200439692,True
0.5602609853214805,14,1.1299813517637656,False
0.48815174068361483,15,1.3029225495185095,False
0.49115286122594981,8,1.6423879455747314,True
0.48169831196178697,19,1.425654104407506,False
0.49639245800874998,15,1.54703623294587,True
0.49146491243909818,12,1.6994736479053689,True
0.46520318430578039,16,1.4660956400597187,False
0.4376249315532561,11,1.5028915800350509,False
0.52987323200785064,21,1.5472398490180019,True
0.47620191422536873,14,1.5727679559713614,True
0.46061986334007832,13,1.3248335760621068,True
0.45412133024644713,18,1.4329007088876424,False
0.49089364902337468,11,1.6342247809682415,True
0.48288536200810445,9,1.6661915459074483,True
0.47734499666993785,12,1.6664978303047784,True
0.44129745244803043,12,1.4980583129520362,True
0.51863330426678556,11,1.6642278351081516,True
0.49896285602806584,17,1.5169424361686674,True
0.45566651662424329,8,1.6587979832812645,True
0.43272267543712339,15,1.0794884210750753,False
0.45340632260278196,13,1.5589974925227623,True
0.46336457871948111,19,1.3740182104697185,False
0.46738909899881315,15,1.4438091760235816,False
0.44852238290717783,13,1.5391713913029033,True
0.4701258901494656,15,1.4308573081649125,False
0.47662094242515818,13,1.6231170912828572,True
0.54267785234255861,13,1.5318769952295976,True
0.54961013008401116,20,1.5121221365215101,True
0.51263704293191792,20,1.4460989768890942,True
0.48283847169769639,19,1.4669772226594915,True
0.4525981642517658,14,1.5074108907039974,True
0.45298176562682985,13,1.5575259749530712,True
0.51532531910311385,17,1.2550825721038228,True
0.47932757082222538,12,1.625697065743922,True
0.49945176537194969,13,1.6119074265200573,True
0.48615086230189875,15,1.5829788929722579,True
0.51799281727433844,11,1.644141816636338,True
0.47813347105089149,12,1.610234705644487,True
0.51923588310349045,19,1.6152066648698826,True
0.45826507557008339,16,1.4259038479336217,False
0.5128036026109638,13,1.6006345777626028,True
0.49790690059241466,16,1.6750473856824515,True
0.52888431481395692,18,1.4573788266566592,False
0.55865883992448928,24,1.4719913247764824,True
0.54000851049019272,17,1.5170799752821476,True
0.4784156666912659,13,1.4804518755041938,True
0.53679033259962627,16,1.6704965936232414,True
0.49950966610572828,14,1.6239043693466184,True
0.51551401733452007,15,1.6842870173655267,True
0.46097061776260795,14,1.4560709839300554,True
0.52596455687199506,11,1.5838247992095367,True
0.52898670480391663,17,1.6688235398953699,True
0.53156182792630269,24,1.5638215120091821,True
0.51176619288688008,19,1.6116510666283943,True
0.46889205279288854,15,1.4296522797043769,True
0.51758386654793487,12,1.4999865580314178,True
0.48901721674497339,11,1.518996896191845,True
0.54944064635071843,19,1.5837190885156534,True
0.49478069625932541,17,1.3982486025117924,False
0.45193940255069953,12,1.4595056066920358,True
0.45868556690979057,20,1.339579829747888,False
0.50584191661700806,14,1.4047635089874932,True
0.52854393665994648,20,1.6355117719462722,True
0.50030104987896473,20,1.3111840837075293,False
0.52511246161315817,18,1.5757664185881937,True
0.47157131105971545,13,1.6182456785730681,True
0.56555077381723395,17,1.5749607775981584,True
0.47858130190777215,16,1.5065459542188466,False
0.50684734226257455,12,1.6272410904493255,True
0.51371775028029376,15,1.6077088514505486,True
0.43858495799459929,16,1.4682906705964933,True
0.45240648887557683,14,1.29161033741118,False
0.54466997439906606,21,1.6168991134052901,True
0.55861840667531004,28,1.4468293615194803,False
0.5104573022323754,18,1.534929422938087,True
0.49658504342333731,15,1.6136643730871678,True
0.48175909093057157,12,1.6437013591301501,True
0.51037593563803962,11,1.6123126169907045,True
0.48315383684814156,13,1.4453110986844826,True
0.49266014839921918,14,1.4374571428897629,True
0.4792162139885307,14,1.6730371030050188,True
0.51316599306043731,12,1.6368413330868028,True
0.44445011465041617,11,1.3298231318859151,True
0.46314902386957058,15,1.5070530466187535,True
0.46991986561830612,14,1.5449425871169407,True
0.48013133970298055,16,1.3735523709009601,False
0.45172581833094561,11,1.5884522190282293,True
0.54284435434253242,20,1.3073404323468425,False
0.46067399732738168,13,1.6105884325057487,True
0.50214467778646277,17,1.5991006733583393,True
0.48530126984379912,19,1.5314592815226238,True
0.49195399031879655,15,1.5385775980276015,True
0.49638580128351395,10,1.6797292359800242,True
0.46765445870020528,14,1.5022967372686682,False
0.54401828237777383,15,1.5851938046797374,True
0.51641581525202329,16,1.6228107455357974,True
0.45010718788444298,19,1.2891088992987521,False
0.48086286703670833,18,1.4395497525201377,True
0.51855312259481778,18,1.6560837969604862,True
0.48716308775717143,12,1.4338020768498378,True
0.44220551619960541,11,1.5916523715530606,True
0.51522610914328326,13,1.4689279099652521,True
0.49216487621929317,14,1.6633465585773008,True
0.46324110054685941,21,1.2999266614629172,True
0.45597400844626668,17,1.2675107427625181,False
0.49923023171263525,15,1.5200084998252603,True
0.46536526236752218,14,1.4328187343837075,False
0.47458730878420896,10,1.6071713098989688,True
0.45706710576457105,16,1.3390354056666465,False
0.51205707097197706,18,1.668713448592035,True
0.55564882944409599,17,1.5787168619125569,True
0.48214725215453175,11,1.5992555983372678,True
0.52056823428748311,20,1.6159122692040058,True
0.46081932234705858,10,1.5571303284289555,True
0.40994182876882729,13,1.3331717506442486,False
0.46336520633838968,13,1.5673227052395506,True
0.49015280294690594,16,1.5168066298773037,False
0.48781635593997058,18,1.5110363635194421,True
0.53292663649877359,19,1.4977935406701472,True
0.49124971488189489,15,1.5825903188226302,True
0.50439638660831365,16,1.2763599988286876,False
0.44466978442947303,13,1.496623857088339,True
0.47906608284084118,13,1.6597449537186548,True
0.42869751782629772,14,1.3472327416114604,False
0.50838766413555214,14,1.4920942798889192,True
0.54122963907581267,18,1.5452531774060791,True
0.4881483493435444,14,1.6095214019883157,True
0.50125590387992802,14,1.6864398127763878,True
0.50199679657107088,19,1.4304315144120612,True
0.53811092946077521,15,1.4967096743942272,True
0.46840427647730765,11,1.6398476865089382,True
0.51020934127102335,13,1.5746768331956023,True
0.53052373887364856,13,1.6654067660751779,True
0.48658485704350063,14,1.6435793358651209,True
0.46654933583975106,15,1.5157199173442217,False
0.54941634855452726,24,1.6731859500958421,True
0.47598210477647324,18,1.4906336202364441,True
0.45423105816516063,14,1.5310281413846802,True
0.51621319033927937,16,1.4865385013787753,True
0.48373902428858101,12,1.6668017908113004,True
0.50695284802198481,15,1.6661826793692081,True
0.47923610437445052,14,1.6591608556595376,True
0.47447742277307198,15,1.4254417740170731,False
0.48717754945013586,16,1.3042808141178823,True
0.49425170590526207,14,1.5502156428240412,True
0.45791603288688509,15,1.4584188089560728,True
0.46483776319598591,17,1.28113790653181,False
0.49590686365515285,14,1.3266730852569317,False
0.47825063846158056,14,1.4523509450702436,True
0.44616708756446583,11,1.5919907202946784,True
0.44444649892202953,18,1.3288016316969928,True
0.50148612862084674,20,1.6209698319480055,True
0.44388536910026594,20,1.2560903684325018,False
0.45966364194134024,13,1.5599277296226499,True
0.44439981810782753,13,1.356596043785373,False
0.56364931749711189,30,1.4234987754621509,False
0.47602035031731044,16,1.4879954290699686,True
0.51541079366557419,16,1.5792329873143349,True
0.4488286990681854,18,1.1903245584835649,False
0.47931963229847702,13,1.5577192475397796,True
0.47919037706954432,15,1.6511524978878784,True
0.48438718074894466,15,1.5597640253238589,True
0.53506693415795359,14,1.6467128486854352,True
0.5145561819919483,16,1.6643618758667407,True
0.50304600651160003,13,1.6990559414599806,True
0.44835698533938412,15,1.5128987092512334,False
0.45621779159472958,12,1.6037118254541958,True
0.50185769115105994,19,1.5676533941054007,True
0.43849045470789211,12,1.4058206689167945,False
0.4591706093470127,10,1.5581514534825491,True
0.56991928111890877,21,1.6471761812415215,True
0.43955192044689134,7,1.5088655021146287,True
0.51369544010248425,12,1.5431500409146215,True
0.49325987973885216,13,1.5859222240287703,True
0.51504202036306368,15,1.485469425231116,True
0.53027170928941292,15,1.6756555863078271,True
0.51623146336844561,15,1.5900605099167371,True
0.48941759822052727,12,1.5983966032891617,True
0.49456172264096332,17,1.509549838756884,True
0.46363046859862955,18,1.4275350979908559,False
0.45822831658116286,14,1.5908912503830768,True
0.53870265357354774,14,1.6329151429591244,True
0.517989748567522,18,1.3656305506616175,False
0.46843472293166544,15,1.5095879937042604,True
0.56275834939001224,22,1.3557969098947826,True
0.44468801622804277,11,1.5839920267982823,True
0.46674234337936477,19,1.5304881312554215,True
0.49856275456731236,17,1.540816151428295,True
0.43627362915264323,10,1.5380223096108263,True
0.56255362539083864,16,1.6875943996594265,True
0.51330836172820304,25,1.1349212162077609,False
0.47107857101877737,10,1.4431045408336676,True
0.51988110660073916,18,1.6399417063061494,True
0.50628703547246301,19,1.4483439070198305,True
0.56122467158448497,19,1.4622989261971415,True
0.49854046660281137,13,1.6845322663965965,True
0.47833043636849343,15,1.59005555628847,True
0.47918632189811677,15,1.3075101467142674,False
0.50378431103214361,14,1.6655178625319911,True
0.48994965623595005,13,1.65977994845555,True
0.47602756633192467,10,1.6109355710637248,True
0.45121974647160973,13,1.5285948030765013,True
0.54225507854364918,16,1.6142359818771579,True
0.48387529192861978,11,1.6115655083699052,True
0.43638924010422481,11,1.5538832130328868,True
0.49494043150127848,12,1.6863277174352662,True
0.53818184806817881,12,1.5971333864348787,True
0.49314377357434686,12,1.6641294141108767,True
0.47482113549765226,14,1.4646237631987127,True
0.51954580829304375,19,1.3578502035896451,False
0.4433899844512223,16,1.261366723286101,False
0.47841389115190042,17,1.5291955063044729,False
0.47707776506648009,13,1.6046007787117218,True
0.50371510973640332,12,1.6362441097700373,True
0.51849681862561015,19,1.6427522050825751,True
0.55493140194695023,19,1.5037302342579257,True
0.53218847811646897,15,1.6788033281859458,True
0.4709473528253274,17,1.514822846878898,True
0.49652698367781267,18,1.4748572623912783,True
0.45930715344930606,13,1.5687532997779541,True
0.49394293204820428,15,1.6524208168359791,True
0.50461640277907194,23,1.4890964304227887,True
0.50826926065968103,17,1.602201584559545,True
0.44000477365617985,11,1.5174895932971781,True
0.49526699911228395,14,1.5296629648659303,True
0.49610837831573629,17,1.6491885556439112,True
0.47131745621434473,8,1.5250642128555378,True
0.40791044224599815,15,1.4501041180162157,True
0.47980836940181121,11,1.6634187837091734,True
0.45472694176644807,14,1.5514973647080206,True
0.46040853408448612,14,1.4850774661065353,True
0.48854053675635917,12,1.6241012365908207,True
0.48629528602835509,14,1.6374661905532655,True
0.50985332136993478,20,1.4895997901279805,True
0.48287101604081784,14,1.6003562088224943,True
0.49952509018886815,13,1.6809188382374263,True
0.49509419409578365,14,1.5735481037993644,True
0.51034445855348132,14,1.6796414520136138,True
0.4554746524171901,10,1.5901139922441057,True
0.50928129533865907,13,1.5800107920206479,True
0.51286532037135613,14,1.538041766623568,True
0.52958755173513228,16,1.5026124568415582,True
0.49884385270022552,16,1.5956732962177345,True
0.45230952910982508,12,1.6057843682758857,True
0.5210590632988884,14,1.6917768002287152,True
0.50179035158088403,16,1.5683747547844948,True
0.50266671387273132,21,1.5112683070709576,True
0.48562444372360991,14,1.6902936532138566,True
0.47335830739762347,13,1.6126474475406136,True
0.45412666698265985,12,1.5965593373949876,True
0.52343891072558801,15,1.4745733655142093,True
0.51109201973358465,15,1.5034339964204517,False
0.50629043300656795,14,1.4986944265250934,True
0.51066458731754261,20,1.4226086098842921,False
0.51549770533438666,17,1.2658593426736635,False
0.49827072578268755,16,1.6398249067485422,True
0.53333737941632986,16,1.6148387487087124,True
0.49349737622311868,18,1.5992251317693458,True
0.47133349187840129,16,1.5321783777093543,True
0.45863325972087488,14,1.5392890183275481,False
0.42499388169197749,17,1.1612618292354826,False
0.4714411568317467,10,1.4649556863449273,True
0.4899014523719154,19,1.2177163354638112,False
0.51261194522466769,16,1.5745619225162646,True
0.45655827419997236,15,1.5105316173331762,True
0.46271531428089357,13,1.4994629326024609,True
0.50957685846318912,13,1.6851844566891767,True
0.47212929640551288,15,1.4967553088936745,False
0.39185758862723413,15,1.1519976260640086,False
0.48822693685820129,17,1.442944235622154,False
0.52388908064363071,21,1.6346165865196449,True
0.47489991683828447,16,1.4793406061632801,True
0.49114940715380723,17,1.5111403583851426,True
0.46576451021069259,14,1.5805513264208904,True
0.47030596158687926,14,1.6150768252806431,True
0.44504322313820716,13,1.5290750163900624,True
0.50101109854637493,19,1.3230133405079583,False
0.5308343226281953,14,1.6671478524294843,True
0.50240320209272382,14,1.6577362327520366,True
0.44165355736342266,12,1.5109994815487289,False
0.4994202198050493,12,1.6049528359066809,True
0.48334652584156534,16,1.4668337925730068,True
0.49744343788647394,14,1.6435786863796036,True
0.44531748729985654,14,1.4155964095532938,False
0.53702507243871256,13,1.4575389577069473,True
0.54092972054195843,15,1.5885554586499617,True
0.49521513548140916,14,1.5187467201364626,True
0.43043706572850893,10,1.5359843148088892,False
0.51382027124740992,15,1.6391749529049491,True
0.52753643381131543,13,1.554203414624759,True
0.52523811009392729,21,1.3692382557254632,True
0.50616690120715857,17,1.6456549112721732,True
0.43754739539182896,12,1.3831596850920644,True
0.47227973815650193,11,1.6538362462987557,True
0.45817252875148096,8,1.6674772463046372,True
0.53531048507289247,16,1.6764333132432212,True
0.51060613222381579,19,1.546532263722415,True
0.42547956473198295,11,1.4273934550872787,True
0.50690023417784602,12,1.6420656509902261,True
0.46614891392002805,14,1.0857947854431851,False
0.48127497836604632,10,1.6891249074973631,True
0.47241825151045852,18,1.2439874643171906,False
0.52754643576168969,15,1.607349991553195,True
0.4884710707116407,15,1.6103367391988788,True
0.51653666262050746,18,1.5563514541349737,True
0.48576380925361573,10,1.6829651032565582,True
0.49850154101513044,12,1.6266216766503587,True
0.51636204312854017,20,1.5287098016753171,True
0.46243889657297138,15,1.531880711814378,True
0.44477473394607348,13,1.5127907111047614,True
0.5096258745763137,18,1.4912470808009797,True
0.50069706898301103,17,1.5837728498041628,True
0.51896687119426355,15,1.5441750351822034,True
0.42561274219540601,16,1.3334428722288858,False
0.45876293414107089,11,1.4615177234277732,False
0.47277768910698997,13,1.5332654462869046,True
0.45471718627327767,18,1.360718175956432,True
0.47178383480133401,14,1.3264722808693998,True
0.48736922120139398,7,1.5454076314108638,True
0.51722848913612895,19,1.6462328313011125,True
0.50180501613258632,11,1.6657782994185959,True
0.46817876905031824,13,1.5838994562036377,True
0.50265111115148364,15,1.6353215918208572,True
0.48836820044726553,14,1.516275917926259,False
0.49996163408411859,16,1.2143149105118194,False
0.45654464294461977,20,1.3515514083887923,False
0.53055643075495118,20,1.5298269216625082,True
0.46471342942487726,17,1.573698037353636,True
0.49611157471933426,17,1.5271300537445938,True
0.49193535657793713,13,1.6257163350791592,True
0.45462159937516333,14,1.5265612059840852,True
0.43988874394961242,12,1.558021766154617,True
0.43929141504081926,7,1.4114232334728314,True
0.44032850014497654,16,1.1418867944938231,False
0.47903345555789639,13,1.6600735154988178,True
0.45219737385630099,16,1.5142539801789023,True
0.49050392055313685,16,1.6065668717824291,True
0.4878534965035779,16,1.5702235556246156,True
0.46704981923647904,14,1.4955820178671848,False
0.47879563495982463,13,1.6315709891209331,True
0.49451709457636828,16,1.5551035221917329,True
0.4833153026467818,20,1.5235966429524228,True
0.55170052992390273,20,1.5920947887128216,True
0.49401382570761815,15,1.4080896188598269,True
0.45951911957197072,14,1.5978716307433467,True
0.48461439317229643,13,1.5625288374620672,True
0.50995186514353175,17,1.6394538036115622,True
0.50353045286394704,17,1.3734739348628111,True
0.46254056092548412,15,1.5448246942736401,True
0.48658718601163092,16,1.152142681060629,False
0.50940346023541938,15,1.6926629102903921,True
0.47636610819190967,12,1.6078912741880336,True
0.51929569277684318,16,1.6673411112295198,True
0.46727523363284912,13,1.3635715333056819,False
0.49804290330691986,13,1.6371778762535349,True
0.45883288595673966,15,1.4763655543332919,False
0.44473663846795619,20,1.4171921463059494,False
0.46875530459536513,20,1.3666288608072958,False
0.4940079743874663,10,1.5814111810383487,True
0.5077661764787007,15,1.5819965473600131,True
0.53046045342246695,23,1.6194450369560776,True
0.53894217374692654,20,1.6668117724977851,True
0.51815635045725494,15,1.6378071480052738,True
0.4647171947356577,12,1.5065611344477479,True
0.48471157380583152,15,1.6126901550518835,True
0.43026510872679319,14,1.4279465633382933,False
0.47280274147668816,18,1.1969190385926189,False
0.50051928780481014,16,1.5443843022557975,True
0.46890029895695257,15,1.3106577361481702,False
0.53107523453700156,10,1.5870786092880054,True
0.49321473510151337,14,1.6149927378038633,True
0.52589490523622673,17,1.7076207886400725,True
0.51362393637750769,16,1.5432143096969482,True
0.50477277683754396,16,1.5364603549896003,True
0.53672451543493715,18,1.5789256489250723,True
0.46455186686252442,13,1.3695908450319845,False
0.47395210221597583,10,1.5447133780229509,True
0.5043431794993789,11,1.6617154383527055,True
0.46037205567309158,19,1.2028615469088302,False
0.44366884801146445,14,1.4979961361065732,True
0.5293903862772309,19,1.2687870402712897,False
0.49299824991173158,15,1.6466651450548051,True
0.50891620398326798,13,1.5037919919214617,True
0.48358430211317893,15,1.6635604363687031,True
0.51145698475089418,17,1.373862341299634,True
0.42713918398012046,7,1.5708404316463935,True
0.47332574635505215,15,1.6302999015079596,True
0.54228673395553351,13,1.4453221538361656,True
0.51763948785430391,14,1.3764050115901203,True
0.52088138913660886,14,1.6044493946778835,True
0.49605976919642525,11,1.4521336726616931,False
0.51596847563700465,20,1.6397829650361428,True
0.45408161414978426,10,1.6083418976764832,True
0.47984231831473056,19,1.329946351327072,False
0.48316162400830159,14,1.5825675653368791,True
0.45849483506301231,15,1.283323175568877,False
0.50420592032702627,19,1.4571695472041477,True
0.51302013997057649,15,1.650531436751747,True
0.53863854723411519,16,1.6867445389702018,True
0.43455911296978017,15,1.3266743617937424,False
0.4994497084522232,14,1.3875205285668375,True
0.46656706937090614,15,1.5811837826395718,True
0.5289928599903877,15,1.4761373693547666,True
0.45940527858275648,17,1.2835101956596866,False
0.43572639556296089,11,1.5548100936667324,True
0.54087522110591579,18,1.5188261924091326,True
0.47399954741870576,17,1.3892751466202418,False
0.41873744143323499,8,1.5634708238254607,True
0.51597520143168318,19,1.6291456880232775,True
0.50025544707301683,17,1.445623734534877,True
0.50531492022205871,22,1.4835804777539325,True
0.50129054330584522,9,1.6910798219364145,True
0.49960258810487373,13,1.5802660382733935,True
0.53642391878364781,13,1.4792766148846377,True
0.43150123222662479,13,1.3916525739106009,False
0.45083218766943528,12,1.3982713901129684,True
0.46608689000642284,8,1.5155149857754742,True
0.52402481704078552,15,1.4339611141442539,True
0.48778944210584896,18,1.41022517066519,True
0.49734159901014413,10,1.6986146778516393,True
0.51311407929151576,18,1.6526295839387164,True
0.54737803503981552,18,1.5284960829582737,True
0.54727825136731245,14,1.6710873431233138,True
0.46540069975668508,13,1.4186359503909145,False
0.54755851588456395,17,1.6129857659204918,True
0.44745342261024462,13,1.4752797159305568,True
0.43283134114558791,13,1.4034009440282389,True
0.508356175662942,17,1.3200362930710137,False
0.44898282527488059,11,1.4428915499375601,True
0.52574407543733293,19,1.3945945505788704,True
0.48033189801660753,18,1.4329246975180474,True
0.5239528610244395,17,1.4994390722376711,False
0.53332554556891931,18,1.6637143090159441,True
0.47505395655806149,14,1.4156234190465766,True
0.51044346696027543,16,1.6379583839005152,True
0.50063242770691774,12,1.6340354240192239,True
0.51504122455653434,22,1.5005118610878276,True
0.53720564869918552,20,1.3642107610097076,True
0.47708251258761114,15,1.6016312742925891,True
0.51231852436383063,14,1.5982336930165064,True
0.48766409552911993,14,1.6302651304064566,True
0.41873425344287257,12,1.3539906220687226,False
0.51753715387929378,18,1.270030472497911,False
0.50906054186462668,17,1.462592333222787,True
0.41351545418011365,8,1.4656016002383296,True
0.52453221704175457,21,1.6790294758476398,True
0.50818791760745574,17,1.4714572367919325,True
0.49379695278928154,10,1.6888183491588276,True
0.46918561832760486,7,1.6540743789444239,True
0.55818101525086916,17,1.6794174940708608,True
0.46139183233402925,18,1.4724834507646989,True
0.52257572636937299,20,1.1337794292041434,False
0.47720210210302061,18,1.3526550970877924,False
0.45261904278120213,14,1.4664170200396358,False
0.48655609166700303,14,1.6634620216388878,True
0.49984683717465545,14,1.6447508713226742,True
0.45284715119873881,14,1.3618165230895867,True
0.49010818718956051,18,1.5690226624018757,True
0.49713374402801069,13,1.5421966190703627,True
0.52443843374367027,24,1.4937845669386403,True
0.47834689678973669,12,1.5704210725840444,False
0.54963291467545683,24,1.332382280990714,False
0.46630314666537337,13,1.5757928567283608,False
0.4614644324797732,10,1.6107777897807141,True
0.50244847255998648,19,1.4334687259969503,True
0.4714044093062465,13,1.5639181482844067,True
0.54577299724375483,21,1.4691197480582798,True
0.44350915193055906,15,1.4949527319186877,True
0.48888390035703305,14,1.6428896101341099,True
0.47760809011599969,17,1.5208492031930891,True
0.51149753835509848,19,1.6822764222641113,True
0.49840146867063834,21,1.4339135982516726,False
0.46068305485386019,19,1.4463225723703443,True
0.49205517172124419,16,1.2059107024679077,True
0.51351349788924916,20,1.4752935512829413,True
0.4946758653144479,14,1.573145939005069,True
0.43183496640800789,11,1.4887285295212938,True
0.4588510421328994,13,1.5961038133870131,True
0.46729787056059735,13,1.5848017766523201,True
0.51988174279950006,16,1.6791923689558854,True
0.52080977415619589,16,1.605138670138387,True
0.46218845740762127,15,1.3081156352690704,False
0.5345339086750156,11,1.6457991797382605,True
0.47965278939420597,12,1.5102502727538358,False
0.53986208823669135,15,1.4999594950354966,False
0.52628916811278825,14,1.6385109205477248,True
0.47854571893266878,17,1.1692042713626085,False
0.46213521117891182,16,1.5022462450008447,True
0.4813775946373639,11,1.6698925715748885,True
0.48381132191189585,12,1.646071182436867,True
0.43139227707443717,18,1.0311683756555283,False
0.41096650259480982,14,1.4145381267313304,True
0.46847701067076231,14,1.5451044690704014,True
0.44133879153158528,13,1.5335345876973447,True
0.48682193082731223,19,1.3817257648328143,False
0.48392459844807184,14,1.5979748778980709,True
0.50558180645999673,10,1.6563548944185249,True
0.50783870230300221,20,1.6635054411417507,True
0.44421131740940561,16,1.4231715338802615,True
0.47473441188144283,15,1.4455444624321574,False
0.58139055698771613,23,1.447781589027626,False
0.48548724296247697,15,1.5008335047604928,True
0.52504854197168571,21,1.5911216707467646,True
0.41682697446171818,14,1.2523133149728061,True
0.47505000450230617,14,1.4221975970831393,False
0.46838505598198649,10,1.650886093683265,True
0.47915412042523214,14,1.5259095680388002,True
0.5283222475266216,9,1.5054029630140782,True
0.48682347511904811,16,1.510922097280518,True
0.48912620688754332,15,1.611453970237388,True
0.50219802367756983,14,1.6605417752138683,True
0.46044862075973497,12,1.5554547324666499,True
0.48184840755167152,16,1.5014119704491116,True
0.47519900634459078,17,1.4244579809184001,True
0.48138527735419717,11,1.6390717254611824,True
0.50765332430356058,15,1.4699659216889327,True
0.48172321958270958,12,1.5958473629089032,True
0.47114471397114993,13,1.6450212455460766,True
0.54040507109893532,17,1.5948830858336316,True
0.53869480134898751,20,1.1566234425765418,False
0.55268713880157738,16,1.3802928647859098,True
0.50915542063523345,14,1.503496985998088,False
0.41514787312103235,12,1.4737894945953549,False
0.49520878225111681,14,1.6551021278785201,True
0.50875103570771651,15,1.3665347395774903,True
0.48576145059330578,11,1.6737121705737297,True
0.46555802946278863,11,1.6335145883687991,True
0.51091325452430292,15,1.4966419987054969,True
0.46812244485566934,12,1.6614634065455087,True
0.45871879000081761,9,1.5296653921505194,True
0.48202021587437566,16,1.6394434271091791,True
0.39268285951689358,16,1.1034652885706893,False
0.4659816839802734,16,1.3413323341590817,False
0.45950998409998584,11,1.2885534453531693,False
0.43676352816747627,14,1.5419763757946325,True
0.50136169164160638,13,1.6530673221076335,True
0.44550147901942672,11,1.5717385655800125,True
0.48923708875890581,15,1.5190527759522505,True
0.47987692379327535,16,1.4203208538736922,False
0.47194913602933458,13,1.6370028775370982,True
0.46324350393681296,15,1.3812618976876345,False
0.51845634777429817,13,1.6429942036073479,True
0.57042659897543702,19,1.4751198649789379,True
0.42613527465448736,13,1.5333023218659947,True
0.47058613406935768,15,1.4829847479626286,False
0.48381016299276736,14,1.6390550879048076,True
0.49530512929116421,12,1.6904210315455386,True
0.53184260926863014,22,1.3354000861971764,False
0.53663615262248587,18,1.5940528241435947,True
0.43716104066031314,11,1.4969578935179106,True
0.49415549504916501,19,1.5762395851677531,True
0.4811321715317769,11,1.5462886208575997,True
0.51289255528709321,18,1.5858622031789837,True
0.47873793475732801,12,1.4450452728918024,False
0.46526182369133173,11,1.629355513833604,True
0.45769702211137081,11,1.5761071365240826,True
0.4829988104419865,8,1.6927917079594392,True
0.49188837165554977,17,1.3802177828440401,False
0.44731367988805848,14,1.536362604038461,True
0.53108053895109497,21,1.560190169408058,True
0.53279923695002562,24,1.5449993474585162,True
0.50533279423305066,13,1.7006181486001815,True
0.44803078805812591,13,1.5064243428878199,True
0.50130486877675362,10,1.6061149103162042,True
0.49336450706696711,16,1.5473341253758803,True
0.51053819619581153,18,1.2213781546041795,False
0.48363422793139954,19,1.5737052096979729,True
0.48090765447996875,11,1.6174568663997102,True
0.44583995135162646,13,1.5558018349113976,True
0.49486564552079526,15,1.5384042565896165,True
0.45780567306045267,17,1.5433338522961713,True
0.50448698839326178,17,1.3085697654340573,False
0.43909449000716266,15,1.5127049951468283,True
0.46106205932749234,10,1.675959023713578,True
0.50181797003771444,16,1.5613285768351031,True
0.46745953238742616,12,1.6523172378572208,True
0.49816091957460518,16,1.4995829273791208,True
0.47802141390179242,10,1.6836653554256957,True
0.45050955187338615,13,1.4874391674023169,True
0.52688358742886143,11,1.4410322434501353,True
0.5004936239532104,17,1.6201506853900307,True
0.49191558720932266,17,1.6287161060491862,True
0.46647920787777553,11,1.5522725107180382,True
0.48523967539229118,17,1.6467990144261209,True
0.4633178446988408,12,1.5147858185278273,True
0.43148250581410252,22,1.2485563730171563,False
0.49219099059448285,15,1.5232634654330619,True
0.45249116997262839,12,1.5875079635398373,True
0.51077682867212948,14,1.5014074245541333,True
0.54417306940122456,20,1.3719944188398321,False
0.50526969968721591,16,1.5030719996585542,True
0.4707089760487343,15,1.5069349412444986,True
0.50462525774658018,17,1.479954055165851,True
0.43639400720258559,9,1.3084520359680021,False
0.48976271919341752,17,1.349378189099034,False
0.51038408002814384,12,1.6985161989641806,True
0.52704532900292411,14,1.5573830853958914,True
0.4898904638670139,10,1.6072322818520952,True
0.46466500595488613,19,1.4481973285768219,True
0.49982179376027447,15,1.6032034117548162,True
0.50304733359030107,16,1.6705143951457189,True
0.51786731827613031,12,1.4406143169572898,True
0.47558187779726285,13,1.632489175482311,True
0.51426067961547339,12,1.5095383982991677,True
0.5453428182257497,17,1.6859160955432779,True
0.4692683945405659,14,1.5075205512039187,True
0.49179071704588184,22,1.4305552834960318,False
0.53283913192799248,15,1.4513707071579558,True
0.45250997602304233,13,1.4656119204487494,True
0.4473418960526786,10,1.5475272445077748,True
0.42368932357287925,16,1.3320040810001719,True
0.46378826541577867,20,1.2915291413814205,True
0.47830602763317326,16,1.5904640490918793,True
0.50002569178467571,13,1.6660444571299176,True
0.48937947594536385,14,1.6356963823548183,True
0.5023651435196762,14,1.6843035147158691,True
0.45861645173341192,16,1.4194070921971034,False
0.45783633019811187,15,1.4990406972776968,True
0.46603612451597515,14,1.5425367222463251,False
0.47635020234624181,10,1.6682864791777554,True
0.48236551469627142,16,1.6315784137962928,True
0.48358293326892154,12,1.7005236685822862,True
0.44457690273969852,10,1.489104416245546,True
0.47096978293048147,13,1.5865088470377466,True
0.46026429673991825,10,1.637082589282471,True
0.49567670470284059,17,1.6005933759210627,True
0.47328928772810541,16,1.4682107048490378,False
0.53535108394382058,25,1.5928970778521814,True
0.52549632518669365,18,1.6021391874731983,True
0.46622669065506334,10,1.4596869524586902,True
0.44288645679734817,15,1.2968937240259895,False
0.48571610876180271,13,1.659201571900859,True
0.44672976287163368,13,1.3184135691952341,False
0.4817424231493373,15,1.6532920802412234,True
0.49120027370309621,18,1.6464889584923754,True
0.45939631822501942,14,1.39537416678218,False
0.52576074318356958,19,1.3166754110758951,False
0.54782259464435323,16,1.6160049061580277,True
0.46903447614433358,11,1.6131464157525086,True
0.4599663035166065,15,1.4958439717862047,False
0.4594432111951155,18,1.4662078373871399,True
0.46523426150906005,15,1.3529784705202703,False
0.46245664599370639,10,1.5595791663583198,True
0.47241653065024253,11,1.5954124719630352,True
0.50804529840217627,15,1.5790545478276465,True
0.44031039389380722,13,1.4202379026816123,False
0.50951285506615596,17,1.541827845310106,True
0.470633552881081,9,1.6650467389333952,True
0.49847790304660844,12,1.4644345304805841,False
0.46996425680015586,12,1.5100543066799899,True
0.44631812820524086,16,1.4852297337340874,True
0.53644328752801462,22,1.4194402983293002,False
0.46324105120707743,13,1.4741570416955381,True
0.43661478071572069,16,1.3733947491490111,True
0.43709001021006932,8,1.5792128131347349,True
0.49875037358468932,24,1.0425274943463601,False
0.47362783614057535,17,1.3077956295503759,False
0.5110689564662394,15,1.5519905515592503,True
0.47646458076928566,12,1.6397456390600726,True
0.48239972304770223,16,1.3335465097150918,False
0.48389015373785815,15,1.5364853784595387,False
0.49351710705248014,10,1.6629106032947893,True
0.49667965156635496,18,1.3776952696829106,True
0.46488217083593791,16,1.5273186344699503,True
0.47597018597066304,15,1.3675303831290528,False
0.42339383962289046,13,1.4201632159876065,True
0.49148570611805925,17,1.4715214537185239,True
0.50235166083744176,22,1.3807735117441962,True
0.48707491203771774,17,1.3608022802288386,False
0.4897672659501584,12,1.6866908897515669,True
0.55639764143214543,19,1.644481032671768,True
0.43844946739072549,13,1.4679667356382138,True
0.49687579859252623,18,1.4741595392529521,True
0.43645808233512434,12,1.4675490561272,True
0.46394655171985827,11,1.5843928247391525,True
0.52014144960554975,16,1.605466262590721,True
0.5102378649471081,15,1.5252643515858355,True
0.46452122858481004,11,1.6366199431221551,True
0.50004667641590939,14,1.5720484148362805,True
0.49268423067944656,15,1.5937088360050056,True
0.48596388240258098,13,1.5520058579937177,True
0.43751037819811645,14,1.3638180503280355,False
0.49606336946841867,12,1.6729709087908171,True
0.51700800695320159,22,1.2078237591062255,False
0.4598700042365218,11,1.4805571646315012,True
0.45048637110549128,12,1.4861582825314881,False
0.53293058074236899,14,1.5004365387219312,True
0.42849442934180598,11,1.467556445132902,True
0.50155450932396772,18,1.52878059703071,True
0.52508114742881462,24,1.3202691335444474,True
0.53757337063153698,22,1.3881818376907256,False
0.48371292654935749,18,1.4069182465187333,True
0.4636991531860235,16,1.3045550492668299,False
0.51962122476165862,16,1.6247611061065312,True
0.51590475148490145,15,1.5334238787391818,True
0.52640641731582793,17,1.6635066951311108,True
0.44847667355739163,12,1.5387745813775577,True
0.4902642890435886,14,1.6384506509340901,True
0.49927779644677334,16,1.4534123487647224,False
0.48707716728621187,15,1.6253847339824814,True
0.46101153663637456,18,1.5060824209575894,True
0.46934809030012087,11,1.6675462893236332,True
0.48467231088600554,9,1.6927951632598068,True
0.46871490962084777,11,1.5406337702489272,True
0.5329189020467745,21,1.4809267010837708,True
0.4850097258060046,18,1.2746933213336173,False
0.48184401989030012,14,1.5843738807480061,True
0.51861729160012082,15,1.68044991145589,True
0.53646343553408993,18,0.96392105147238361,False
0.46136713470631191,11,1.6507653760688499,True
0.51287103531035105,13,1.6823651041128425,True
0.43842021151351518,12,1.5089850775027982,False
0.47574748318376603,14,1.4969910896581331,True
0.48093490571262182,21,1.3949395619714684,True
0.50973452350729831,16,1.6974513730646064,True
0.48438518018871501,14,1.6207077466330326,True
0.50650988088860394,16,1.5184050980795218,True
0.4513696592072165,12,1.6233183693240678,True
0.47515328874276952,15,1.622035183583344,True
0.5283080546942297,16,1.5970390121202662,True
0.49035375983361296,13,1.6127475691191124,True
0.396549720678258,17,1.0206816983721594,False
0.46409210510030413,12,1.6478729539129278,True
0.43664450513770786,16,1.2334820457688007,False
0.48114530643110742,12,1.5563511984221463,True
0.49872674183843896,18,1.4707539675050991,True
0.50678139902264285,23,1.581330855993397,True
0.45552505011814198,14,1.5074113143359988,True
0.53185313356618857,17,1.5093165268618021,True
0.47526897054234224,15,1.5435797472089985,True
0.4444282549143222,14,1.4435591279981133,True
0.48189549367617995,13,1.5250659150846966,True
0.50416630879652669,18,1.3549393645769743,False
0.49203205786364385,11,1.6327195323964914,True
0.49815087842330463,16,1.4914994061578746,True
0.51750425886648432,18,1.6485157651263262,True
0.53807027391298767,14,1.5987907557203629,True
0.46323638547615376,9,1.6541658736819358,True
0.46463131629977805,11,1.571433001638699,True
0.53540107805922244,23,1.5317274147299975,True
0.47206956600024902,14,1.4864732330137027,True
0.51202654925313118,12,1.6123132765540205,True
0.5200014383701449,20,1.6415170765135729,True
0.4483198406427687,10,1.5191538578442005,True
0.48210779708128154,18,1.3696445514587483,True
0.45394960700218673,11,1.5492357296062655,True
0.45847055321419183,13,1.4879148938604452,False
0.51473586497799351,13,1.6686186801507075,True
0.48032273396102215,14,1.531030333913497,True
0.45761866192689005,11,1.5947444110209068,True
0.50482666394186326,14,1.4547695295458125,False
0.45751779350288652,14,1.478247114477149,False
0.48030467898461782,17,1.5222319079627189,True
0.49339333288827397,17,1.4200905369238166,False
0.45775394280143572,16,1.4563599230050215,True
0.50763640315163905,13,1.5459478809403142,True
0.44463624394256684,12,1.4079987494393127,False
0.51553986501112425,15,1.5977079341257903,False
0.49119507876810442,13,1.5443185122511447,True
0.48688180640021456,12,1.6059149663983709,True
0.43317062185798177,9,1.5551551993199075,True
0.48636007252673691,13,1.6537372145651081,True
0.48280147882861946,14,1.6271851228817917,True
0.49604527189403297,19,1.3222486415352077,False
0.49905250289027298,15,1.6482159992791121,True
0.4301705717684452,13,1.4939056923661853,True
0.42460717978779577,15,1.4291318261499324,True
0.49233749131445054,11,1.6639739846532926,True
0.49710085159427175,14,1.611709669893993,True
0.46054877164165992,17,1.3689645930262355,False
0.46612098074668568,13,1.5375217353055688,False
0.50292388742868743,14,1.6710669123182644,True
0.52356375910942832,20,1.1980409853394696,False
0.48616957581543563,13,1.515494537045178,True
0.47239966369168657,12,1.5916144115001383,True
0.50039280486598958,15,1.6391437811616556,True
0.48927315691269502,12,1.6580543892520776,True
0.55507715741606412,18,1.5750869692327654,True
0.48952956802784042,16,1.6248093595938387,True
0.45342021299829532,14,1.4756164930259732,True
0.46660923245474856,9,1.6559271458069786,True
0.48219437196521919,13,1.5760582545181725,True
0.4978455045081428,17,1.4361766466604955,False
0.50145028385169499,15,1.6395464465657799,True
0.52404992131329919,20,1.5832369150003911,True
0.47773536455978471,16,1.4560234346409044,True
0.51295597435413443,15,1.6733773472002442,True
0.45961237967011281,18,1.2203214747406226,False
0.4637141620150092,20,1.3299911030081701,True
0.48339187446835119,16,1.4792620804437164,True
0.45257328496089039,9,1.6301339465863585,True
0.49985304900365352,15,1.6865388335710805,True
0.52657171772968081,17,1.5823431244824857,True
0.49146045068160804,16,1.5549184930121704,True
0.46981193584083425,11,1.6000789767974617,True
0.52165919179972731,16,1.5343466191170998,True
0.47045724802856259,14,1.396589506464839,True
0.51285823777163775,17,1.378038017813271,True
0.46590557663614568,12,1.4860035626470869,True
0.44886791549931049,13,1.3713023624193394,False
0.4484376419696896,15,1.4527399649162396,True
0.49977414252123525,16,1.1275021246237258,False
0.52932258132653309,17,1.5225743366390634,True
0.48657200075317891,14,1.5578641080504718,True
0.48429903746212899,15,1.5628305472692086,True
0.4540646090294565,14,1.451551288803947,True
0.5477108480770988,18,1.4081572922152483,True
0.43308766739426963,16,1.1010044718723579,False
0.46885473533985794,15,1.5422164031945358,True
0.48408848527066284,10,1.6323196998210006,True
0.42825551610236334,15,1.3897669635819223,False
0.49490311142207316,18,1.5625981578161521,True
0.52295195286128759,15,1.6560576305980292,True
0.52101484932018061,14,1.504550492654205,True
0.46259324089075382,12,1.4075828296251569,False
0.52854286788598237,10,1.6195302051446816,True
0.54934265431126628,20,1.3524498146988599,False
0.52555185053415299,17,1.6524964421982185,True
0.51088355552152076,13,1.6421192802157119,True
0.49685600989399187,16,1.5882884712186796,True
0.56756312320389357,24,1.5544782945777809,True
0.50903401432706552,15,1.6107861078455248,True
0.44563296528322349,8,1.6336850102970066,True
0.49919444018607251,14,1.4893987839910858,True
0.52996209747999268,16,1.2759540584774791,True
0.54054002854089767,21,1.5070571725746564,True
0.50107215364307767,14,1.4268973393608042,True
0.4657938471417703,16,1.4614149967081012,False
0.47761150323676255,17,1.5580875532363936,True
0.45508647158841076,13,1.2925046077759699,False
0.47798246265234845,13,1.4295608600917822,True
0.48128761820016391,10,1.680540206716298,True
0.43536698196986168,11,1.475992329320112,False
0.45430336298960355,15,1.3716011783769806,True
0.47569905395080286,12,1.6019972361995805,True
0.49184106582416959,15,1.3766014933093316,True
0.44447159394524965,17,1.1996883566176737,False
0.46372813852965722,13,1.5117473785893847,True
0.4980761812134446,8,1.5483540931870741,True
0.48157349988106707,9,1.6420565822281339,True
0.42768016582106522,13,1.4464419392153161,False
0.50173376304535788,18,1.6452264520695576,True
0.51073258497957819,13,1.6364717859784077,True
0.47901764170105104,13,1.5644583266835772,True
0.50005786052000634,17,1.6496654708468368,True
0.43651478188599135,17,1.4909562923648798,True
0.46770280346786602,12,1.5807473572601674,True
