0.47611882517513937,20,1.4081256342448298,True
0.48536634328125822,10,1.6644892263167044,True
0.52173517026543204,13,1.6187951106926124,True
0.46494750867652934,13,1.6301056253803703,True
0.47178820946797317,14,1.3570813381907914,False
0.44966561003761546,13,1.5608772568212879,False
0.54836202259393685,18,1.3394191090192702,True
0.45127031069795714,14,1.4280002355965924,False
0.45232375798411106,15,1.3284511744363641,True
0.54145741021378402,17,1.257352619026131,True
0.49017648600670216,18,1.4479162004316091,True
0.43839191494885155,14,1.3217272510612554,False
0.46237379913472826,10,1.6518357708081863,True
0.45909730266686266,8,1.6117496135604201,True
0.53292083360331777,18,1.2058842904625191,False
0.46024142847649491,14,1.5517357025525753,True
0.4418102351039101,16,1.4996838203480969,True
0.47339891199585787,11,1.6620382876599371,True
0.49897217731109911,15,1.6298092649760441,True
0.45728603828617315,16,1.2792005054993569,False
0.48923162075223475,20,1.4406833600270519,True
0.5422176488678212,19,1.5348676915683535,True
0.49300985756641214,13,1.5749950743100274,True
0.48564868794913457,15,1.6581615403480958,True
0.48801640460903079,13,1.6334116360871913,True
0.46923437961111059,14,1.5657769399526167,True
0.4532156021386981,14,1.4920461836412322,True
0.51220392127533532,15,1.3722798808681891,True
0.53118840643751164,20,1.3068586685932619,False
0.49670714898999463,15,1.5268136585326424,True
0.47807400204990241,12,1.6726157017828462,True
0.49179736245011796,14,1.5603327700455389,True
0.49676515204051741,13,1.5696592746202138,True
0.43295412838177111,14,1.447976852951572,False
0.53558542407765286,17,1.5524173274273443,True
0.48552893468094405,14,1.3146391272015998,False
0.49606843470156764,19,1.6313102678855138,True
0.49597032446733752,18,1.5232163372933096,True
0.46153954661507424,13,1.5295532353417463,False
0.45409219652148486,9,1.6246644000881278,True
0.45647293612277778,13,1.5010117827965794,False
0.50087187467129723,17,1.3680484603099641,False
0.47822546531903048,17,1.2654119542520543,False
0.49695343966654948,16,1.4324970309841165,False
0.48653561633461262,16,1.6129741723060018,True
0.49791965101556107,13,1.6500567724054933,True
0.50697329894132759,16,1.617436404372331,True
0.5555284798595147,14,1.6315330489357476,True
0.46879508570612893,14,1.5176645704984928,True
0.46656434235050642,7,1.6560340641694398,True
0.51816681508051488,14,1.6939791715109449,True
0.52977497147396402,13,1.5586701335486981,True
0.50981728248985536,19,1.5518842454649562,True
0.47082520381215898,15,1.5600568660460563,True
0.52332887620030599,14,1.3252163032052691,True
0.41048437183026182,12,1.2786248870359687,False
0.52908038591962736,16,1.7012082458358557,True
0.50804117637911006,16,1.6215406038845213,True
0.51353616472665442,14,1.6526780418784186,True
0.51813506830842848,12,1.672749209052184,True
0.50995042213843611,16,1.5935927696161303,True
0.46341348035332991,14,1.6141587957673964,True
0.47973596507069938,11,1.62354265749056,True
0.4660910378878268,11,1.5585010591177983,True
0.53583349113825807,20,1.3525919264501605,True
0.51532773091462691,19,1.5336678713445389,True
0.49121290418522745,18,1.5039145417545638,True
0.45938113781808204,16,1.2742381063842716,False
0.41954277379003879,10,1.5275179135459707,True
0.48880581269138923,14,1.6431889987119257,True
0.44968082406231463,14,1.5005937989565785,True
0.4780333803705123,13,1.2194674380709476,False
0.454981714211667,12,1.5518026552279653,False
0.45736427789807477,13,1.5342421167534677,True
0.50417572908189334,12,1.6312875129123543,True
0.44919817588600797,14,1.5604620477108935,True
0.47720218470118575,10,1.5962726010314059,True
0.5125129019783079,12,1.3556031556834669,True
0.47674498773186219,15,1.6297589859191817,True
0.49264885443022133,18,1.1767538873939076,False
0.47303295086843306,13,1.4794384631305784,True
0.46773648662353129,14,1.4391605184094103,True
0.46433452558393717,11,1.3558240241899548,False
0.5048911733002488,13,1.6119935641020562,True
0.49635041868881258,16,1.4582453745238284,True
0.5551411342949325,18,1.560992127501041,True
0.45111204279597739,12,1.4341501471525584,True
0.46026431538939805,14,1.4714689520005246,True
0.52841219373268777,19,1.3250608880624835,True
0.43842733169509401,12,1.5892492484439473,True
0.52235240167683528,18,1.1315756849709935,False
0.52736366132137447,20,1.4011632351556607,True
0.47558639323446888,16,1.2619317669299948,False
0.46150658025182234,14,1.6050704706909091,True
0.52265194296767448,17,1.6447008485489316,True
0.477890740469117,14,1.5840573093066752,True
0.42744162778175232,12,1.2414124226841921,False
0.52917816945195628,14,1.3733107433867233,True
0.47601080059251749,15,1.535350607667185,True
0.47588184744007711,16,1.537237412131703,True
0.43937037715306471,14,1.1948909786399857,False
0.56428046364456796,19,1.4869507369583974,True
0.49051901143729432,18,1.5646551638155262,True
0.4194418488218799,12,1.3919198915628623,True
0.50181775980900378,14,1.6870494957683078,True
0.50017075522090215,13,1.6129429433812335,True
0.44977710066266369,15,1.5659674317679775,True
0.50001296182448363,18,1.5985164473661886,True
0.47768357590183386,12,1.6384138138633477,True
0.48260893752066991,13,1.621466525716257,True
0.45079312342980177,15,1.4878931251568202,True
0.49589183832152489,15,1.6494499165722682,True
0.47348632722481032,13,1.4462334854618175,False
0.53992598995296337,17,1.5130657233238898,True
0.45921652660397733,12,1.5035921572696944,True
0.47721648458474686,12,1.5562378274799784,True
0.45568907171378364,22,1.4452732694560948,False
0.46350664638960098,11,1.585938518994517,True
0.51886834279663663,14,1.6588166512597193,True
0.45878095988769813,14,1.5740814729153274,True
0.50524871337706012,14,1.676106115560432,True
0.5104326485981473,19,1.6376312212777653,True
0.495941850785316,11,1.668762385618116,True
0.53269666997976706,16,1.5777340930843509,True
0.5133738625375337,19,1.4423333460119239,False
0.45276926566484832,16,1.5586030746336068,True
0.52526908974869235,16,1.4545158016472008,True
0.51724192833629679,19,1.5937410028181789,True
0.57396601036976291,15,1.5328036014615753,True
0.45441679306982435,15,1.3855856641827173,False
0.42710113880359185,14,1.411351671407717,True
0.50297046454013417,14,1.5355059978097934,True
0.44775994000602326,13,1.3378734696359302,False
0.51174690769957909,15,1.3695788203766566,True
0.45381313186376837,15,1.3478890514934445,False
0.54070466031087616,13,1.4302662528468015,True
0.46326553543831628,17,1.3445628822116611,False
0.47160373870339811,10,1.6297092735684038,True
0.48677054449950224,11,1.5453641320482787,True
0.46414327294198782,12,1.4387311231025466,False
0.45002139426867249,11,1.5195780869552797,True
0.48498224186733208,16,1.4889787998076152,False
0.49136475876345614,17,1.5195058325062054,True
0.48837169729572821,16,1.3101496245460738,True
0.50105426044562484,13,1.6343999985821527,True
0.45914408407763979,14,1.5165001131720073,False
0.48248571423653991,14,1.5774936490790623,True
0.49391070066310011,12,1.6511036226398699,True
0.46511313513249003,15,1.5735184428975761,True
0.44673560513953664,14,1.5167386414789337,True
0.49733750903009366,13,1.6690274782966532,True
0.47524261250018196,13,1.5972563114424143,True
0.51613820182571923,16,1.5341932292720575,True
0.52334514836034307,17,1.6347264883434218,True
0.49871609319087629,14,1.5373955090736457,True
0.47491916271178786,14,1.5214543498828428,True
0.45489790790667312,13,1.5727442305147814,True
0.46225184122690549,13,1.5426619686776528,True
0.54629204638775919,16,0.95937233859924242,False
0.4668823678708286,11,1.5950668188557384,True
0.51087190475145627,18,1.50073371650791,False
0.49753067097939829,10,1.6768371089818632,True
0.47089487110558215,15,1.3964872827581458,False
0.49054679971307785,15,1.6449124366148751,True
0.53311734882780648,13,1.503139487395925,True
0.47206052284603378,11,1.4151105064278984,True
0.42142203203365691,11,1.3867157618130594,True
0.53230368421106611,17,1.6765835913684703,True
0.51136820739802269,23,1.2706471460001398,False
0.45954438441915568,12,1.4173066335265727,True
0.48874354172627954,15,1.6216509884262003,True
0.45280647423601217,13,1.5158274023188234,True
0.49474797924442182,11,1.6284492965390285,True
0.4895573774931985,13,1.628189932404444,True
0.46529761217192583,15,1.4322435385155396,False
0.47436553550092869,13,1.5697142837509861,True
0.4935813331986913,12,1.5573005923262697,True
0.52137648039015139,14,1.7043346135807411,True
0.47384973824930399,14,1.3734347350271126,False
0.46491188364080999,10,1.52197946733082,True
0.48935055271716588,17,1.5513993606273881,True
0.49010337157238693,12,1.4421103303190654,False
0.46976502089939753,12,1.5898211939256526,True
0.47916665392280505,14,1.5514745428312318,True
0.48058885928476969,12,1.597772978412316,True
0.5328769088605082,14,1.6960935107104533,True
0.53027921527276101,15,1.4083333457354177,False
0.52426730811247835,21,1.5642288354815519,True
0.39881461776705851,14,1.1839120303090682,False
0.46442814313045272,12,1.6076576377318597,True
0.49813183085791496,14,1.5417937521982967,True
0.43034029906966631,13,1.4535473611616148,True
0.48745663079042156,16,1.5611666901533745,True
0.47637108329123279,10,1.5839030603286575,True
0.49291947925068963,13,1.4911054570500646,True
0.50423740648523174,13,1.3649277483978921,False
0.53821645024143028,18,1.3080467930359347,False
0.46792441290504394,11,1.4976362934390761,True
0.45255378630102017,13,1.5692264989316445,True
0.49243842679280975,15,1.532893066850084,True
0.50428622610032869,13,1.6370760437376766,True
0.4813712980636542,18,1.4077868579573272,True
0.52101544431783442,17,1.5299906504760452,True
0.45858473048360493,13,1.4081926179678479,True
0.48075563863594156,12,1.643091086988151,True
0.44439883479919956,14,1.3070565673410157,False
0.44877380012829349,14,1.4651494175918773,True
0.48834998621134901,14,1.6313987302377373,True
0.48132971454674556,18,1.4210303013332557,False
0.475141828916401,13,1.5837272820842467,True
0.48912053731865285,17,1.4175754014857083,True
0.4732023241883867,18,1.5231341703932531,True
0.50905959472001705,16,1.6191579607474555,True
0.50827633305969677,14,1.6611881537435043,True
0.55012927603792705,16,1.5164965402024304,True
0.472993928319487,11,1.6155823255202417,True
0.53177334448807911,16,1.660312988738081,True
0.47212031141754807,16,1.4271069138952657,False
0.53317296193815999,18,1.6727583392362519,True
0.47417500433289805,17,1.365952126788768,False
0.47156099765225917,13,1.6293331281596877,True
0.45729077018569153,13,1.4657395124111225,False
0.47074690188426743,13,1.5866828742851324,True
0.4652026265862147,7,1.5269142631808472,True
0.43656439804570019,15,1.3685277508392812,False
0.50059541099782734,15,1.6608645059872997,True
0.45935774553747166,16,1.4548289976055258,True
0.45417723558588768,11,1.5990287435610686,False
0.4632085216536071,14,1.4388081147278766,True
0.45569309472714231,11,1.5541959998286017,True
0.49726444642617268,15,1.6026776494311548,True
0.4696033601943681,14,1.5271397902937502,True
0.44348739984286173,13,1.5542553360425722,True
0.5096034597606719,17,1.6061318200564605,True
0.4544673617200663,13,1.4763017780407426,False
0.45369361046204759,9,1.6618315731222206,True
0.51729010082873861,13,1.6677195229482014,True
0.49890017500470535,17,1.4862890446470409,True
0.50464452490999212,13,1.4967033400172758,True
0.48412043072877425,17,1.2753297553715208,True
0.54863869893336059,17,1.6472004414329573,True
0.48690186179263967,14,1.3274911938337761,False
0.49213624281489354,11,1.5577646806257952,True
0.52328331999954858,16,1.6437481949685895,True
0.48725961780265287,14,1.6435424469070425,True
0.51804684873719675,19,1.5775139317361822,True
0.41618082498045278,14,1.3376910442042227,False
0.48835115914970928,16,1.4834645194085583,True
0.48915029183344522,10,1.6969182768959861,True
0.53029049307342702,16,1.5455365479515473,True
0.5139693014634984,14,1.6912905558964142,True
0.47071923886366218,10,1.6447862257214447,True
0.41332447981381237,16,1.14737806327856,False
0.53343812907699417,17,1.331505677969681,True
0.43176575890855762,17,1.2794504879700102,False
0.41810629006735262,11,1.3106430294486804,True
0.52904924104870621,16,1.6967441630753564,True
0.46621337175764499,14,1.6375278382421377,True
0.47922063074865073,18,1.4340383414698734,True
0.47838388349379757,15,1.3638466699720821,True
0.51864258841747224,19,1.4367345518828591,False
0.47768376433774706,14,1.6318529771663626,True
0.50545086686142104,13,1.6175307806800214,True
0.53786705877521224,16,1.4898724964418262,True
0.47959442999682117,8,1.6783692938359012,True
0.47626609458247338,11,1.6289333702081743,True
0.54443416806202694,20,1.3133235880387197,True
0.49131353608970402,16,1.4574831104574666,True
0.49613251127634028,14,1.6329825225776264,True
0.47896534775722011,14,1.5953630980848539,True
0.51207216524564003,14,1.5974515900395789,True
0.54573920819882416,15,1.6256276904599996,True
0.47902770484584517,15,1.4804784281495313,False
0.53042593851070829,17,1.3934962177738248,True
0.50230409903709394,19,1.5208621490953123,True
0.48859575599838895,17,1.5947980088966272,True
0.48233099657269529,13,1.5609357678954707,True
0.4218564132929698,10,1.4128053217606571,False
0.44004011442543167,15,1.4476085261477811,True
0.50530265000071806,14,1.6129812176089691,True
0.46599563853972326,16,1.3858981148402494,False
0.49700061672728058,19,1.5056565080389239,True
0.44469567152773531,14,1.4016602205230766,False
0.51691549067675058,15,1.3944709808571314,True
0.47346819062513601,13,1.594920353456138,False
0.44785061095174844,12,1.5216102500360671,True
0.44223042859350298,15,1.2903590511966629,False
0.45803860852964906,15,1.443491912078706,True
0.46780132719952938,12,1.6464200885052604,True
0.45733516511266242,11,1.4992594920113331,True
0.47431972915963316,8,1.6401251038731304,True
0.48064013549007339,13,1.5940615764101298,True
0.42684389565307113,13,1.408044245747428,True
0.45580052429594886,13,1.5791184636731574,True
0.42706553153129068,15,1.242353168682317,False
0.45505570317414862,16,1.5504328600331017,True
0.46849750470804186,12,1.5657162203284687,True
0.4860072972527299,16,1.6415274910896016,True
0.54400078454084044,13,1.6121672520210979,True
0.52093473528581502,16,1.5307268985723972,True
0.49305913989583128,14,1.4979423373966241,True
0.45696030454013242,11,1.6115182383725908,True
0.44330905010439253,14,1.4115010587108427,True
0.48982128777012629,8,1.654535425600328,True
0.4533179267194633,17,1.3248245158056806,True
0.45919829443888377,14,1.558419230615947,True
0.44257915188002783,12,1.465254063130802,False
0.49843052658349335,17,1.5827394342334322,True
0.51760939474215961,16,1.6278328485452787,True
0.49111277523602809,13,1.5877822770795686,True
0.4592929885766599,15,1.5307582411848228,True
0.49335590442870092,17,1.583365336024926,True
0.52200301248649461,19,1.6580417770446969,True
0.50586430687355166,19,1.532842629135301,True
0.45857370257739144,11,1.5824701101481691,True
0.47952465082181056,12,1.5357271985056467,True
0.48157085990748583,16,1.4563189884154093,False
0.51249796687837368,19,1.5690693048347606,True
0.50710425596908526,20,1.4462878970626849,True
0.46698829042634799,14,1.5652271163462979,False
0.49879085277006535,15,1.6014541325444416,True
0.52204921733898002,17,1.44467290991688,True
0.47250167121054137,14,1.4396082504350964,True
0.47665466568665887,16,1.3909738851199493,True
0.44701603528329731,12,1.4677708101407214,False
0.50679904619637228,19,1.5679407106258503,True
0.45981164505872024,12,1.6459429305452622,True
0.49894144052276007,15,1.6378983437677754,True
0.48530108228625679,18,1.4293941477294838,False
0.42610572222792514,14,1.5157681734732529,True
0.48470219611864301,15,1.6111660867822151,True
0.52291878916844781,13,1.7131046295881969,True
0.48086239335225633,11,1.4904580697642966,True
0.46009782605030497,10,1.4639466401995946,True
0.50625699220893539,16,1.6019034656513531,True
0.56726313150658281,20,1.4451948570833066,True
0.48276010406236664,17,1.4229231982123449,False
0.47793722552218998,11,1.635886665597112,True
0.50413460589882975,14,1.408667151918142,True
0.48194903995136984,12,1.6586537861196022,True
0.4983455683151175,11,1.640704742078734,True
0.50116872327169615,12,1.5733543265387337,True
0.46110004077052963,14,1.5024210695458891,True
0.47205111712120373,16,1.3715051986818527,True
0.53649786052241499,21,1.210241658980963,False
0.49721604723771928,15,1.5801091920516341,True
0.52328484223678395,18,1.5188588886708929,True
0.52194972219034974,14,1.5603622090984679,True
0.47572807549939672,11,1.491695529364842,True
0.52481480833626148,16,1.6381127224178202,True
0.46244143358110895,15,1.3959820542815267,False
0.49235566161442351,15,1.5760843063914103,True
0.48098483852147877,11,1.6816445088793408,True
0.53013744872744284,17,1.5481915725016484,True
0.4601452492365708,11,1.4143099522980309,False
0.45959178099525905,17,1.4253774134954826,True
0.49030144297275513,14,1.4762036821110551,False
0.51489405320386583,13,1.6619569030592101,True
0.53429291336366991,11,1.5686741375614925,True
0.52174056979600847,16,1.5973714173434035,True
0.44710571181871894,16,1.5135319775234746,True
0.44858159863926056,14,1.5367835328165673,True
0.50087620958564771,15,1.5886909185044051,True
0.51079515873044834,13,1.1362301207358383,False
0.46869145473410051,12,1.6401728687317845,True
0.49122649853285766,16,1.4859373895129144,True
0.5217027084385526,16,1.5496387817325497,True
0.5251266987040295,15,1.5601662145453821,True
0.46637185656667857,14,1.5482565875076171,True
0.51025976402572792,8,1.6730256181224887,True
0.52314372714274082,21,1.6156052857663259,True
0.50309405393950002,17,1.5540121883012319,True
0.46642255704285551,13,1.614466324330885,True
0.44881841602793182,15,1.5541579572268138,True
0.49286496816213221,15,1.5792802377313813,True
0.45616833577536453,13,1.5891702197865016,True
0.53943330444008886,16,1.5705949799956977,True
0.50458355540094657,12,1.5690795097578314,True
0.51063271579859659,13,1.5241073839272206,True
0.4794898778316895,13,1.6329434208112079,True
0.55304997540488254,17,1.2426033024562624,False
0.54316820108380359,20,1.6101392081476644,True
0.45804989955690573,17,1.3340609624958937,False
0.4867874457219275,14,1.5159785802040666,True
0.46987065885603457,12,1.6146805117276535,True
0.46239544235837443,15,1.4634627272404273,True
0.49053758302066075,15,1.5395814493761772,False
0.44809605325845314,8,1.6434590760563685,True
0.50043860307601795,14,1.4927682040572445,True
0.49408661275792087,10,1.5877948242540685,True
0.46829364468030649,10,1.6339313897795216,True
0.51978145903980311,16,1.6303846833633062,True
0.45735878162722021,12,1.4332016434160326,False
0.52140393243065886,24,1.5036278747103593,True
0.49019846011796914,19,1.2864854124770251,False
0.45763280782781052,13,1.6172370444731752,True
0.47894991089097821,17,1.4478356151295668,True
0.4655883426538025,8,1.5495445062127216,True
0.51389632996118051,14,1.6533626688206622,True
0.45436652480002254,17,1.2019994721305358,False
0.43856215871624787,14,1.4863875482938245,True
0.44501440927295954,8,1.5390056815567312,True
0.52752986911813893,15,1.6453824148017935,True
0.49632537057487802,14,1.6373837085598069,True
0.49107153440829759,9,1.6907079948297756,True
0.43915322155717873,13,1.3822538871156278,False
0.48130993928185284,13,1.4299184762425365,False
0.51938688416029621,18,1.407406216972988,True
0.45168138388498952,12,1.5839601200049733,True
0.50151578934438235,11,1.6925340931432626,True
0.42579157286803299,12,1.5218939551964585,True
0.4527709788708123,14,1.571827100013756,True
0.48637420667095155,12,1.518088659023493,True
0.48391881681570942,19,1.5470339703539151,True
0.50376737406469996,11,1.6215134026826554,True
0.48982757890931916,17,1.3576228110524071,False
0.55246676513448667,18,1.5249099751210602,True
0.49415547531212434,13,1.6383071121997483,True
0.44193639351719244,13,1.4393935784586955,False
0.45459737911836506,10,1.5744063511004049,True
0.46696970255515152,14,1.5254792374390067,True
0.48459915935621961,8,1.6941475963097192,True
0.4232093049038233,15,1.1985994874361159,False
0.47910443495517341,12,1.6739822752661102,True
0.47299589533122616,16,1.5869075999308333,True
0.45734752779583987,11,1.6190733661451602,True
0.47638715709012303,12,1.6220429667644782,True
0.51852461389365989,18,1.6532255425856672,True
0.49971840297446268,23,1.1700800536841165,False
0.44017179954366359,8,1.568252500969598,True
0.46980362984074597,8,1.6273209730817066,True
0.44383529589693971,12,1.4589377341923726,False
0.47903468592879123,14,1.5555468104319097,True
0.44312093310404688,13,1.4974435425813368,True
0.47158246742561027,14,1.5837057634551217,True
0.4893501400537883,12,1.5661847579253316,True
0.44991445932019408,13,1.5655021778238003,True
0.4823992633015769,14,1.6428270405151779,True
0.48718230990754402,12,1.6816845372351708,True
0.45739166621000477,13,1.5927173882685381,True
0.44702990876090504,10,1.6187109025245239,True
0.52609525888590081,15,1.3053626587485534,True
0.45991270316776228,14,1.6284717294680116,True
0.51403926256756349,13,1.6724569516872803,True
0.52627001353702141,20,1.36657966528945,True
0.44675658405423141,11,1.5070339035972711,False
0.45297063880516897,14,1.4393069640345857,True
0.46444619958253158,12,1.5879636986446977,True
0.52098122637931243,14,1.3910790299318061,True
0.45229908889470072,15,1.5942891169990441,True
0.50039289442063717,12,1.5729763708766762,True
0.47644194598149053,18,1.548244800735344,False
0.48264550437559139,14,1.5285966157768924,False
0.47003469659136837,18,1.2480834216928334,False
0.44403924866810995,13,1.4743897450275616,True
0.44343674479128969,11,1.5129624880961068,True
0.53328107174286277,17,1.6739644677059669,True
0.48803661580387092,14,1.2644652290692067,False
0.4180448538797093,12,1.3977208442982449,False
0.50144084952209622,14,1.5700748693728339,True
0.50543960973576219,14,1.6375312179431243,True
0.5034685754396635,19,1.5580625643322898,True
0.49048855057797736,11,1.6775959630175268,True
0.50949303697421089,13,1.6909412176458365,True
0.46710820652178037,17,1.2773593108579624,False
0.45315554574373951,13,1.5459687739612551,True
0.4527351018788946,12,1.6239765828297708,True
0.49268172358768664,15,1.4779089781287964,False
0.42909657838872356,13,1.3589890217773906,False
0.52120130288723343,16,1.237199810699614,False
0.53679906193138793,18,1.685480607529273,True
0.54273397957643432,17,1.5273187249161897,True
0.53814044337298084,13,1.5893390171381665,True
0.47610739185929474,11,1.6804906265842801,True
0.4881072048055991,15,1.57555891618845,True
0.42994969397303301,14,1.368697616362027,True
0.50154646331729991,12,1.6997690720076071,True
0.44865613332797288,16,1.2910951825338515,False
0.55347381165888809,16,1.3619860829896966,True
0.51358847960989618,12,1.6727047353406199,True
0.52169631930738536,17,1.6077340249332277,True
0.49999348461162724,16,1.5995948172564043,True
0.42726560060241292,13,1.5010608264741256,True
0.48068048416070591,16,1.5722860385097936,True
0.45075003721515294,7,1.6581862324789165,True
0.53588194671640488,18,1.237177853835451,False
0.4736162346581908,17,1.2829270177983287,True
0.52272826304023245,18,1.5012065979483415,True
0.50321119989999419,10,1.628206008970456,True
0.44770446206037712,15,1.3677376754553936,False
0.45403443590291465,11,1.5771106899347029,True
0.42232048462822908,14,1.3993652401551047,True
0.49390871715742102,13,1.6793492306874294,True
0.50547413023341092,16,1.6029552081530114,True
0.47235349330597987,15,1.5768464691335253,True
0.40773754592343958,12,1.341405506061204,True
0.42940876009260726,13,1.3744368508462659,False
0.51275625740513708,18,1.6149659573397641,True
0.49055259472734808,17,1.5990062847365851,True
0.49308893724893504,17,1.4230106161976168,False
0.44871192026310397,13,1.5432762132023663,True
0.44850601668650786,13,1.520004237979742,True
0.46912159302133871,16,1.4032598154089126,False
0.4459359904300163,8,1.4794681771593761,True
0.49114808987774644,17,1.5686079301883809,True
0.50501465660745215,11,1.6707804681782878,True
0.42272461003634293,8,1.5151938027063681,True
0.4386510323777601,14,1.3682717017558577,True
0.46263797157148201,13,1.4840177019715131,True
0.47290778334246369,18,1.1642086911489895,False
0.4693915092733163,15,1.4308118103126055,False
0.4578310507103811,13,1.5161347950221722,False
0.48579716729716554,16,1.5672260149659565,True
0.51550339209203921,16,1.5781433663974644,True
0.41081403165211999,14,1.4729896412692618,True
0.45568984715719862,12,1.5179411990615368,True
0.49751396486889488,11,1.4570640799016501,True
0.43770981520922136,15,1.3131032885562663,False
0.48465982987520423,17,1.4754468818029531,True
0.45221854718866056,16,1.4864222713272259,True
0.47041359345457051,13,1.5827170434580913,True
0.49289015040158357,16,1.3693026423936179,False
0.52375097272338511,21,1.4772880804707058,False
0.49342295178864604,16,1.2534486491940535,False
0.49513290797922493,11,1.6002803185418113,True
0.49283813481514421,12,1.6403626056096998,True
0.45655751317469229,13,1.4557846983469633,True
0.45519390060158532,13,1.4047974481929666,False
0.46505403507484783,12,1.6586007099545885,True
0.51983923274557842,17,1.5147222272410261,True
0.54895039032765802,19,1.3406898433170398,True
0.50906334538099163,17,1.5506029110844,True
0.48909570407705327,13,1.6668749146174024,True
0.44915069713779332,10,1.6210186018738357,True
0.53557717516716929,16,1.478136057063185,True
0.48995019628737996,17,1.4924244528683905,True
0.49869508924485018,14,1.4526204784296917,True
0.45670107825171702,14,1.5524085112082266,True
0.46381290574787476,16,1.4659045083021145,False
0.46424974514697415,16,1.5284654884288058,True
0.49137027244631093,12,1.4701323127660604,True
0.54273556966953584,21,1.4494513300465071,False
0.52760373993344445,15,1.6007494624807852,True
0.48987121279989987,12,1.5471621597041449,True
0.51334126253206513,16,1.6431609386452415,True
0.47941454666119193,13,1.6401691857556915,True
0.46925883458345702,15,1.5270674463766829,True
0.46909150406441241,17,1.3393590079099118,True
0.50676467294486005,18,1.648336128036189,True
0.44460085945991967,17,1.3130191024502622,True
0.52680955280102648,14,1.6415519132923262,True
0.48926490815746171,14,1.5842990179624059,True
0.4607733405097727,11,1.6387081186716725,True
0.47392644131773431,8,1.6641508244039918,True
0.44801250870929815,10,1.5575921534206316,True
0.44243325906546521,12,1.5946689835699581,True
0.48384939832539181,15,1.5635758477057999,True
0.49953296980341011,15,1.4890432606704453,False
0.45209062157383506,13,1.5227938452585656,True
0.51552031504406481,16,1.4316416702473236,True
0.43830704730195458,13,1.3871700519911276,False
0.47321078158929641,13,1.474397038166269,False
0.51973584363229464,16,0.9929935944359275,False
0.50260979068504075,9,1.640606430575106,True
0.49413446402244487,15,1.3782075471106761,False
0.45670658316668988,15,1.3298997892634679,False
0.45697547675925626,17,1.5307312065069874,True
0.48032948773827733,12,1.6338995594229204,True
0.47264662692567,13,1.5465887824498228,True
0.51011420207556768,17,1.62545104221882,True
0.48587301992414794,12,1.598466011791096,True
0.49812629831965527,13,1.5270229393541077,True
0.45338846669981903,15,1.4229787148353072,False
0.47979897427183332,16,1.4919342796926227,False
0.50428232411812823,12,1.6410352428265491,True
0.52505315752910153,14,1.7111178234620361,True
0.45756819431385881,11,1.6518785879268598,True
0.47618436985454105,11,1.5499006108835756,True
0.52539663788871238,21,1.5608624653110508,True
0.42355541373453282,7,1.4716081555044043,True
0.50536421785202235,10,1.4737072764482131,True
0.4908290417083474,12,1.6395824982744851,True
0.47113087141268495,15,1.4177577174191913,True
0.4905769808800346,11,1.6308416189235464,True
0.48394590548087468,13,1.348366140281547,True
0.50850509492266227,13,1.4993880397734007,True
0.54392458916564679,17,1.6354395411397502,True
0.51767092013695593,12,1.4885190051495958,True
0.4518346280416628,11,1.6249483524906601,True
0.55178253116824871,20,1.6011971858374743,True
0.49198836251822753,14,1.6634323867030534,True
0.49962091859754659,9,1.6810091966040537,True
0.47759688024058672,19,1.4491050149343765,True
0.44537638061599588,16,1.4751563514598607,True
0.48804095362001337,12,1.683846001678466,True
0.46202747816713269,16,1.4458413162975901,True
0.46728117203470088,15,1.3968131047779102,False
0.4524515788887194,13,1.4740454710227437,True
0.46905329403659679,16,1.5668491283981667,True
0.48124238808615938,15,1.5840373633398055,True
0.43159848003833795,13,1.2985777648227943,False
0.52324153804947582,18,1.3467940592105008,True
0.50050787044449929,17,1.3211918931477529,True
0.41895291992601619,8,1.401833079871784,True
0.47275778361270593,12,1.5858254841576591,True
0.47375986369093215,12,1.5499756463914407,True
0.44480642603905685,13,1.4193332431952281,False
0.45909099100226725,11,1.4883146370531879,True
0.43488354363315962,13,1.5344149463754018,True
0.48949509535443153,15,1.567468412306207,True
0.48231464585126421,12,1.6122811584117103,True
0.52203162712813767,12,1.6217110846660179,True
0.53405582433231369,13,1.3923769632941663,True
0.47106966573829406,12,1.6360634940911383,True
0.44365582952946803,15,1.4263178218725112,False
0.54565368737574527,18,1.7078619949979579,True
0.5469110585404281,19,1.3793506087360425,False
0.46101218471544758,13,1.4659164299148402,False
0.45262318384288475,16,1.3796541257408308,False
0.49829725730418084,12,1.5513272188742058,True
0.51374965791377791,15,1.632917126404601,True
0.43592642185179875,8,1.5789391567531419,True
0.44120701336627149,16,1.3550502600079473,False
0.43767782414467382,11,1.4538373492221028,True
0.54794077194037627,19,1.0669791397923907,False
0.51013146203940196,18,1.5480009642249715,True
0.50434789144786918,14,1.6251149443831179,True
0.47617254746221255,15,1.5775405292578961,True
0.45224088849955529,16,1.4348295568826015,True
0.42023512682053166,16,1.0536702778169742,False
0.49930267041399495,16,1.5229220411668083,True
0.44806432374142952,16,1.4850185195130945,False
0.5076323240334869,12,1.540761387855647,True
0.47879692589542733,11,1.6360121710371862,True
0.54551890482962784,14,1.5874096889649254,True
0.45359742129840125,10,1.5923534844824125,True
0.5056844877449187,16,1.593634211369692,True
0.49456225542262722,16,1.487682942234114,True
0.46421873129017577,14,1.5004423430102312,True
0.48396230883846725,23,1.1283352789939838,False
0.51065563986209206,17,1.5694888912865639,True
0.4596604487501309,10,1.6308956985041314,True
0.46749716121918461,10,1.4608492102377384,True
0.52987307990122356,15,1.4487314399723277,False
0.46279568564283413,16,1.435942114037196,False
0.48864642678569209,13,1.6973553001873511,True
0.4612784667882544,15,1.4916517804653571,True
0.56408687402903168,24,1.494274935079801,True
0.53939836201680336,17,1.5297905132914109,True
0.52554687582640991,17,1.6493422254309928,True
0.48936289931664811,13,1.3958020405441323,False
0.46337525205837227,15,1.5343656157895218,True
0.53719347847145138,16,1.4754567352602765,True
0.44281777486461238,12,1.4092627699526887,False
0.47749957632064871,11,1.5793110119188507,True
0.51545742958067087,17,1.619711661770711,True
0.42557222644431175,10,1.4943992684093754,True
0.53298453792278655,17,1.617767343543751,True
0.53695016724707767,16,1.5381095219209815,True
0.44809485441454339,12,1.5110131372548403,True
0.48473620142292545,17,1.5220959640435452,True
0.49079771236211384,15,1.6105068605160964,True
0.4768732395191202,12,1.5840366424460086,True
0.49267227322585833,16,1.2735196299808491,False
0.40616299082780238,13,1.1931235575276982,False
0.47368463717931708,12,1.5503706419580343,True
0.46232454190373612,12,1.5554925678424554,True
0.52890235559793708,18,1.3031314525723929,True
0.55438247784217032,21,1.6809753890603449,True
0.54383780944410831,17,1.4966461801434119,True
0.48943532552509983,13,1.4989743493904228,True
0.44582419919901339,8,1.5914805541713848,True
0.55826773184517609,17,1.2618912759553362,True
0.49827645055790165,13,1.5855122126046419,True
0.49176884921809833,11,1.6618901066136746,True
0.40181857196085069,13,1.2333758118499558,False
0.46498225045250513,13,1.376613753518152,True
0.44932185913234068,14,1.4573573636897119,True
0.50477537945341311,12,1.6710615804260351,True
0.52706969056838227,18,1.6159221163646524,True
0.49311872370913473,14,1.5709273524043941,True
0.45547370315308999,17,1.3539954001510794,False
0.46532563075558364,8,1.689823888406778,True
0.5037714583980335,9,1.5582857089689464,True
0.48491367233948485,10,1.6208888811207045,True
0.47698765198313015,15,1.5874616494677831,True
0.46771078569447816,15,1.4130433170141876,False
0.52639889707711196,15,1.4527756789196495,True
0.48779364760540206,14,1.6106993098102131,True
0.5178711360809295,12,1.6852544964158056,True
0.48468998898182269,10,1.6804612257310263,True
0.44625000387951963,21,1.1842744810176302,False
0.45728516541852871,12,1.5420873763331371,False
0.5120306456218906,22,1.2820746287607339,False
0.463190403570094,13,1.3387867426963449,True
0.49455436498451849,17,1.5573638333540825,True
0.42846915646463846,9,1.4772104209601804,False
0.48977908674677634,15,1.4840006715050047,True
0.55307022760927882,19,1.6834068569807594,True
0.48817537261981531,21,1.4322947634851535,True
0.46721911425274754,15,1.4472283969974036,True
0.50238788122408462,12,1.6518247288133958,True
0.47082046604496142,14,1.4249043200327267,False
0.52796849980902227,23,1.480428597208427,True
0.48567381295964662,12,1.6737841136290921,True
0.44886490844236099,9,1.4052750725458254,True
0.52178735885103822,15,1.2507087557421781,False
0.49917950992595689,12,1.5361019997753225,True
0.4976012411427545,16,1.6157488529177528,True
0.46594951252688044,12,1.645195224457138,True
0.48611060627122799,18,1.3614674443396584,False
0.43333107070064658,11,1.4436128605302818,False
0.44185221111162126,14,1.2681804292102896,False
0.45520285990181669,11,1.490868739219688,True
0.49337169142426018,13,1.6519045957110561,True
0.49093500080902513,19,1.3676375886202421,False
0.48821912871545259,17,1.3289266545903142,False
0.48106293211152695,10,1.6153391769627048,True
0.46961916962237843,17,1.3848594351504318,True
0.53775530322617116,17,1.4894696532868217,True
0.48501963585745211,11,1.5128402818639661,True
0.49114164594835047,18,1.4056108437663815,True
0.47720876917395982,16,1.5002650394738632,False
0.47342644664523276,13,1.5477260697702058,True
0.4027745018306626,19,1.1662738509387833,False
0.45710548998645634,12,1.5233152830294301,True
0.44817945530909836,12,1.4041843762436097,True
0.52433341429614244,21,1.5241680276336564,True
0.39369236967683746,14,1.1194653509351942,False
0.51193291291899856,15,1.6256336428391365,True
0.49277692119373756,12,1.6542678527602706,True
0.51007662852864832,16,1.5647590560464117,True
0.47095739319646573,13,1.6095905661054895,True
0.55780490426899443,23,1.2225636888883267,False
0.50324361388405991,14,1.6367756991333198,True
0.52061382591374972,18,1.6879033036572855,True
0.44768709997125777,13,1.6441676151682652,True
0.44550987995742292,7,1.5868112310576088,True
0.44566803791542609,12,1.6184164031044526,True
0.48211350819003945,17,1.6038998530933068,True
0.4324556081970598,13,1.5440397889009059,True
0.48052259604903858,17,1.5321113500735091,True
0.45622863427341215,15,1.4017731929572219,True
0.53730220966492015,17,1.353328815540132,True
0.57245427423312512,15,1.4988216310972067,True
0.4872849885295365,17,1.5734694244916594,True
0.48118490247639728,13,1.5678159809507024,True
0.55725583476643015,18,1.5106034375749897,True
0.5249670172685833,19,1.5160732367495979,False
0.41973927059202604,7,1.5580858156380251,True
0.4442564793303424,15,1.4702479694677704,False
0.51825243616349714,14,1.6043535782055809,True
0.50477394863497727,10,1.5584592440827327,True
0.48740793414760242,15,1.4856485886082251,True
0.52652775357251225,18,1.6499925568781328,True
0.51259728518795389,14,1.6579409562473488,True
0.44286712223682373,10,1.5206575428639229,True
0.46544059773308266,16,1.5595488271398426,True
0.42553712600409233,13,1.5456507596046991,True
0.56609631274671679,25,1.4765961094254698,False
0.52536278538211001,19,1.5977672165993535,True
0.49366375032361348,16,1.3765296010165655,False
0.45695058947890094,15,1.4421328091971963,False
0.47384376102365389,15,1.6016134871548822,True
0.52006292628221584,10,1.6335564373439657,True
0.48479162375036317,11,1.665774200108852,True
0.47055335434195178,15,1.5469788801867752,True
0.49696616951737022,14,1.5546835777020103,True
0.49876227755091335,15,1.5961960706351854,True
0.46825772184501174,10,1.6544676306673105,True
0.43919926454016034,15,1.2473934651059684,False
0.50315981958260791,11,1.601756644706587,True
0.48063116873115258,15,1.3412576326492185,False
0.43034897297557279,12,1.4503060096275788,False
0.44407718725041495,14,1.2865953381142496,False
0.50636255344193559,17,1.6007204307306564,False
0.49119728644207455,17,1.647251599170684,True
0.43946236097941688,12,1.5103818964263906,True
0.52546256794636736,16,1.3675578779733175,False
0.50805225541524324,16,1.658831412082556,True
0.4737684794972134,15,1.5070770537165301,False
0.52281594207104287,15,1.5615989842741669,True
0.48390695410470735,13,1.6779796981427795,True
0.53774313793785544,16,1.6555702126359901,True
0.46246038406209217,15,1.4491049181474127,True
0.52085067229248516,17,1.4446499882529436,True
0.46780216085766851,11,1.530094109686255,True
0.46386918546064593,12,1.5951800375966343,True
0.45550301555249101,11,1.5880437235803684,True
0.51541959931720271,17,1.4830504227086991,True
0.45284634954649056,13,1.5925174117071133,True
0.49789224532627346,12,1.4924285803401072,True
0.51434631130950115,23,1.4910432497087018,True
0.47408191731807831,14,1.3565640025144836,True
0.4876579390015422,14,1.519051232721202,True
0.48632163883571289,14,1.4929546608473865,True
0.47811542877060531,12,1.6017171031768656,True
0.47622300636126574,10,1.6184390196740694,True
0.47545114049277015,14,1.6036343944550766,True
0.42543645250432488,15,1.3786062740040081,False
0.51899019533409774,16,1.5529512961755858,True
0.45588253614442109,10,1.6130684223234419,False
0.46889966354146445,12,1.6029934815266187,True
0.53170889706425262,16,1.536611338147766,True
0.46335798157777208,14,1.4074250773667427,False
0.46778599081601552,17,1.5439399346058811,True
0.46297998445717531,16,1.2281410224838645,False
0.42849985536874469,14,1.3599645231564077,False
0.45758621805682181,10,1.6331945532790375,True
0.44483681095085043,14,1.3177269311614384,False
0.56694358194434069,20,1.5690187628533152,True
0.48334016051330625,11,1.6127004973941028,True
0.44561912642255569,13,1.5350681950115748,True
0.45821370425439123,11,1.6408386523205043,True
0.44201096697181474,14,1.3081942807953335,False
0.51334428804090215,15,1.6231078049548469,True
0.49622781784870945,18,1.5358323221372425,True
0.47072496865700908,15,1.4531894493861361,False
0.45095578970583905,7,1.6212812506327736,True
0.45276233244921704,15,1.4763841908956832,False
0.51997198676529877,14,1.6832811948716313,True
0.48236541176444386,19,1.6161369645952217,True
0.51989272580991364,16,1.656232207420016,True
0.51924346555082901,14,1.6818838886834462,True
0.45927960433554238,11,1.5500067023820119,True
0.46852874915772846,13,1.5293246445086774,True
0.45826940904153446,14,1.3329450770188009,True
0.48851146988574656,15,1.5376955605009819,True
0.45571827058588882,14,1.463465345640532,False
0.48438218220533619,18,1.5076157809737898,False
0.54245011808788146,19,1.4042906622027187,True
0.48486020684719189,11,1.6748905746563558,True
0.50299463708418735,14,1.6022922851783601,True
0.43798220069367771,14,1.3853199195525923,True
0.45083588732809593,9,1.6009662213237614,True
0.47035499024809141,11,1.6375678461386352,True
0.47568069111400396,12,1.5819097991334259,True
0.52053710580311086,18,1.6177647399800119,True
0.49553129189951201,20,1.4258070895382793,True
0.46791745451150951,16,1.4705256999968008,False
0.54334242857394455,14,1.5383790686475136,True
0.43611788530249529,14,1.4727530956190162,True
0.5179749167728247,14,1.50261579810208,True
0.54130137513218557,23,1.4241379884041041,True
0.468000355378557,10,1.2976973633055497,True
0.49633309256829822,19,1.4542137663606367,True
0.43289686770756786,13,1.4338454824464248,False
0.51451358693557747,14,1.6518460596037001,True
0.48705280501490311,13,1.668812992529501,True
0.43954205260362789,12,1.4637318404097868,True
0.50324607385386477,22,1.4138757771891013,True
0.48373306971763413,17,1.1328147724025013,False
0.4658036028647371,14,1.6039739708362464,True
0.47727981720525697,14,1.4744245338572388,False
0.46271945013872195,10,1.6706736748695972,True
0.48541592289632546,15,1.5029095997834703,True
0.49990255580995535,16,1.5487483608367876,True
0.53080839044238337,15,1.424273976655769,True
0.46614117102889241,11,1.5243199064168862,True
0.50584878436256764,14,1.4749808315753379,True
0.51869250396730904,18,1.4707658525526162,True
0.47412277639670058,7,1.6407897347464788,True
0.47494243073699116,12,1.6339393434081873,True
0.4857697521436482,11,1.6720357598264892,True
0.52880657023180389,17,1.4878105333565366,True
0.46024790295741153,14,1.3724160231913267,True
0.43955404677389431,10,1.6057847474946667,True
0.49611648206520526,14,1.499883071295945,False
0.45968853030856116,14,1.5792524328117792,True
0.4854247577573863,13,1.5662062458733237,True
0.44183631477824403,12,1.5610273703422322,True
0.52307749674201909,21,1.4783792081173228,True
0.46956208294589119,23,1.2007561875688948,False
0.41716325905421292,11,1.4470161088557683,False
0.52788073794920487,24,1.4826845130698283,False
0.48874296863621863,14,1.6180280877697337,True
0.44579851271567217,10,1.5293447422792374,True
0.5039838928585294,14,1.6636332835629417,True
0.49993007029480124,13,1.6909141064469042,True
0.49698124783355352,12,1.4739950971379681,True
0.46783102384283787,11,1.682121996847521,True
0.50241050091906547,16,1.6294418376843469,True
0.51556157577985595,18,1.65264378133711,True
0.46104311383308566,15,1.6061839325804355,True
0.5161938315383594,17,1.5467428777899568,True
0.49729361707508646,17,1.5385130634778776,True
0.5030903723304565,15,1.4418173667254928,True
0.54580408963846216,20,1.6447140970522973,True
0.42371511832883868,12,1.4821601038983496,True
0.47956574879913272,14,1.5199417015584089,True
0.47268137831071366,14,1.6004279905361836,True
0.45809026376376372,11,1.4294487863127934,True
0.50777869955439991,13,1.6696393671094423,True
0.49432329569175959,16,1.4495007035962213,True
0.43841546276850968,9,1.6035732343768712,True
0.38638243873605727,13,1.2722180214961245,False
0.5531415439050007,19,1.5557354772504595,True
0.45245240482000215,16,1.33895481928505,False
0.44109217919288868,13,1.4981006770265812,False
0.47664602954543039,11,1.6353146129679861,True
0.53814747186950551,15,1.6984965179042235,True
0.50904400733348842,16,1.6898453821695985,True
0.53601068211641001,19,1.3665317254081353,True
0.44642357991654769,15,1.2987992561064052,False
0.4391974339922764,7,1.6476385499673127,True
0.49785044105008958,13,1.6181617507796928,True
0.44257404377729542,9,1.6047017015430518,True
0.46918452835802665,15,1.5705985462568488,True
0.48611502505051396,14,1.5979691169305739,True
0.4574009947065813,14,1.5382218988309404,True
0.45828182720678612,19,1.1768606812960103,False
0.50196262574870798,16,1.5750140462726516,True
0.45567971120518419,15,1.4263946019601008,False
0.51848194112833479,16,1.5401073024700056,True
0.53562418215909979,14,1.6907970590591483,True
0.50278368917432537,16,1.6817864267734304,True
0.43489839867305013,15,1.1615805943916422,False
0.52198667069734717,20,1.5409701394979196,True
0.44235750927205014,8,1.63399672832013,True
0.49178300679542947,14,1.3541434043990028,True
0.4318976367041138,23,1.152365346635249,False
0.48432351067959173,16,1.5711235614103713,True
0.48480980595828399,13,1.5136358510998191,True
0.43412435028667751,7,1.5735752997800863,True
0.43572469446940948,8,1.6192587816549684,True
0.48143761956465653,21,1.2946739112596555,False
0.41147819114763995,12,1.2378120205349272,False
0.44296787738310572,16,1.2897132636421764,False
0.49348565699369601,11,1.6373353763579188,True
0.42769299150599177,13,1.470242490344345,True
0.48147362234420704,13,1.4111497832157556,False
0.51609616938254765,13,1.6816426602196777,True
0.43306751859385484,13,1.3955191620482088,True
0.44728109671388472,16,1.3241034641343459,False
0.44894899382695608,15,1.3883878462121761,False
0.48889490133189034,13,1.6753217040821569,True
0.46798545159605892,14,1.6029765058082015,True
0.50897906012671601,13,1.6988369308059914,True
0.46338205524502407,10,1.6771995850190717,True
0.44644656425103263,8,1.6356568758337797,True
0.48301252141889184,12,1.6705681670276631,True
0.47671608458344383,13,1.5410198609271117,True
0.43951518618830876,12,1.5465220042221814,True
0.45043363134643749,13,1.4738425901932564,False
0.46550418297763979,17,1.5690647346950681,True
0.46856809439922947,19,1.1547096813634683,False
0.51893186419121673,18,1.4032233624308621,True
0.42701659603528952,13,1.4368404172285147,True
0.50922550777640141,15,1.3619398515586718,True
0.45141978418265982,16,1.1636805725970292,False
0.45517561350542224,14,1.3487273291315744,False
0.49362608621839205,19,1.3203507934096763,True
0.51603810902335334,14,1.4418434342653963,True
0.44796616426784136,13,1.5168974150846692,True
0.51080277533559038,15,1.7119389105981482,True
0.43694134332866669,13,1.4623395927500726,True
0.49979981630277215,10,1.6632961742533596,True
0.5065061620151956,15,1.6012622395206528,True
0.49712578832969778,14,1.6681055294007032,True
0.47223378089212648,12,1.5692785862023271,True
0.48540961774445479,12,1.5453076900554887,True
0.49718974686316697,17,1.5732783980942637,True
0.48744095439304902,12,1.6976119382601922,True
0.50019685105294798,14,1.6000919862984335,True
0.45601394440085402,12,1.5309308403318502,True
0.46557096824943978,16,1.4361514752785998,True
0.50514136728221726,11,1.6465037821102706,True
0.52315528615626239,16,1.6282588431993534,True
0.50584738421785547,18,1.4269964888026503,False
0.47068135838259784,12,1.5992759599780972,True
0.52675445689123224,22,1.2906442914531742,True
0.47100958936281756,16,1.4137313607635245,False
0.49140824032356206,14,1.6313162914279489,True
0.49177493820645107,14,1.6110466047865897,True
0.46883148078803677,9,1.5726459211336621,True
0.47200426633952369,14,1.505985402211176,True
0.50298227194114642,18,1.2613994171312977,False
0.50544190664827771,17,1.5081875281848311,True
0.52466644212723168,23,1.555663736615154,True
0.54310614853605876,20,1.4637290963606053,True
0.45651645176065103,12,1.5622757361632669,False
0.51343368941930168,19,1.3464962596738375,True
0.42916000348550037,13,1.5023264582416314,True
0.49206636318908842,13,1.5956931909173284,True
0.42618451305646959,13,1.4640994715793654,True
0.45266437134582332,14,1.397614599263193,True
0.48629320010293681,14,1.6211982474141731,True
0.50240860079909888,17,1.4730724293474098,True
0.49867870597535929,16,1.5966993317067852,True
0.52172404030556241,17,1.6245521216859764,True
0.48185652430226777,17,1.5256131879574772,False
0.44886102871489031,11,1.6021261863176905,True
0.50772451103649185,16,1.6362178283515318,True
0.46456652003279181,10,1.6427759801266271,True
0.54419174714571683,16,1.4669567319297985,True
0.52222973979920995,20,1.5815542311034494,True
0.47508511369504547,14,1.5813511883824531,True
0.49069730828614339,13,1.5147772296835862,False
0.50440945536719051,17,1.6030903647051664,True
0.47129963175972239,17,1.4978365140754291,True
0.51519445654716955,19,1.4678488985147624,True
0.54532898239864247,19,1.523787631741166,True
0.49866761091460926,15,1.6233471572026439,True
0.51447921147360232,15,1.6564130917110684,True
0.43196117439354836,13,1.4108285480159679,True
0.51000292744958264,17,1.6006123012573918,True
0.43675353777561948,10,1.5344831439432349,True
0.46683771529189033,17,1.448919027713663,True
0.45652904137418854,15,1.5557019017739047,False
0.44888530553210404,10,1.5733680709785529,True
0.48324570646329129,15,1.493409773035838,False
0.47811634005206805,14,1.3596987366713746,True
0.47785933673175063,14,1.604020116913969,True
0.49287032438161182,16,1.2999452314913025,False
0.49976229747800055,11,1.5304654856838311,True
0.45662114305664248,12,1.6457841498197234,True
0.4723362852186242,13,1.6567943167858763,True
0.43771826114785534,8,1.5726124056012336,True
0.46544159938960278,14,1.5605866665152588,True
0.45070343079755099,14,1.5507468298688754,True
0.50238165661262557,21,1.337143942473646,False
0.4147152297585659,7,1.5234879649932547,True
0.39886591653920078,15,1.1397650609950423,False
0.46114029525298539,15,1.5078848726761653,True
0.48553872089675398,14,1.6600971221828924,True
0.45247452933660082,12,1.6201848910191055,True
0.49020881279627387,17,1.4782078269880552,True
0.45012835896930864,15,1.4285748206201618,False
0.46784655319580276,13,1.4480899427525247,False
0.46130183744107983,13,1.4132825311852162,True
0.515248543042507,16,1.4433104869449918,False
0.49567256347626582,18,1.331635812261577,False
0.48351359081290018,12,1.667912172860665,True
0.48940972704917979,12,1.6609002883271415,True
0.48338396207632711,12,1.6562494839574868,True
0.5174241590284463,21,1.5347576048633877,True
0.53906012964597816,16,1.5987163407944378,True
0.4294157903300902,15,1.4276294470186208,True
0.44469829486744922,15,1.3606275561840175,False
0.48558605750777523,14,1.4191230929052978,False
0.46023074464831626,13,1.5979766996593936,True
0.52906639532487876,17,1.7125342962214063,True
0.52661072250564644,15,1.5921524282571391,True
0.52038149082799401,14,1.6862497844177367,True
0.47958197657672275,12,1.6679940772637183,True
0.53046645096656764,14,1.6821456439043578,True
0.46593566382416807,14,1.5253593666465162,False
0.50783184309621232,14,1.2776131489295388,False
0.49160751030314842,18,1.3725347090051949,False
0.48805807203926538,10,1.5475921390259266,True
0.49356198768677678,13,1.6544341634113888,True
0.55492371782965355,14,1.6339600721473662,True
0.49948038391233668,19,1.5660985882950711,True
0.46661991909709377,10,1.6297513882644439,True
0.56340453211623676,15,1.5185669537893407,True
0.51504710509834872,19,1.5814691184553018,True
0.51055110951965577,14,1.5096133736945543,True
0.45866399794157953,13,1.5318404637223928,True
0.45477311247305463,10,1.53511386664495,True
0.51854916199274814,18,1.4588906249734792,True
0.47200893484816397,15,1.6236191914712461,True
0.50336001845936074,11,1.5270917967663744,True
0.49383398657125593,19,1.4475576499446581,True
0.48365970912274958,12,1.5890729121713298,True
0.47811420098886948,11,1.5634486707856206,True
0.50913275730042784,16,1.5877759714889081,True
0.54260566229387319,22,1.6547767862672755,True
0.49137516516248547,15,1.5478643323264865,True
0.49584846358685575,11,1.3953865557723857,True
0.47146750399118265,12,1.6413271799135369,True
0.41385994599332077,9,1.4683484893622358,True
0.50375134413558376,15,1.6826693676612974,True
0.46509507330289074,11,1.5360679983844832,True
0.55292058167647162,24,1.3661409992920914,True
0.45564772607374965,13,1.4484631236131953,True
0.44316001965603613,12,1.5052251297187276,False
0.49703008117840924,14,1.4972319082563521,True
0.48991327574047244,14,1.63745967772539,True
0.51697623715116869,16,1.6110158768712231,True
0.46219357377579334,13,1.5323638397743904,True
0.49120494734688652,13,1.5173793997688367,True
0.46287485689634522,19,1.3800031167054629,False
0.45689428272186017,12,1.5911518692878477,True
0.51537239213883235,15,1.4941554162250517,True
0.44016927872800066,12,1.3324337004929554,False
0.49298499751778191,17,1.4357685189497469,True
0.46150539345674935,15,1.2441697927286914,False
0.51078185928858266,15,1.5338252420161558,True
0.50703085836173512,13,1.6663699248015009,True
0.51928821926244839,19,1.5737190298377288,True
0.43956038437054179,13,1.5190343438621288,True
0.4859218184979795,10,1.6149395095666301,True
0.52328927688455051,17,1.454595562336396,True
0.52533285509061611,18,1.413562423091336,True
0.48023644022026757,16,1.438945989624391,True
0.53650347961062395,17,1.703510382370109,True
0.48735938970865544,10,1.4772561762436778,True
0.52683035910505549,16,1.3918722235009739,True
0.47618202350751182,14,1.654535415522262,True
0.53384508441848666,15,1.419001709260626,True
0.52000410066827973,15,1.4539187714926731,True
0.46261326618289178,11,1.4046533988522798,True
0.44835278873500495,15,1.4293120543323763,False
0.48336648727164516,12,1.5474280493870993,True
0.51287245986465724,9,1.6976455769295802,True
0.49876677025006999,13,1.6948791587018379,True
0.45936709915925111,19,1.5181159511364191,True
0.498671187609388,17,1.5870099319288955,True
0.52092919740183996,16,1.4377747279404511,False
0.48527052320927866,15,1.4608723572248017,True
0.44090768422746129,13,1.4814047015185956,True
0.47926690123800736,19,1.4985231369995189,False
0.47872979045976255,12,1.5626415775721192,True
0.49076437064014711,12,1.4351060398285653,True
0.49980312474022442,15,1.5617792999548199,True
0.48888784797375456,12,1.5910918038999988,True
0.44610181771053486,16,1.1663883967345621,False
0.47761498115819134,15,1.3804076488429617,False
0.46730895147021034,14,1.4402351553343249,True
0.49011170820253264,13,1.6183388181434468,True
0.47799314601199083,13,1.417008978052591,False
0.53628401240832757,19,1.6348700807119931,True
0.46793038373863793,14,1.6176988752169779,True
0.50018669076494648,10,1.6367881070864891,True
0.4612473841278244,14,1.4790819442381493,False
0.46408891367095523,16,1.4765616157792636,True
0.5013459071302363,13,1.6178212039707394,True
0.49198394025685405,11,1.6780805225228745,True
0.474953575761977,15,1.4948959450464965,True
0.46745272810447452,16,1.4966560659054005,True
0.53200498667283624,15,1.4599599264690584,True
0.44771982124882659,14,1.4575967799727916,True
0.44634355312195995,13,1.5287861238475537,True
0.52900829585472076,17,1.6755855760736826,True
0.44965986274181496,12,1.4278591584660221,True
0.50568664935673924,13,1.6476430785480594,True
0.44611216590362973,17,1.4265480960349404,False
0.50241835494013098,14,1.5597551021472555,True
0.53249837123130139,13,1.4714556514863593,True
0.49232170302714684,14,1.6117121266653271,True
0.49877411038879288,16,1.5322445054866667,True
0.50142791520112817,13,1.6811655057542458,True
0.41714700587219233,14,1.1324604903531692,False
0.50980902311071807,13,1.2961765205673426,True
0.46065464052259419,13,1.4951902537417499,True
0.45398096779685088,12,1.5982112685543695,True
0.51754789043635252,16,1.6444231856044844,True
0.43626016509275695,10,1.581147558393492,True
0.48467534288347386,13,1.5634669333744478,True
0.51764223154288846,27,1.4934359845712288,True
0.49377899228559907,14,1.6532998406537296,True
0.48764705502724215,13,1.5690528292611765,True
0.45456889780822296,15,1.3331507164855101,False
0.47718570939260058,15,1.5664471118009611,True
0.46993883132337522,14,1.429155979135126,False
0.45762262297970124,7,1.6707545250445011,True
0.51962802948245757,16,1.4204505675906487,True
0.53347490584269353,17,1.3675001338245454,True
0.52308246942996717,12,1.5925882379242204,True
0.4670139583043183,13,1.5070567693701602,True
0.50515852156799468,12,1.6523018220551715,True
0.53950450403337136,17,1.330524774064251,False
0.54360924790691345,19,1.4770080715273113,True
0.50763982104860106,16,1.5857151728393897,True
0.48766122085752955,17,1.5918019349481443,True
0.45599830689942722,16,1.2873356262952305,False
0.48953748385513618,10,1.6957530840344519,True
0.45878256586903027,10,1.5781274179613278,True
0.50780759977121392,14,1.6234407464872507,True
0.50496479793565763,14,1.6123853081888044,True
0.46690356837223174,11,1.5206077749901876,True
0.50380379191696401,13,1.6337673859319464,True
0.45850576523318282,9,1.6631738117194488,True
0.50960466042315899,16,1.6219223868396486,True
0.48885560751558949,13,1.6388326602035497,True
0.47816338542551845,18,1.5732622904996374,True
0.49712670593996078,15,1.0709403744108019,False
0.49760313537136053,14,1.6426064493453965,True
0.47568819510793514,16,1.5184740633954246,True
0.49478062095983905,14,1.5425827825647882,True
0.4932700637896858,15,1.5739920451873277,False
0.54527813773989708,18,1.5552549041911021,True
0.46796416611072711,13,1.5220952421553948,True
0.52407267437695537,16,1.3248527196568634,False
0.5014459065206035,15,1.5462598562805319,True
0.47581738323962164,12,1.6239653682089239,True
0.46438218362399147,10,1.6811067108882636,True
0.45965091290551302,10,1.6542236420344523,True
0.5048134016995508,15,1.610097082707252,True
0.46633578165680473,14,1.5459955718423433,True
0.49373427125315189,14,1.4897334175871888,True
0.4890380983209841,12,1.5995748639911775,True
0.45190778507052692,13,1.4218947948503682,False
0.47824090539297703,16,1.5392920439174316,True
0.54654170170269067,15,1.4728127555285584,True
0.47899770383312851,16,1.3154290447190231,False
0.50429816838139019,18,1.4280878746335637,False
0.43932126435863617,15,1.0939630579006283,False
0.4932684062085676,19,1.3305566398774751,True
0.47640558714097858,14,1.4605910449217097,True
0.46860834042491367,16,1.44546459975991,False
0.46087613456680471,12,1.459647155778113,True
0.44332883470626983,11,1.3595274890613473,False
0.48746358422306307,12,1.4301510839677312,False
0.50975982361342409,13,1.6685507830444481,True
0.46430362684603604,17,1.4569180503933874,False
0.47168239858961813,18,1.2625175435015601,False
0.5059267099182766,10,1.3027769939307161,True
0.49514190453305351,12,1.5283547879916357,True
0.44502588036328344,11,1.4448927804804232,True
0.44251544129651427,13,1.4320840495516192,False
0.46178453245163564,11,1.5751503402592395,True
0.47200842396530929,13,1.6508741292180675,True
0.45559256321263547,15,1.4689623982591782,False
0.43534910650760084,11,1.568478731667482,True
0.50083090137621111,18,1.4547547959815281,True
0.49709706701081785,13,1.5343575429206171,True
0.49575093446823359,14,1.5206595501442937,True
0.53610105266373353,17,1.3078709855490094,False
0.47353226224160083,14,1.5261585434600164,True
0.4715323259778868,14,1.4817181795848573,False
0.48628543255850781,13,1.6497206050664563,True
0.5119263885378158,14,1.455715863068286,True
0.50465813471532872,16,1.6473054598804415,True
0.47072100596834543,12,1.6524356888934726,True
0.45969742457132984,15,1.559668663774322,True
0.45001862795124192,10,1.6401565145595836,True
0.49135168418652414,12,1.5861604931867255,True
0.5179106355664469,12,1.6451971921395152,True
0.53246090274397118,14,1.5195030420138829,True
0.46551962406387165,17,1.4384874202564437,True
0.47008401486972723,12,1.5402734719695295,True
0.4539769256267101,16,1.4394569931759393,False
0.46685115495165597,16,1.5828244633650632,True
0.46122334933717168,11,1.5972627334843446,True
0.45302989630421125,14,1.535239233181817,True
0.53652319542132432,19,1.5674659844454153,True
0.49717172466579679,15,1.613588588158821,False
0.43598816171998694,10,1.5675640165239757,True
0.47972108707480521,15,1.5304602275011943,False
0.49697295813769232,14,1.6247880024549621,True
0.43132633409711785,11,1.4563792839394445,True
0.46380843486968382,19,1.2218576625855078,False
0.44771752295528455,13,1.3457901182438294,False
0.48642432824161996,14,1.3519303717906774,True
0.47204938774994515,17,1.5132759220290173,True
0.48176897771257393,17,1.4287189775998184,True
0.47315183239726077,19,1.4112734848069144,False
0.43982871748243396,13,1.2150223235780209,True
0.4473995391793647,13,1.6208281537820328,True
0.48814021717800976,16,1.3593417699579136,False
0.45846824848707479,13,1.3095498930786209,True
0.51541191627691885,15,1.5623110897169801,True
0.52822733792106435,14,1.477481926007383,True
0.51137183858324131,18,1.5396655399260077,True
0.48453506597599411,11,1.680033884196058,True
0.47018843127008886,8,1.6145981479042231,True
0.45808857566233274,14,1.5743015568823142,True
0.52342945911478589,16,1.396893770028603,True
0.50267668305425817,11,1.7001283491262578,True
0.45054921777288742,13,1.551926674818453,False
0.48270189652600526,17,1.5171102944562291,True
0.47366453436140005,15,1.585073791448312,True
0.4629468325112262,8,1.5376378666656099,True
0.42808796266199217,12,1.3152508226561797,True
0.49974551201596545,14,1.4702178920886682,True
0.49176942466896822,17,1.478523811040489,False
0.49928575409197334,12,1.668605133462697,True
0.43941359156647203,14,1.5315741309324298,True
0.4841922150338569,10,1.6325628462354169,True
0.51420656710826296,15,1.6957536353513691,True
0.49019407669717663,14,1.6365743454517445,True
0.48796262351053882,16,1.5520362413527184,True
0.40231553364123768,13,1.3311466376435586,False
0.48286507665320727,10,1.6610450893094371,True
0.43231803358770571,11,1.4894165995132729,True
0.50916865681711443,13,1.4328895937541402,True
0.48768550864016585,14,1.6667078716836898,True
0.50804453889181045,11,1.6714650601628598,True
0.51926539436785146,19,1.6062554088782437,True
0.4718585338127842,9,1.5776189017712634,True
0.49083906774039027,23,1.4222948379710993,False
0.44672112712208001,7,1.6216163483242683,True
0.48952665186638267,13,1.6179601939680974,True
0.50357369202091462,14,1.5575281944036217,True
0.44535015755401863,13,1.6065816659799916,True
0.48882441876956939,14,1.4841694592735104,False
0.47887942646115278,14,1.6107050826748381,True
0.48862662493223469,15,1.5838407430416876,True
0.4331984396407072,18,1.3391117154484982,True
0.4373879058260462,12,1.5151153415440717,True
0.48057745974486532,17,1.592710270218231,True
0.46774049568580056,13,1.4417152461172174,True
0.4937709055384143,13,1.4950181116832826,False
0.44655508059666954,13,1.5116574002792476,False
0.49865102319487331,12,1.6710213439991088,True
0.45580628442015148,17,1.2658532141045635,True
0.45942963132363257,12,1.6347979770094807,True
0.46142120617730004,15,1.5453144190328085,True
0.50929336570667827,13,1.6866018507177902,True
0.4982693813311273,16,1.5474005555030443,True
0.45488298820783418,12,1.3771488802215672,True
0.47858866766674885,14,1.6476544830559432,True
0.443105680030702,13,1.3712336048266864,True
0.46565311132928056,13,1.3052435407848177,False
0.49692776538867423,15,1.6249637471260523,True
0.47182778622958788,10,1.5821007212673703,True
0.44158670559975483,12,1.5297224163014076,True
0.45696813624414606,17,1.382014283182023,True
0.47501237773833094,12,1.5677939063096906,True
0.42982224858198742,14,1.3172915369437679,False
0.46411616305782077,11,1.6094115105506928,True
0.45048207237867455,12,1.53404206257833,True
0.53351610338975364,21,1.2903115504522646,False
0.46942334536540775,10,1.6293093582616491,True
0.49195311893366767,13,1.557866903775732,True
0.50270406112962873,15,1.6254339648331069,True
0.4562116267517804,10,1.6602555446663281,True
0.433647467758071,12,1.446833781909572,True
0.42107668616029831,10,1.4779991096687344,True
0.51108214391167439,15,1.3485941377474484,True
0.49741739699995091,15,1.6170880870783515,True
0.44552145428453366,13,1.5782380760715833,True
0.43977621064981115,16,1.2756663709314569,False
0.48853405445930126,17,1.3723959515737743,False
0.51928463572139338,15,1.6498779180238106,True
0.4514643863702178,14,1.3835702535077032,True
0.4451265312555473,11,1.474237288819275,True
0.45824780328297088,14,1.4932817147414823,True
0.54718971406028261,17,1.5602539461387883,True
0.48345590950250689,15,1.5515337362631774,True
0.52429773492525322,16,1.2267563258550975,False
0.44426926901223063,10,1.5226439828198315,True
0.46060638010570071,16,1.5493460851758265,True
0.47390558095102486,10,1.5990463266501702,True
0.43658897166182609,13,1.5542661936495696,True
0.49649897298631318,17,1.490680321866908,True
0.51504006513863765,18,1.5897502115950042,True
0.48518493183002082,15,1.5849502108868698,True
0.48598988844746122,10,1.6656149631814132,True
0.5050027865784279,15,1.5881555874954636,True
0.43613305064875302,13,1.3639153322798416,False
0.47803822800924139,13,1.5980714487349015,True
0.4227425101865937,12,1.3925310506418422,False
0.43217675203012484,13,1.3741186803472076,False
0.4889032179044151,14,1.3870261916943301,False
0.4898820320731575,12,1.5350869349047653,True
0.47903677027345526,14,1.2406366580294506,False
0.51677574073806598,15,1.6577006282419129,True
0.54266173967550424,24,1.5246678411413275,True
0.47893318959062942,13,1.5700990981608347,True
0.49822203829088252,14,1.6324108330798326,True
0.43751922681662786,19,1.3812807766639243,False
0.47980522228439332,17,1.5144073260023454,True
0.47231125691698939,14,1.4676126658348336,True
0.45865898666601218,12,1.5636430617299026,True
0.49407678024683221,14,1.6661609088630449,True
0.49670058839001058,12,1.6952029443111241,True
0.50523195241660623,16,1.5715878023189678,True
0.51645657910942633,14,1.6598398526628886,True
0.46457035719118706,8,1.5700597128271332,True
0.46202848294299992,16,1.4087787055806094,True
0.44921529229909701,15,1.4951797927813819,True
0.50592064473455844,11,1.5700636312786285,True
0.42849489555639647,13,1.4501821270440391,False
0.42225081471957754,12,1.4358299244166466,False
0.44659842332837607,12,1.5377578967697736,True
0.50606610432719068,10,1.6013558347202925,True
0.46912757837927688,13,1.5804771304211704,True
0.50455220331712025,14,1.643269506665757,True
0.48796519423015894,15,1.5459001562974231,True
0.46409152259143255,15,1.4673739428378878,True
0.49354806672903168,12,1.6326889725959259,True
0.49283474998338517,16,1.6472820725417008,True
0.49619314392195774,18,1.6202480365562211,True
0.48655189632445345,16,1.5889098437850757,True
0.48186719757084812,14,1.4968163848833493,True
0.5021387506875522,15,1.6144100695968142,True
0.48857702068250658,17,1.3409573441435387,False
0.45550671103468798,14,1.5165514789698107,True
0.50445700937171511,17,1.4801547295326474,True
0.48668108725614467,15,1.5810063490751276,True
0.43808451379453905,17,1.4259815937927591,False
0.50094697563353641,18,1.6189971060856221,True
0.523985861373648,15,1.5256411439121886,True
0.49075006607305893,16,1.2213013142241753,False
0.43724170401612206,17,1.1677643589782394,False
0.47379440002045681,13,1.6537426347111508,True
0.50655000870109501,14,1.223181011435408,False
0.4556715832570607,14,1.4941807643302083,True
0.51664992903481255,20,1.5037162209961319,False
0.47598589645114836,17,1.5622926644221264,True
0.50110447055485607,17,1.6361863904950567,True
0.53414879305898111,18,1.4529062894149141,True
0.44487950038730084,13,1.5067508503645617,True
0.46561122576838138,14,1.5494611649322587,True
0.4454805640254631,17,1.1812916428057985,False
0.51614456188509261,14,1.5520941626199301,True
0.49984350608802358,15,1.4997415993076875,True
0.56304932052936874,14,1.4305869548106191,True
0.45103107940484188,15,1.3872331063387209,True
0.46562107978732425,12,1.6173449717863637,True
0.46898775656419855,9,1.5651291684676421,True
0.46207632965259787,16,1.4927136206622376,True
0.51088738478154283,17,1.4209694407366713,True
0.4896955603918498,12,1.6102575418982654,True
0.47210194955234569,17,1.548219442356521,True
0.4655410136052277,8,1.6291795227824424,True
0.54435464390840826,16,1.1999731484823013,False
0.49344740224437078,16,1.5772453540923908,True
0.47553903887070276,13,1.5009608905784866,True
0.49686466190663969,18,1.343276632895209,False
0.44304269945427077,7,1.5428703118539169,True
0.49471408191836991,15,1.6639212899342541,True
0.4760043685675252,14,1.3629970966837521,False
0.52953123965268223,14,1.4501348878903426,True
0.51331535181211185,17,1.6044787499890165,True
0.4800805553892179,13,1.6022177721913979,False
0.50582221962109009,16,1.3702083112777532,False
0.40443351841549513,13,1.3318625410566727,False
0.53281376601565056,21,1.3263346718832807,False
0.46597946846571736,16,1.4322968453693437,True
0.49215806404138102,15,1.6137357424920278,True
0.41807879161813161,17,1.3274428099391755,False
0.53452430305257859,13,1.3388696850762178,True
0.46242583380968716,18,1.3047866842264451,False
0.49024263501039361,11,1.5341089914739869,True
0.51266741868045085,18,1.5722636126314768,True
0.50411925243692823,13,1.6586438694337431,True
0.4711195298991625,14,1.5880686336919825,True
0.56880774081684859,20,1.0940459053787255,False
0.51864614685495225,17,1.6978190859574498,True
0.52950354614315065,13,1.5837707330949871,True
0.45315810191326589,12,1.5331318319646849,True
0.49525047639384223,13,1.6570143697346633,True
0.48982483338250804,13,1.6305712787496038,True
0.43886307319429851,15,1.3413601449657082,False
0.48952937735106888,12,1.6491716720600371,True
0.4891194451446928,17,1.4774756384528749,True
0.51488482964758753,20,1.2789346521580198,False
0.53169873689416047,18,1.490250371811126,True
0.47174377996850153,11,1.5364692667061977,True
0.48550507259467562,15,1.4627418355014277,True
0.45687521637107326,10,1.5982227369546609,True
0.43834395775798407,11,1.2484841487251515,False
0.52911815356610536,14,1.6315642497000378,True
0.51781535139430857,17,1.5577759591771678,True
0.49368020605388535,17,1.5210383802774345,True
0.52214720240889345,15,1.618547355850243,True
0.4946800144145746,14,1.6221238044444546,True
0.41711299712385702,12,1.3276300645336272,False
0.52482983105476089,15,1.6403522455047939,True
0.5229842799504788,18,1.4410858379881133,True
0.47668772009567156,12,1.5779068961720999,True
0.46545543654738064,17,1.5101193729532829,True
0.50061450701226939,19,1.4450468379754515,False
0.4881996937981139,15,1.6272485525999207,True
0.50961101962804789,17,1.6155373863174403,True
0.46731529724205245,15,1.5513377416958904,True
0.52830203656287511,17,1.4647298028404632,True
0.5348511792110322,16,1.5468139983630189,True
0.48207525255663336,11,1.6663578143648887,True
0.49411387213562463,18,1.5985643315345397,True
0.48345195385954898,14,1.5150887773698929,True
0.54485089976061829,17,1.5892858194323292,True
0.53576184929920212,13,1.5243773436383972,True
0.46951601508945745,13,1.6464791243210308,True
0.47786986754888133,18,1.4359670917041463,True
0.49565273214733629,15,1.616185802004255,True
0.47319735724870593,17,1.5483522770300697,True
0.45442881458673773,12,1.5887139700319481,True
0.48988943625176107,14,1.4696994427340053,True
0.47548619063553405,17,1.5237225500866265,True
0.5209271339030237,18,1.5464181493047904,True
0.49017577939938078,15,1.3319257151948589,False
0.49392860153419194,19,1.4071552121574142,True
0.50830616655474192,15,1.5428155926533198,True
0.49753669229095876,15,1.3973597683141394,True
0.51639602087045444,15,1.7054543665862789,True
0.50391875181003443,15,1.6106951880059552,True
0.53470692321919255,13,1.3519502649064434,True
0.47494282462420712,16,1.5916473367740094,True
0.49126718661822205,14,1.3370795906381221,True
0.4607599071106856,16,1.4759212376152431,False
0.50333628237081285,17,1.5028752355763184,True
0.47687777646085094,8,1.6837018589645623,True
0.45621977360589155,14,1.4843498563665953,False
0.50346399598031466,17,1.5852392738961394,True
0.47750953836545668,17,1.4418185028997266,True
0.45699229520779033,12,1.5442117242280071,True
0.4562758598669901,10,1.6426577714965656,True
0.44899330800415915,14,1.5021902049118292,True
0.49596234614379037,16,1.5893839705531541,True
0.49838042675096561,13,1.6640071350582821,True
0.48307224576220353,10,1.6486110495678459,True
0.4688163866590952,11,1.5426728629210367,True
0.51491681131318723,13,1.5699369177279761,True
0.50368850356491879,15,1.6087125725134646,True
0.47163103061057238,13,1.6203267896215023,True
0.49507121269203525,17,1.5479644237775763,True
0.44570215222236986,13,1.6008183930970679,True
0.51282013071321975,18,1.4223603673319032,True
0.44599607635942112,14,1.3103916014336421,False
0.47711290871289125,13,1.6340083272273667,True
0.49168594230640666,12,1.6184177829074349,True
0.47915105613797587,14,1.4963442709264645,False
0.49084882883137038,12,1.6052184911827159,True
0.46189507052093165,13,1.586386666737635,False
0.54489474665745108,18,1.6255835962879226,True
0.43128819053270895,10,1.3176098882892415,False
0.51225452238457225,16,1.4644762206173527,False
0.49064650906406027,14,1.507026397275943,False
0.50926692039931387,11,1.5391984982413467,True
0.48513473476334068,15,1.4112701794420828,False
0.48587169541870451,11,1.6430356923466014,True
0.48078214508955242,12,1.6411129431304525,True
0.48483758180249353,10,1.6426508441465317,True
0.45954774763822953,12,1.4806465933447448,False
0.49438320526656759,16,1.5771054612243367,True
0.47741826718960412,20,1.4245779777467169,True
0.50978764447247071,12,1.5463949509209591,True
0.5013064545934256,15,1.590777898440797,True
0.41428606803115253,13,1.4231569528676329,True
0.49154844058058589,12,1.6524492896745373,True
0.53053351550217664,17,1.2397492217300381,False
0.48771426191842771,16,1.5520181461380846,True
0.48019926874251745,13,1.6654860171097328,True
0.53862464937755372,21,1.494611159352278,True
0.4843508835590033,14,1.6435060243246957,True
0.48586390299760424,8,1.524517391473283,True
0.48631319238693377,14,1.4974391473282571,False
0.50770552622149834,18,1.5041814273691829,True
0.50071895744870987,15,1.5511237418816908,True
0.46732967392376523,7,1.6974840437957257,True
0.46261932684030316,12,1.6551422299886172,True
0.47913043642049147,12,1.64013582966128,True
0.44577611915357224,12,1.5252467024533924,True
0.52303043176006014,15,1.6730228668715588,True
0.49059115981470691,13,1.6549318889076097,True
0.51906298314344768,16,1.6195768062252636,True
0.48849273799365056,16,1.4210824788431273,True
0.51712432167780475,17,1.6149289778414622,True
0.48415576947658173,13,1.5201361609131157,True
0.46937479240399249,14,1.4612385396194538,True
0.44830647828931414,17,1.5232834683515692,True
0.57672372671952066,15,1.4032441809009879,True
0.49804683294186936,12,1.7079007850747439,True
0.47044580524866186,11,1.6309060485735869,True
0.49208825112464466,13,1.6263907357383971,True
0.50161148891157303,17,1.4858335306894228,True
0.47238176724034903,13,1.4649110708848532,True
0.41984552689185062,12,1.4837912742161912,True
0.46924358424322488,9,1.6490746397805063,True
0.46919447216504667,15,1.5590037233529146,True
0.43775708735823898,15,1.305930798384646,False
0.46243618285612736,12,1.5035091635886779,True
0.50460370840845348,12,1.654245211042888,True
0.46203730745902188,16,1.4314925132159781,True
0.46541667877856124,15,1.5032443484779836,False
0.48726356566014783,10,1.6028643775419447,True
0.46535396236160609,15,1.6296882630787164,True
0.47391625043984253,13,1.6099251150298266,True
0.48805206790059996,13,1.6426551852231941,True
0.47791068503792106,16,1.4509948974382001,True
0.57827158119154809,22,1.4498842930823685,True
0.46557871267146028,10,1.5599074180497814,True
0.4994948460015296,16,1.5774713563608271,True
0.48053688399690014,13,1.5410211813014187,True
0.47342489470536525,15,1.4199018049912593,False
0.52374000149108157,13,1.649567436303915,True
0.46578981109498246,13,1.4608401825975355,False
0.48682739548188037,14,1.3482078297452638,False
0.52467475656411189,18,1.3626972863819795,False
0.51926670848135814,13,1.5613116923320971,True
0.5244840621372665,15,1.4851184745276982,True
0.48213075846611786,12,1.6474353244350421,True
0.47198066914520315,15,1.599206579617656,True
0.50961865812287965,11,1.5749733679791518,True
0.47917967356563895,18,1.5760078187781721,True
0.47203211726802902,12,1.6153621610967228,True
0.52189510924790006,17,1.3248790403143018,True
0.46436033566748613,14,1.608491324490362,True
0.42977494261308302,14,1.3748101659626393,True
0.53982251540406978,14,1.5461656295365613,True
0.48037842308584344,7,1.4521681580007129,False
0.45914289957267101,14,1.5028515219323677,True
0.43916612015795231,12,1.5445585464260212,True
0.53047074881062606,13,1.6239637008328969,True
0.4969845624320503,13,1.4329666094766407,False
0.47517955723641664,15,1.4014728098751685,True
0.37681474547904653,10,1.309421465566758,False
0.46211473876071157,10,1.4763855163089994,True
0.45581299792746488,11,1.464089276756519,True
0.49882678484112941,20,1.3092014015617461,False
0.47633098418154318,14,1.4842167950179039,True
0.54842269751230588,18,1.3703577464854781,False
0.50495270130164516,14,1.6246183294382552,True
0.44871669014760535,13,1.5070167989877401,True
0.48160861707396696,14,1.5981336451079371,False
0.49643171782703638,11,1.6681970338780776,True
0.46925713400998176,17,1.2863330714832573,False
0.46191891494773812,11,1.5693777029345124,True
0.54911521614555825,21,1.6150881777832859,True
0.47404382153971414,11,1.6064833058055625,True
0.45026322018335563,9,1.5846581544216956,True
0.53839542743141744,17,1.3459634018275535,True
0.46499574552707285,15,1.5694731762899048,True
0.55726690127543255,22,1.598209721169126,True
0.48752732147690914,15,1.643076861169831,True
0.54128749655846065,17,1.5924384426159643,True
0.55615745571539055,20,1.6442368448591989,True
0.46344474337049862,12,1.4056551626735692,True
0.51962069649662135,17,1.633220593010549,True
0.45026830412049418,14,1.4508107093802367,True
0.48336056450691517,12,1.5099701921469963,True
0.44753274331590553,9,1.5919418010224449,True
0.42695121622258947,15,1.3655221016962324,False
0.46146110942026558,15,1.4479299334106446,False
0.39599293301783189,14,1.2155576555154997,False
0.50722431027482695,18,1.3825130881663195,False
0.42782331733601703,13,1.467228606434684,True
0.49395679630454853,9,1.5281207293652099,True
0.43217323118463985,9,1.5195279384900653,False
0.52559884272696933,17,1.2990657158961858,True
0.50972351529630955,14,1.4129179996655536,False
0.48673115239711784,18,1.138735942948411,False
0.4774465178320958,17,1.2808182923106626,False
0.49929235422726326,12,1.3400498929247993,True
0.46983727611789222,10,1.5657450000841546,True
0.53299645750668778,17,1.49316293559891,True
0.45808324083137414,19,1.3348982179416802,True
0.50566716220590957,20,1.4954518637064793,True
0.48855099692068849,13,1.6679299367084499,True
0.50071925453947874,14,1.6679347448472006,True
0.49279317225926317,16,1.3381686039626144,False
0.4837224836994245,17,1.4765319453811372,True
0.45801807999535504,13,1.2623341709377103,False
0.45503760613932182,16,1.3502524243164895,True
0.44923419987006757,14,1.3846218566697046,False
0.47903314939945768,12,1.6614732108475381,True
0.43309787242319814,12,1.4997093938899797,True
0.50426717598749227,14,1.6379133416412217,True
0.4947734315865574,14,1.6606732564284787,True
0.48546065133264305,14,1.5968578310061794,True
0.47760845225482401,17,1.5507728818073685,True
0.45946835137571784,17,1.4036542092477611,False
0.41920460580760444,12,1.4411625820823963,True
0.48242407601733145,12,1.6411703712102836,True
0.49045093094463832,13,1.5044306458284011,False
0.44693969435915021,17,1.3214645217925782,True
0.4673807596857289,10,1.6429653249986134,True
0.48884647165147688,13,1.3614107498626955,False
0.50846622922358253,14,1.4447703348516243,True
0.47068753140047592,15,1.5573423278507259,True
0.53879910152334554,17,1.5033179236099932,True
0.50009999333329036,10,1.6132512952522129,True
0.52860693382289992,14,1.6902412131927596,True
0.48811798691806024,13,1.6894281819006762,True
0.51454090290880905,15,1.6681659335253707,True
0.5150939348838367,13,1.3768069947422013,True
0.49139447865018659,13,1.6906524160867908,True
0.45321114338214052,13,1.4855386194336941,True
0.45728839646580904,14,1.4979132427907409,True
0.47314385633882461,15,1.2820677804795619,False
0.48400640658824479,12,1.5840403504004534,True
0.47705884737192672,12,1.5969460987305513,True
0.46019539719233704,16,1.2958660343277704,False
0.46246809556117296,13,1.5992828170199769,True
0.52858413975014495,20,1.5063606410695012,True
0.48044965984278165,14,1.5401269421718706,True
0.50445373351161482,12,1.6435696920319396,True
0.41552157123178196,10,1.5590528809693065,True
0.47610404549068414,15,1.5577675254774501,True
0.4973452596634802,13,1.6844896594602021,True
0.49146550224908675,13,1.293736803018352,False
0.46886905151682445,7,1.6647450145811606,True
0.50435774117849153,17,1.5725546379218962,True
0.4483849017296509,16,1.4025130021447079,False
0.52344674389484047,16,1.5553803204660461,True
0.5322002442218472,15,1.6961766277966808,True
0.51235876329276164,14,1.6556235039102032,True
0.5131629571328441,17,1.6158941797355255,True
0.50348336704229935,12,1.6367095956457256,True
0.44777992126252969,7,1.6238151601804816,True
0.49005366835457159,16,1.4056283693486793,True
0.46698479493876327,12,1.2509114539389055,False
0.50403649634153169,13,1.4128394986743966,True
0.48019396493367467,15,1.6144959805321026,True
0.48099681552808049,14,1.5327753191232736,False
0.46851377947975748,18,1.3165612986853943,True
0.49744147879114009,12,1.4868483866069917,True
0.50084971957954705,19,1.1002890061963022,False
0.50473308088095081,15,1.6316915969937247,True
0.50529345948974635,23,1.1084756144131738,False
0.4516566441452432,15,1.4395412378156074,True
0.45069750753836291,12,1.6258035071517274,True
0.45856921165289538,7,1.4889184281056447,False
0.51339304139343167,13,1.7021777327080128,True
0.45524723087301899,10,1.6206685163120842,True
0.49124044543458256,12,1.6084736708813296,True
0.42963828983352015,15,1.350360561275733,False
0.46769281664510204,15,1.4207885390140296,True
0.49308530483821988,17,1.268882689956383,False
0.47951389270935635,11,1.5921922310833601,True
0.48470241504052164,17,1.5481919592157216,True
0.45455552836534702,12,1.6138189072025253,True
0.47512435949512749,7,1.641434130715604,True
0.46524607522100769,14,1.5333599581663315,True
0.45726448237508455,16,1.3956135840445949,False
0.49700459763763311,12,1.5420897713170856,True
0.47259487358580965,16,1.5177379818713395,True
0.46723099068786267,14,1.5446985080006335,True
0.46780547772681247,13,1.5770829661476584,True
0.50045361578987946,12,1.6495819826825198,True
0.5066476449004268,15,1.6174146488294616,True
0.47120725798086111,13,1.6043543607667898,True
0.48581459630254925,15,1.522891987396821,True
0.51135491086071583,16,1.4963414989155845,True
0.43852481769657531,11,1.5315753902136668,True
0.46629900767864407,14,1.5870071217339043,True
0.55218273437618182,14,1.6355583441935677,True
0.47737614694039193,15,1.4334146164344737,True
0.43986746624287931,10,1.5720290776709747,True
0.48414609468741787,16,1.5271917021899741,True
0.4421622109718617,14,1.5134848774302259,True
0.5125029964281832,17,1.3487126075085727,True
0.50614714845513664,21,1.3400355150824517,False
0.42533828990715383,13,1.4642936128837059,False
0.4870245735166413,10,1.6293362429920282,True
0.48184447006452003,14,1.3889031605055666,False
0.49939559704879971,10,1.5690426307138259,True
0.44683699207496702,14,1.3495443826712166,False
0.51102499783467248,15,1.6639369977455396,True
0.42501145091801112,12,1.4517767440419147,True
0.49533568163491098,14,1.605364868101697,True
0.46225568119439198,15,1.5480245481526904,True
0.53985554233449562,18,1.5101531018735292,True
0.51495145493779093,13,1.6192908354386331,True
0.5074225924504705,14,1.4838102434020921,True
0.51187841321772787,18,1.4744980535709686,True
0.5184912193933735,20,1.3964132820294322,False
0.48921707816780868,13,1.5549169014509088,True
0.53092701386955654,18,1.4364141167374513,True
0.48518540525570469,13,1.5366982703341594,True
0.45754887210560397,13,1.6072351327487777,True
0.48811322159768572,13,1.4350030480250622,False
0.4586376435783252,18,1.2526930948665753,False
0.50988723362817556,18,1.582855814975024,True
0.4517899892063571,12,1.615867364028877,True
0.53385391212878719,15,1.5689305784783367,True
0.48015360285651942,14,1.5081073536727447,True
0.50174719762270448,17,1.6111324236831999,True
0.47376603930587818,15,1.514902260241082,True
0.45236492887242974,16,1.3680669586032987,True
0.43304253893615252,10,1.5492294324623268,True
0.53048537174864629,14,1.5306465270467122,True
0.45989844100393684,7,1.6740151458342363,True
0.56876931803171771,16,1.6246228254174551,True
0.52343935855980372,13,1.6626286088401878,True
0.50749339170363572,17,1.6012286233589494,True
0.49116740370589601,20,1.3379359094169061,False
0.51595870452900017,17,1.5359426785882826,True
0.49467863825134112,15,1.5711530729272889,True
0.49601364688232247,7,1.6916390750900843,True
0.51772165557965955,19,1.5535349297580632,True
0.53662490724287193,16,1.4462987063801815,True
0.46329461301827674,13,1.5903332555990508,True
0.4535753418260362,15,1.5175751845610899,True
0.49433335075588491,15,1.4383995684298905,False
0.50113167875204501,16,1.2963138305042803,False
0.45007389664759601,12,1.5459086883215341,True
0.44427718840611102,16,1.3992114788940442,False
0.47031782201860167,13,1.6302845231057839,True
0.45897644397809528,15,1.3633401065017077,True
0.48927885431090701,12,1.6353325711060831,True
0.43163508901829439,13,1.3861020099110302,False
0.45699034410410427,12,1.564715106955701,True
0.49648550365323346,18,1.2145297297036097,False
0.52030671941608631,14,1.4967770826417495,True
0.50355417380708434,17,1.6047881242435302,True
0.50021373845783723,13,1.6856732021250309,True
0.45632458803965709,12,1.5811466281781883,True
0.53870911950353795,19,1.6413832942406184,True
0.47897946685651566,14,1.5985640330380571,True
0.52396005485730734,12,1.5561157078919174,True
0.45208747882110634,9,1.6244895586862222,True
0.46024340866005237,15,1.5373372254201854,True
0.46313860568108933,10,1.5742913633449673,True
0.48294517061010295,11,1.6795864819444994,True
0.45065778271276863,15,1.1045250507576081,False
0.45145621788151741,13,1.593623647105777,True
0.4349350492794341,13,1.5203533300955421,True
0.44446722752597151,12,1.5572171997596171,True
0.4584086468958416,14,1.3745178431448319,True
0.49261390208671108,12,1.5389847655737465,True
0.50494112806948188,14,1.6429872676681221,True
0.47077415804871059,14,1.4906212630664246,True
0.4763045641837651,17,1.4411720264265702,True
0.48893043458400037,13,1.5258618946194278,True
0.5117463676145978,15,1.3064419127215128,True
0.49623837737317411,14,1.6151286520410457,True
0.49431619640990265,16,1.5658938490036929,True
0.55846294550578446,17,1.5289298528194168,True
0.43929192752173318,8,1.6036326444696991,True
0.46941775056857105,15,1.4074813512330595,True
0.47934923408721619,14,1.5162787717595612,True
0.4832029197212297,12,1.6725023519474853,True
0.50256745269686542,20,1.255487233385159,False
0.46970488921328291,15,1.4483953364825468,False
0.48546135676897484,13,1.5974266458843891,True
0.43105837352371812,11,1.4383317744057693,False
0.46962322921563859,15,1.4256362703588237,True
0.45379840060247151,20,1.3305797682064089,True
0.48213856560191026,13,1.6245984833439295,True
0.49173019807539625,9,1.6853286446785922,True
0.45910482580877227,12,1.4286049846243341,True
0.47805600792157438,13,1.5395332805994668,True
0.49251964673668802,19,1.1201484856696737,False
0.53210077367746111,15,1.4042789235469113,True
0.41928632083479023,13,1.3441973510794591,True
0.48169162966705809,15,1.5596359748728532,True
0.47928705417801265,14,1.542010768247819,False
0.51213564843486903,15,1.6672379668134407,True
0.43293335690631024,13,1.4598516985228851,True
0.49356123617298614,7,1.6418213114474891,True
0.46739740864354234,16,1.5709975234031699,True
0.45664131787647516,13,1.5132813684545277,False
0.46100283570299894,11,1.6516262443396224,True
0.45791753610679398,13,1.6033821762912692,True
0.45723893307556862,13,1.5635811838938585,True
0.52754685130948953,16,1.4192132451591051,True
0.47753232988469468,20,1.2849080957209829,False
0.50564363715641913,18,1.3698825102455832,False
0.44674528499878041,16,1.3661722070592974,True
0.50893528475525729,15,1.410866427943996,True
0.50326297967725675,13,1.6705246336767354,True
0.44022783277014349,11,1.4098516030296637,False
0.49523270541289144,14,1.6384806667437444,True
0.46435057773276656,19,1.2972702012687403,True
0.4527185832035458,15,1.3126714402293369,False
0.4749552543644579,17,1.3153733593685166,False
0.51023650839075463,13,1.6287653419692032,True
0.4488224118489158,14,1.5065941547585302,True
0.4591708567552763,10,1.5916020439503731,True
0.53453855213397028,16,1.6598120576983491,True
0.49120075666741847,12,1.6765301165072761,True
0.48511428308049576,14,1.5536987769999588,True
0.42847797708560237,13,1.2953882410461559,False
0.475245814203554,17,1.6091614745571223,True
0.49734230886487135,13,1.5953861590905833,True
0.47763029738735702,13,1.6029086024472792,True
0.43260376644293225,12,1.5440286491817017,True
0.4474876188597588,14,1.4408545571172544,True
0.46967990320775149,12,1.5847175014334216,True
0.48909424643838972,15,1.5365243863252822,True
0.52407039548028067,18,1.4446299361137309,True
0.41799132618208612,11,1.4210470398783128,True
0.55902762938770501,15,1.5744439949875157,True
0.47939501696939407,13,1.3532832347188857,True
0.49680047141204881,13,1.6712863288323396,True
0.47168807101314358,14,1.4600815566246947,True
0.48178596967674586,16,1.5630593381905107,True
0.50471523352813163,17,1.5628861591024856,True
0.47588285027472882,14,1.4799062584175706,True
0.51226850024905857,16,1.4626878869022755,False
0.48417056408643189,17,1.241396003993906,True
0.51041768221170258,18,1.4265916556927951,True
0.49023460114026668,14,1.5584756667363977,True
0.46540233504276785,17,1.4896823510980284,False
0.49915419306390851,17,1.6543274507115528,True
0.5089265077543681,15,1.6316508811769732,True
0.50842176192789179,19,1.4798727471732345,True
0.45502136725637982,15,1.4152530160707943,True
0.51144412983790843,15,1.5762437744296685,True
0.48786891977025004,12,1.2297629955543903,False
0.50155091992872514,17,1.4862990533967497,True
0.47367815791920853,18,1.4728224399179124,False
0.50978428786027086,16,1.3570338189700131,True
0.52781668393279413,18,1.5309005321938802,True
0.49052351530923205,19,1.4110173383780491,False
0.54598088357458008,15,1.5573830511914528,True
0.45588930014646656,10,1.6287319342736355,True
0.46272789198923903,14,1.5294578362403848,True
0.47053700501717033,14,1.4241138390619441,True
0.47268194140189629,11,1.5756931595797978,True
0.48998812128735825,18,1.6301991984923263,True
0.43623418084089455,12,1.5260025434639699,True
0.47956162691073695,12,1.3513487137494355,True
0.51399578083379294,14,1.6559769319165836,True
0.52211037232276036,18,1.4948906247491802,True
0.50476296518555452,14,1.5556960742716242,True
0.47180622700699482,14,1.3793966498837884,False
0.48109370026047699,14,1.655127837989685,True
0.47885711672189391,18,1.4266065265665782,True
0.49382699860738449,15,1.4212785002320998,False
0.5460632247895908,23,1.1608217089858441,True
0.45883290004478522,13,1.5719213983130988,True
0.52127618563411604,18,1.2612378360268617,False
0.51567400203330638,18,1.5160469192333383,True
0.45440946428653073,13,1.4724664108379499,True
0.39251850719376158,12,1.2440594191743339,False
0.45149414019065365,16,1.4515793732479336,True
0.50165080221710312,14,1.5589279943468977,True
0.51643265054264409,19,1.3940779596682842,False
0.44784728890158304,13,1.5179418144556691,True
0.47642930090560209,14,1.548014067313086,True
0.54541927420148106,20,1.4743115408383656,True
0.46358504040962434,14,1.5834435100256226,True
0.45569310650747907,12,1.540687219928377,True
0.48806340462104014,13,1.5846652104510526,True
0.52062746487830946,13,1.6793796989491638,True
0.44378046539047333,12,1.5551026665502905,True
0.50568833186872841,13,1.5985062011299715,True
0.45492711776206857,12,1.6102145803205528,True
0.52039728149274145,14,1.6219482751528582,True
0.50589218356812404,11,1.68875171352875,True
0.4912478324665307,9,1.6883679118482768,True
0.48156618568044701,17,1.5046476574428271,True
0.43781644872273162,15,1.2532973049443434,False
0.49236789098667572,16,1.4395475515285916,True
0.50866532766337058,18,1.536163328636041,True
0.46663171833391731,13,1.5301832947587137,True
0.50933346478816854,15,1.467395651169437,True
0.50373766649411189,17,1.4753217478753931,True
0.48091717688203034,12,1.5713164990817028,True
0.47287679878733435,20,1.0853202976195226,False
0.49314407356045681,15,1.496458847194347,False
0.45438942061843757,11,1.4890747118556018,False
0.5137243052110908,13,1.5062171995854066,True
0.48810023605168523,13,1.6097952144837395,True
0.46640912259198064,14,1.5563185841428679,True
0.50653699694359078,15,1.5760320521616851,True
0.45482483315105393,13,1.4987544919155444,True
0.45510243243997828,15,1.4246812339222468,False
0.53693859761067675,19,1.5783113288445909,True
0.49313677892224766,17,1.3450033545430968,True
0.47385768380980575,11,1.5538756471523267,True
0.52124200047027947,16,1.5003830825692688,True
0.48871196822299651,17,1.5232064713987941,False
0.51590693291669831,19,1.3638886132718648,True
0.46426956404878722,14,1.4434600688868202,False
0.47725343762458339,17,1.4037826037596663,True
0.45951249345490869,14,1.389635807699348,True
0.46461297155504377,13,1.5520109326512335,True
0.4810290750964753,18,1.2111389341963077,False
0.49858033634338711,21,1.5581218659998208,True
0.52544361054690447,14,1.4069374978035196,True
0.51279022012873665,20,1.4724973888722208,True
0.51562180518514922,14,1.3595266786131455,True
0.46059816765980971,13,1.4265986153599111,True
0.44023894233347738,11,1.5179144690269901,True
0.49674239075137572,15,1.6418401716875801,True
0.4821149587041661,14,1.5992612118033229,True
0.52481334557960257,13,1.5818516866435774,True
0.46431258470496922,14,1.5336499451536103,True
0.4106772911954813,10,1.5069326970438239,True
0.50619430296032131,17,1.3334508498013948,False
0.48507061402945051,16,1.5314951726790298,True
0.46156434883986713,17,1.1858217061666474,False
0.49161708540492954,17,1.4457062670273519,True
0.53792179510298277,13,1.5779494433568693,True
0.51336969387228104,23,1.4623230066403561,False
0.49789114119322092,15,1.6115112789472104,True
0.50495163229039353,10,1.6358035203783965,True
0.4369085673063654,10,1.4860616591732527,False
0.5172433082748028,15,1.6370709989891767,True
0.53132742001563016,15,1.4604157760013197,True
0.50232359099356305,13,1.6724022769745592,True
0.49557576689156174,12,1.6818912478626218,True
0.47784618365530157,14,1.5939381831056942,True
0.4762728168114076,16,1.5328604064088986,True
0.43315985977359733,13,1.3572401630396915,True
0.50276211095755796,12,1.5855730759610225,True
0.4892666849982476,13,1.6557311167124378,True
0.4582264586571847,14,1.4275027703432766,False
0.48213255006998623,11,1.4214543513417879,True
0.49306343072495196,18,1.295555768285594,False
0.47979904993537775,9,1.6967633618101201,True
0.5483832221254713,19,1.4745556737342194,True
0.4785823707674085,13,1.6224755036218985,True
0.4912918857726522,18,1.3948687644146252,True
0.51532022427496638,16,1.6866164801952186,True
0.49381039432313345,12,1.6549685001699677,True
0.53131157381101135,11,1.5534413302550354,True
0.45852890206738056,8,1.3890541484935517,False
0.5483322126571244,16,1.054991922211344,False
0.50347857767728255,14,1.678074727063954,True
0.48123354962599407,14,1.5066579248473841,True
0.47922740228497929,13,1.4841746259314164,True
0.44377615391959241,12,1.3419471022709051,False
0.55268160936826871,20,1.4032645182338839,True
0.46450175200091881,14,1.569074198823575,True
0.54249949364741124,18,1.3034663800589152,True
0.52094354850957059,14,1.4373298111311574,True
0.48705539430574935,12,1.5913077393728685,True
0.55043105652529589,22,1.5042467779386588,True
0.51176766199426593,17,1.6240829093169566,True
0.49727403452705693,14,1.6257867007453102,True
0.50247739461390517,12,1.5633484116768057,True
0.46904560338030071,14,1.6166273241350404,True
