0.95243358834955627,18,1.5870041733613278,True
0.58454390959302405,17,1.238208672232505,False
0.95454046782378066,17,1.6720595753624883,True
0.96247464085897338,20,1.4926683936425298,True
0.59113324600406592,19,1.3116686803669362,False
0.49740463024738879,20,1.2904794844499843,False
0.9614504477074467,20,1.6780143716588407,True
0.96915749368204784,20,1.5732173541223262,True
0.95812926726083369,18,1.2836435166358333,True
0.95192342488704884,18,1.6416797128805907,True
0.64019612786306923,20,1.4526279381163911,True
0.71088468602423349,22,1.6847460864747699,True
0.96244712465945881,19,1.5229396080530433,True
0.53719188742307422,17,1.4631470433635383,False
0.55802042097415328,18,1.3773584191914476,False
0.81002083700754735,24,1.6103653237131823,True
0.96037452996825201,19,1.5329266433025228,True
0.55731076538286495,17,1.4862343462309651,False
0.95569410949126987,18,1.6403099028592107,True
0.76205045760014389,23,1.4248920510539522,True
0.64914034381459784,20,1.6221493081590934,True
0.95780317227497325,18,1.6755416004818235,True
0.95162507595416679,18,1.4970507749125761,True
0.70592870748466252,22,1.5709346975496135,True
0.80949792916313668,25,1.5574116250243584,True
0.55980919435395093,18,1.2790148217043933,False
0.95261721441310421,17,1.6515382925069642,True
0.95444585645179236,21,1.2989373844756704,True
0.95288843223687758,19,1.5825923442727663,True
0.9585363748387723,19,1.6041455216004779,True
0.64347780341225846,19,1.6308836887575575,True
0.95815786186272367,19,1.4772644663656245,True
0.95054316146689555,18,1.5422854178809713,True
0.95839503375692359,19,1.5475227628500416,True
0.95150131794696446,19,1.5656205816832138,True
0.8218480820203441,26,1.5771169775596419,True
0.96235331999211127,19,1.5323666031937724,True
0.9526919205267087,19,1.5466062851177034,True
0.71072064960728965,21,1.601926206432474,True
0.70801559176268902,22,1.5452123402798388,True
0.59761619621279638,20,1.4115698528944312,True
0.58459616648239421,18,1.2546045094849716,False
0.58954767296854715,19,1.3339780020727467,True
0.62335865147107183,18,1.462358940361663,False
0.96158476534377335,19,1.6350763851679257,True
0.50066749841921765,18,1.4454309612768721,False
0.58116299364538992,18,1.5629400787122629,True
0.54963010360530529,18,1.4317515064292179,False
0.95415489575541323,18,1.5887213941210647,True
0.67771945165923531,22,1.5125679205510023,True
0.61992500227056746,19,1.4252072534366531,True
0.96210585425618789,18,1.606797981874178,True
0.95100978983733753,19,1.5130844232089566,True
0.59803242396401168,19,1.4098519640254104,False
0.95209391707970237,18,1.5287596373099055,True
0.9558799923398823,20,1.4387184610986357,True
0.95042968532808048,17,1.6648051246878406,True
0.60542703812909837,20,1.4591427986929577,True
0.94175935850967363,30,1.6707161155771568,True
0.5746455042025711,18,1.3658464633660321,False
0.96058555703392223,19,1.5448848466565834,True
0.83391768071686712,25,1.6479392672438555,True
0.95573340167598941,19,1.4423676879451575,True
0.57284103820512544,18,1.1974449883805951,False
0.77061203335936357,23,1.503577411690147,True
0.95443062302267789,18,1.7062932405264977,True
0.96418745950231666,19,1.6423248450912948,True
0.95497629847912757,20,1.5288084479431145,True
0.50887047445871603,18,1.3322942006023399,False
0.95250556227820737,20,1.4964293203995964,True
0.95657599448773789,20,1.6370117776920428,True
0.95099118571021579,18,1.659376418993634,True
0.49700943683372023,16,1.2901937727754209,False
0.56471085584559577,17,1.5415809348755283,True
0.96289949948530884,19,1.5381883393277913,True
0.92741248797477949,30,1.5397149221521902,True
0.96326434412586692,19,1.6745021250051519,True
0.67536776254552733,21,1.4908957715005411,True
0.87504288263665242,27,1.4491078121203465,True
0.593370452338562,20,1.4786419745236163,False
0.9527634084480382,18,1.6143065674120838,True
0.95393114169969939,18,1.6500332684982095,True
0.95651974104354631,22,1.4858494145554206,True
0.95752381202300574,18,1.6864247996856683,True
0.96485182121340007,19,1.555480672267934,True
0.95061183385558323,20,1.6652338780590621,True
0.76167697285246039,24,1.5941765468103699,True
0.9659130753661338,19,1.5408312175909631,True
0.96373814395445512,19,1.614915579929785,True
0.56946461161093509,18,1.421067497930826,False
0.95603954548488734,20,1.4411983310342729,True
0.57130357946576737,18,1.4111473248038964,False
0.95154498425427803,20,1.6285038214969252,True
0.7471147592773183,23,1.5486890715383219,True
0.58073706307599215,19,1.4070237614505103,False
0.72769686799174327,23,1.4410722345691462,True
0.95321197270300817,21,1.514652057913207,True
0.91214181198103894,28,1.6694140044200378,True
0.45393861671361041,19,1.3533247184008761,False
0.95966324787239399,18,1.4133409683776885,True
0.56473416307201796,16,1.3639189949282806,False
0.7742020920812378,22,1.6189537740738578,True
0.49138795468980978,18,1.4912701146587999,False
0.96173765720656645,19,1.5693302841927101,True
0.96043816710683738,19,1.5928091301173133,True
0.95792753415769261,18,1.6279498337669487,True
0.95748908013280865,18,1.5207000962781432,True
0.72288653734173691,22,1.3901038620384649,True
0.78053283812120755,23,1.4884946929122547,True
0.68252577561614669,20,1.5776503480482369,True
0.95741376135514311,18,1.4921389769571038,True
0.96331102872392671,18,1.4030129996484557,True
0.55269070016672595,18,1.2885369950764576,False
0.95573546288237721,19,1.5913906436282708,True
0.95256991087281395,21,1.461688235431694,True
0.95543300087014638,18,1.5310849169733889,True
0.93409229266638361,29,1.6048646072956649,True
0.75155248281676135,23,1.5381464197663803,True
0.95451545429172291,18,1.5299771829606281,True
0.55404145647886494,17,1.3089532513999631,False
0.96630683976975684,20,1.5807794313872554,True
0.68555464135897459,20,1.6574382982415352,True
0.73305482897069452,23,1.6317882108181376,True
0.9562562756641666,18,1.6041808774580419,True
0.58865287609030026,16,1.3848901911559572,True
0.96065625553478873,20,1.5237903984358456,True
0.47808698859248883,18,1.2821701233578073,False
0.95092188317591386,18,1.5456159778565004,True
0.96088260826728722,18,1.5656582717345038,True
0.79697563810821759,23,1.6133392299064329,True
0.95778706439539152,19,1.4924960100395914,True
0.95487189482180757,18,1.4522005150463624,True
0.59114108956560951,18,1.5002203971651651,False
0.53826296385798245,18,1.4807314187202312,True
0.57338752493313527,18,1.3766959902691445,False
0.95784258183586002,19,1.5087491924765455,True
0.70348642091222247,21,1.6754419196355601,True
0.95533610046342665,19,1.6262060713713744,True
0.88199380885197021,28,1.4952721447124504,True
0.95995097862347056,18,1.6976295874942235,True
0.47973735773897991,19,1.3443906352423973,False
0.56329312596018943,17,1.5168602001460272,False
0.95313786549189927,20,1.5044210766086283,True
0.55269099526136911,18,1.4380233015581556,False
0.95221051338701512,19,1.3490786932441456,True
0.53566846717546934,18,1.4389308098615385,False
0.8681417990167688,25,1.4522986807021858,True
0.58367017054189907,17,1.4884696455058344,True
0.96096317297405576,18,1.417515708864159,True
0.96544768257719171,19,1.680992252991105,True
0.96144873650502249,18,1.6385110321711314,True
0.63406362085300394,20,1.5229729537273047,True
0.96035261226054924,18,1.5131068794422311,True
0.95098593505300055,18,1.6860608405425681,True
0.95749347115015504,19,1.6381602816588261,True
0.59382897777814103,19,1.5284253756453656,True
0.88369569850025464,28,1.6884407755661885,True
0.95432805720478686,18,1.6323786323372036,True
0.55544290983860323,17,1.3828939534701801,False
0.95808440211901014,18,1.4601440917823973,True
0.95091773612971209,18,1.647214941523107,True
0.72542872488156562,21,1.4950112379070295,False
0.95949050638963451,18,1.6922709014706376,True
0.46978228117030796,19,1.1777702848121001,False
0.67618800145372127,21,1.5876268148757924,True
0.95030944350998314,17,1.5483432052407482,True
0.5274054181240807,17,1.2976390869128613,False
0.95032389345027224,18,1.6174743717116731,True
0.53187891291064415,17,1.475309022233839,True
0.95199536559968057,19,1.5811578400527395,True
0.95127826292143403,19,1.5916020441909755,True
0.96224859535023233,18,1.6375911591347116,True
0.78008565891685389,24,1.5014159028553447,True
0.56679054454875089,18,1.3291986939404528,False
0.95125293189001858,18,1.5131408354576099,True
0.51103574795846762,16,1.3781847937499969,False
0.55099306640768175,17,1.5233178520569974,True
0.56309569549158356,17,1.476903145869918,False
0.96491537804850425,19,1.6737138438002677,True
0.7145870424209122,23,1.4664009414532422,True
0.96556929918237833,19,1.580065602100678,True
0.95654378245480098,18,1.4835374027352626,True
0.95237859358535071,18,1.6459273600214863,True
0.96353834543051431,19,1.6043105617146411,True
0.64448322925279777,20,1.3033469133833886,False
0.55405742081958487,17,1.4259368497656728,False
0.50704894632529451,17,1.4082327270835171,False
0.95322454719971939,19,1.5696941668619628,True
0.50038774263322827,18,1.1920638101971657,False
0.95133353926348618,18,1.4314166667810946,True
0.65925921279009714,20,1.3063559272206207,False
0.57487775645489902,17,1.4073882878013781,True
0.95725944196623236,18,1.5543533917742229,True
0.49162297089431306,16,1.424912241349604,False
0.61559275334471752,19,1.499191854121207,False
0.84205638403348815,26,1.6817607049053445,True
0.4824091456001387,17,1.19166215730597,False
0.95241332259598088,18,1.6852695580689692,True
0.96637714308554912,19,1.4939201588653763,True
0.95577969800942264,19,1.5396669278364299,True
0.84438553678008643,26,1.5999916953458113,True
0.54251635482111549,18,1.4130605568975443,True
0.95781713542586322,19,1.5546580881936658,True
0.56548828847300991,18,1.4631508669500135,False
0.6787337675986933,21,1.5009796277777194,True
0.49806843634571613,17,1.4627853215387583,False
0.63864174256043948,21,1.422613137638316,True
0.93770865191840957,29,1.6294216537128206,True
0.62949440099910858,19,1.5255643975254498,True
0.96447872010161462,20,1.5837447108854752,True
0.5493604808446414,17,1.3028235686977541,False
0.69374034686495401,21,1.6248037288037529,True
0.95438378898630694,18,1.6460417471748732,True
0.95582347057744355,18,1.6014685996233313,True
0.61438666844357848,19,1.5295714148203812,True
0.79382596922829951,25,1.4344643802684973,True
0.95510562863019521,18,1.6794132107773736,True
0.95300523974613405,19,1.4460598293829849,True
0.74167113936350337,23,1.6655614217114734,True
0.95014012127706937,17,1.3567688006828045,True
0.77428278297211328,25,1.4174397455660974,True
0.87800760195666316,27,1.5941350360849138,True
0.95028327033604831,18,1.5225676331811646,True
0.69836661785772614,21,1.6572958716862176,True
0.96659477000151883,18,1.5667371467577669,True
0.9544673362129229,18,1.6327302761014497,True
0.95245697008746932,19,1.5596107566338027,True
0.95566809639470762,19,1.5352661602438242,True
0.95352020759794731,21,1.5064637395545626,True
0.96994262817439203,20,1.5939151785363681,True
0.46911133169204638,17,1.3484956205540581,False
0.95229024406625462,19,1.535222578097085,True
0.95234970382131812,18,1.6350918556757026,True
0.53894972166335198,18,1.2594205354130383,False
0.95546316779381224,19,1.5992710311562333,True
0.70194418440053818,21,1.5884602721519554,True
0.95127920341275174,27,1.6408457659081102,True
0.96191413783512392,18,1.5428236921622096,True
0.95605441076290498,19,1.5870819391227062,True
0.87281111602474837,28,1.4234004314068955,True
0.95102552103475269,18,1.4218229012008703,True
0.96127088262016358,21,1.5228780864720672,True
0.79682400850579438,24,1.6002914769231618,True
0.95891017188581684,19,1.6443715470302509,True
0.80406041483992141,25,1.6562568025416096,True
0.5777311891563286,18,1.3911889899819625,False
0.71352594743233266,21,1.3111849673752614,True
0.6125174614297183,18,1.4643032375037772,True
0.5658502977785167,17,1.5286582562692628,False
0.5226188624870638,17,1.5033195797414474,False
0.51878715781581386,15,1.2463450282283737,False
0.96367467616259272,18,1.603142990289508,True
0.95567527916858552,19,1.3966273068263759,True
0.52726174885585764,18,1.3044150163985591,False
0.72831241463540786,22,1.4928157731481211,True
0.7214127057144758,21,1.4514484499568494,False
0.95627309388441251,19,1.5719829352892951,True
0.95584879007657009,20,1.4965801501035463,True
0.95122879563176743,18,1.5940678592154629,True
0.96104842241387156,19,1.5624106403570901,True
0.96880445580208285,19,1.6261595451789743,True
0.9656287347592829,19,1.6048851210624298,True
0.67270417394080062,20,1.5857717846087922,True
0.54539419787425281,17,1.4308566871559947,False
0.96042527646266596,18,1.6570666712996054,True
0.96294743636352453,19,1.6242677693296748,True
0.72804826174173531,22,1.6404495305387623,True
0.95510887885517148,19,1.6777756703170736,True
0.95869887835115475,18,1.6100209033479236,True
0.95870163677818621,18,1.6895631064267218,True
0.95236807753979613,18,1.6656490354297935,True
0.88211435028707741,28,1.501182417172652,True
0.95023096094438919,18,1.5955399930503706,True
0.63612123535634635,19,1.352197698255978,True
0.48808802689757708,17,1.4115701021693885,False
0.68287234573413746,19,1.3090850797732161,False
0.53919434761495233,17,1.4010165460631996,False
0.63829984457842637,21,1.4262404387369312,True
0.96684091165251529,18,1.5964804258446972,True
0.96048558274601747,20,1.390292728267857,True
0.5814804123997781,18,1.6403604079178469,True
0.9579444815546686,18,1.6816884867954469,True
0.96213001563966749,18,1.5907761533234492,True
0.59511635343717983,18,1.3966664847997541,True
0.96407721577531602,18,1.7075454339824871,True
0.65897925701634252,19,1.3816046130424393,True
0.95434994234777026,19,1.4950500102899753,True
0.58273186990967507,18,1.5886082112904465,True
0.95274704461678772,18,1.5816894025572614,True
0.56868744026436613,17,1.567401787746266,False
0.95193486086528278,17,1.6629158027655413,True
0.95892594435566003,18,1.6419385260972392,True
0.9593821439049125,18,1.5412516357650927,True
0.8303407927054981,24,1.5185714965470933,True
0.50563136572336731,18,1.3906308345018847,False
0.96389520989074395,20,1.4126348665278219,True
0.95266653898383191,18,1.6675659394331035,True
0.95336178939543237,19,1.518188844486593,True
0.95364885092275242,18,1.6394152811781586,True
0.64499543815193539,19,1.4425248154800481,False
0.75693007062308404,23,1.6221384504416063,True
0.95650254829555947,20,1.5324279526485505,True
0.58484845626036652,19,1.4841151542680024,True
0.94004679849782358,29,1.3465111673387624,True
0.95891536671158606,21,1.4328606817036362,True
0.96283892605244226,18,1.6559370833033922,True
0.96192506515898413,19,1.6723889076629885,True
0.57217483328911689,17,1.4538055742607048,False
0.56749613105152197,19,1.5486122974410026,True
0.64797214461533736,20,1.5615985630887479,True
0.80035673895605075,24,1.6435443575396174,True
0.73391799723483186,21,1.566429965255294,True
0.90766822056887642,29,1.2443377163937985,True
0.95953473593572158,18,1.6515601188796214,True
0.62720085078098042,18,1.5971598704153676,True
0.57865203847146718,17,1.5670057857911495,False
0.62687061906057795,19,1.5109243341761684,True
0.95313642271087429,21,1.601949823821595,True
0.93268478673040145,31,1.4544053526486531,True
0.63956648477111422,18,1.3765970770293119,True
0.90012450000897004,28,1.4389705038437983,True
0.66858232083241564,20,1.5822383790509176,True
0.57820631407636836,18,1.4289706040415466,False
0.9544755142925927,18,1.4720973313153805,True
0.95410328540902423,18,1.6167643855939875,True
0.64241689424938719,21,1.48097872623088,True
0.95051515286183363,18,1.4817837497734641,True
0.96049117885946533,18,1.5981781510650401,True
0.96097232325321502,20,1.5613869650126542,True
0.7056518689748742,23,1.4400498194575022,True
0.95074973664697326,18,1.4557794280702085,True
0.96056335440563156,18,1.3623143042563641,True
0.49488577997689814,18,1.0930281669270001,False
0.62020745158251689,19,1.4908550311612816,False
0.63860926597230405,19,1.6419224670091328,True
0.52896173716309125,20,1.4814228233612574,False
0.9547687470943067,18,1.6536795615153121,True
0.5459553128371275,17,1.3675303490913155,False
0.95070448118937656,18,1.6208016344746019,True
0.95529565549381179,18,1.6300395133848502,True
0.95304289044675849,18,1.644191542598153,True
0.95638808228579308,18,1.6359884546600565,True
0.96078761663839174,19,1.6207714594186708,True
0.50342338792035846,18,1.3674755837492394,False
0.95275502985728877,17,1.5475678643007278,True
0.95504293865068302,18,1.4221051210423723,True
0.5558370755133254,19,1.4214258197463592,True
0.65505669687230772,19,1.6069228418789601,True
0.58729855495223704,18,1.5079523029961879,True
0.96209949186857535,19,1.5885815246604182,True
0.78239719275065533,24,1.5301326621272997,True
0.9552185303319235,18,1.5263652889637709,True
0.55598099716733262,18,1.3136069589802137,False
0.95605692623920013,18,1.3409284532322523,True
0.67181038300993723,20,1.5992386371482874,True
0.95077420735457741,19,1.5734166632745159,True
0.57351742297935637,17,1.3675422092115679,False
0.57318301430511887,18,1.5022787826629755,False
0.95753661015888769,18,1.6435728442083148,True
0.55911206608836372,16,1.5274884865161342,False
0.95709462977389204,19,1.6226080042462092,True
0.62669359358087018,18,1.5600053916857433,True
0.96654814933638833,20,1.6060880571166263,True
0.95067869198464172,18,1.6585302869524594,True
0.95108177634432534,18,1.5690182682352858,True
0.76984360056975432,25,1.480399723560885,True
0.96089318274669477,18,1.6081455880146214,True
0.7852480592254234,25,1.5031083520596635,True
0.95799965370573126,19,1.5558339906179897,True
0.95736944165593985,18,1.5478017909919262,True
0.46949941604333606,18,1.3604506980371227,False
0.95486686692769673,19,1.4296205710254752,True
0.60543367230621647,17,1.393181924007177,True
0.95124110636661263,18,1.6069430655714074,True
0.59087028103274208,17,1.5978991250268708,False
0.61164521527713711,20,1.6195395792696097,True
0.96572139729793127,19,1.6175857638562523,True
0.96372825323123446,19,1.6472129685672252,True
0.95969661821380903,19,1.5618550337042283,True
0.63988928088896768,19,1.4255971031907586,False
0.55822216264075808,18,1.514598946986685,False
0.54934228419731179,18,1.1974316545601977,False
0.74855127128430932,23,1.5130837669297981,True
0.48454231407108311,18,1.3605852083557788,False
0.69210862526971995,21,1.4466706172861412,True
0.95782418595074337,19,1.5841919009379315,True
0.64505223403190737,19,1.6045844101261959,True
0.95940781310036838,20,1.5080533960875993,True
0.53687159233543913,16,1.5851751447750695,True
0.95744061330508956,18,1.5498723841748163,True
0.58576094806582102,18,1.350523449326158,False
0.96195510630278569,19,1.5873339986966322,True
0.51352140421933445,18,1.3996978232520598,False
0.59400689258176587,17,1.2116502759689509,False
0.95918440601660993,19,1.3312019064293039,True
0.95693691692934824,19,1.5202179141705621,True
0.58859728728824467,18,1.5200736886392885,True
0.78193186716491714,25,1.4972763307521573,True
0.57871080614379733,19,1.3950232226960035,False
0.95479760377276868,18,1.6043927164184602,True
0.58562898984121459,18,1.5291806396565124,True
0.55681122774894043,20,1.3986074894296472,True
0.55889140905239276,18,1.4859815592885108,False
0.95734985303058506,18,1.3656368541212167,True
0.95786745188024691,19,1.5863356854574013,True
0.62609452191171922,19,1.4785006027134253,True
0.58598511994014124,18,1.3433306641844591,True
0.62594917985619425,20,1.5479391346060576,True
0.9612916010902125,20,1.5765762945535142,True
0.58970946999003093,19,1.4438851118959375,False
0.58976032828633018,18,1.3411834754422609,True
0.95641433893780425,18,1.6682142679759007,True
0.62958258001974809,19,1.5083575415168442,True
0.58584733309071535,18,1.4401692807341306,False
0.56956188420716103,17,1.5146205827156156,False
0.95932566082745352,22,1.4720124119256939,True
0.82968686990205454,24,1.5889765739867407,True
0.95901284174615642,20,1.4687988805382,True
0.96135123658848742,18,1.6798114662881476,True
0.95308898070505943,17,1.6517006486563572,True
0.95591182181193701,19,1.570354047997172,True
0.96323733205016959,19,1.5306344294299075,True
0.65371109730841648,19,1.4967492674670926,True
0.96195596340238754,19,1.4589726419020395,True
0.70814120706386452,20,1.6464556828782151,True
0.64482188304628196,20,1.5596282547678448,True
0.95264777748108898,19,1.5064488609178508,True
0.74714926315419994,24,1.4495765590679024,True
0.95990464155235034,19,1.5128498063783755,True
0.96067916119144092,19,1.5559520287030033,True
0.63861264620096281,20,1.4233496929562253,True
0.96500169429164995,19,1.6240799008243554,True
0.96533523178945901,19,1.6281422129278846,True
0.49812296847388754,17,1.4604320305445966,False
0.96496014390567897,20,1.6121663617312147,True
0.96244880624348639,19,1.5491440084268535,True
0.54673376953058395,17,1.5988061834180545,True
0.59381695312913707,18,1.5235395706964918,False
0.54641064107902337,17,1.3797540726654776,False
0.63322716846136473,20,1.4081957308413182,True
0.96504836744700284,20,1.6224014897764445,True
0.84189007362675139,28,1.454980082066021,True
0.67870918345235032,20,1.5754473680606604,True
0.5229148452040111,17,1.4986288047636722,False
0.60600031567429702,18,1.5377042775414003,True
0.95991555345613433,20,1.5793084513480642,True
0.82358497123316932,26,1.6064952556743139,True
0.48198099465834099,17,1.3587624517755377,False
0.51564936475134948,16,1.3270769274804486,False
0.7775938778027367,23,1.5023113633001026,True
0.95722735991325003,18,1.5952823726747485,True
0.96497367326294237,18,1.688040010382319,True
0.95872065170164722,18,1.6348269290253126,True
0.95498061668510514,18,1.6153173020753611,True
0.96056301142694356,19,1.4956800234225136,True
0.95655825841451803,19,1.557429686381385,True
0.52078444613390484,19,1.4085015998796473,False
0.50072390988616478,18,1.3491364027875956,False
0.51522873618383214,18,1.2558009493572984,False
0.66556439640184306,19,1.3897073463368592,False
0.59168202397641412,18,1.4322693657369181,False
0.57942379889048634,18,1.5577831320245237,False
0.61737200603774967,19,1.5359650196647214,True
0.80397252431703981,24,1.565064953215884,True
0.95175854375849023,18,1.6391459714575789,True
0.52323002293496734,17,1.1227997560254757,False
0.5406890075684947,17,1.5659479835992793,True
0.95843453272335766,19,1.6475045275414484,True
0.95331173521044621,19,1.6797044137581509,True
0.95470331446671008,19,1.4743391060621434,True
0.96584944483751134,18,1.5839216212707883,True
0.95526354049415729,18,1.6592171753049725,True
0.96092606210845,18,1.4006848433456141,True
0.81587856138615455,25,1.5404409416760978,True
0.54009433413658869,18,1.3879795409800619,False
0.89138893979911393,29,1.5159451110586344,True
0.72605782742504144,23,1.591258580720688,True
0.75310508188763658,22,1.5608840096942114,True
0.96059024742440213,18,1.6506789251115777,True
0.95180871087101493,19,1.6273500764644568,True
0.59284335014535539,20,1.5152674262891335,True
0.96374530487761734,19,1.6118142834413318,True
0.96126532105413809,19,1.5142381098077413,True
0.96358569666169147,18,1.6047255537628187,True
0.95735141640002563,18,1.5912530723218576,True
0.9640110730574778,19,1.6556756588549431,True
0.58146831576729052,17,1.5288565151547433,False
0.95909346539824514,19,1.4960895501814684,True
0.85707780561178104,28,1.4725420215168508,True
0.95028862267566661,18,1.6014003039841938,True
0.74856645492976126,24,1.5536044967212206,True
0.96192690139947612,21,1.5801755613816759,True
0.59522336049386637,18,1.4828624194983777,False
0.77359701609385123,25,1.2700911540208237,True
0.90398060894067322,28,1.4327037080239717,True
0.96549214393737948,18,1.698514614166019,True
0.95509036075034281,18,1.6217769408303448,True
0.79369152495467377,25,1.55079071101706,True
0.95348567358123248,18,1.5929463103842285,True
0.95902091493419228,19,1.5523906109939007,True
0.5361813372427251,17,1.3941124941517522,False
0.68834942442195535,22,1.4352054363790874,True
0.48952399990682843,17,1.3177133110936408,False
0.95880537739666993,18,1.6416700556719781,True
0.53578279790192085,16,1.4463600965194152,False
0.9576915663698764,21,1.4961403633212353,True
0.9524589436284826,19,1.5198892071306593,True
0.95441145991435361,18,1.6510528394021622,True
0.95076466401788873,18,1.2868993963814617,True
0.64102910582474071,20,1.4429542465837406,True
0.89091560744940623,27,1.6239266089593198,True
0.68036630324705361,22,1.3904403414874131,True
0.71530869729522595,21,1.5563213023537883,True
0.55394561878895232,17,1.4054693154764739,True
0.9535561913327596,19,1.5070029253848469,True
0.78710947894054573,24,1.5482358314902835,True
0.95290174548788453,18,1.6907899693762807,True
0.54545875285348011,17,1.461276641137081,False
0.52156413201970375,16,1.1976115556345304,False
0.51155529578605907,18,1.4586019997986073,False
0.75757408482650312,23,1.2556066857741297,True
0.95684265485122,18,1.6433630567158268,True
0.95681561976801544,19,1.5865079213155557,True
0.56801509326001598,17,1.2406254615802588,False
0.96070149099298507,19,1.6309562062374021,True
0.47369891416278709,18,1.3789974607118005,False
0.70873186491175677,22,1.5609707466624738,True
0.61127801610827059,19,1.4810572991992115,True
0.95796384912331201,18,1.5860963505818533,True
0.95966963401205696,19,1.5874621026787423,True
0.95709723698690252,19,1.6127988302665532,True
0.95146874124917957,17,1.6583814450410501,True
0.96046923984645061,18,1.6331217800383138,True
0.64085480910413029,20,1.5186937533900526,True
0.9529563252063501,17,1.6239534793453991,True
0.95056688615431151,19,1.6289697851919842,True
0.95925963154660732,19,1.6027444309391272,True
0.96397151489829003,18,1.6822759933891189,True
0.7129036628114358,20,1.5666677489975807,True
0.80996674697628157,24,1.6288894469032209,True
0.59702069302563343,18,1.4420750575234735,False
0.95864238664951618,18,1.6205596504131685,True
0.96031980407115802,20,1.5320370622181527,True
0.84483883558890227,27,1.4612591132187898,True
0.95797684929302662,19,1.5905757488152328,True
0.51199785303353318,19,1.2675561808610876,False
0.7219933535858043,24,1.4737302673498236,True
0.95403209555483337,19,1.4434305188446224,True
0.51574385535729095,18,1.4986855438168336,False
0.96065826580817404,18,1.6543582692399499,True
0.95988204544498212,19,1.6598379599626443,True
0.55781774308847099,18,1.4700983329995081,True
0.49057935670736974,17,1.1830308640531144,False
0.52158865099424012,18,1.2813925446764558,False
0.96145448172496395,18,1.4975343029827488,True
0.63901746098639811,20,1.5317191656638622,True
0.95090650792468967,18,1.6990091614967453,True
0.68826702890378055,22,1.4114784370212883,True
0.95329221072569925,18,1.6762134845506611,True
0.57079848096895358,18,1.3909537737794035,False
0.91242708701837361,30,1.4794169254142842,True
0.95232251642967669,17,1.5071683580620288,True
0.95819924082436303,19,1.5990767970069855,True
0.62518563879309841,19,1.550913493727226,True
0.95821805554430317,19,1.520677884605284,True
0.96228053568419403,19,1.6172467484101973,True
0.75607220371001982,23,1.4866039371447006,True
0.96244116115563405,19,1.3676829236416281,True
0.96332724410404758,20,1.3419538637652098,True
0.75405049812621705,23,1.6026352081098132,True
0.58534360830135568,17,1.5224189549337686,True
0.95178446746259104,18,1.5647430516652443,True
0.9506951404266355,18,1.6728807338594285,True
0.8733874030638874,27,1.5236839640833812,True
0.96334285740881365,18,1.6058364706470225,True
0.52933376513005648,17,1.3257973848291762,False
0.96195441494647904,18,1.6822437534375125,True
0.95014862953918955,17,1.6620768168084614,True
0.96449384532592441,18,1.5860519439719825,True
0.96373921101478899,18,1.5833163729967883,True
0.8451795116577413,26,1.5144128872584393,True
0.95008478320611889,22,1.4754504836830193,True
0.95927318347956769,18,1.5753822057090718,True
0.9619012712296805,18,1.5144216235444659,True
0.66862992190723458,21,1.2927040577675379,False
0.54446660108440703,16,1.5576496471582535,False
0.52823643913063056,16,1.5183082895452373,False
0.84934090733783985,28,1.4678182061500065,True
0.58561392815156665,18,1.6460750996511795,True
0.96170544897740295,19,1.5113041417454016,True
0.67632231788702746,21,1.4616698922772673,True
0.95661267600433975,20,1.5029124261966191,True
0.967938433999458,18,1.5748666882880555,True
0.9521585423721779,19,1.4164546120557935,True
0.95382019924967498,19,1.5755666526431489,True
0.62042067438015369,19,1.6358022089049924,True
0.95883911227947027,19,1.6037060480207082,True
0.49181964358312835,17,1.3263067490727447,False
0.95077816515829228,19,1.5532266235218,True
0.71108805389965291,21,1.5272896657919846,False
0.95242676242002478,20,1.4364864197437786,True
0.77941676951070293,22,1.6715545151491134,True
0.95710815780939373,19,1.5178035025778995,True
0.68294400273605149,21,1.472026521021031,True
0.95144431005928898,18,1.5880965324496932,True
0.95515679396758324,18,1.5878310933944193,True
0.6922635090623962,21,1.5493085895903389,True
0.57761199834488453,19,1.3641765882229149,True
0.90068070539764511,28,1.6623686223194976,True
0.78085476817504151,24,1.6025719201222774,True
0.95212567919101199,18,1.6466301780978834,True
0.95874492524169175,18,1.6013637421036766,True
0.95367392956495045,17,1.6494553070982283,True
0.95741506660290232,19,1.6351468865767553,True
0.57799438614966347,18,1.430561401394721,False
0.78792732866280235,24,1.6229956441838946,True
0.52442828904797922,19,1.478653455505625,False
0.95527830811420977,18,1.6388101434184488,True
0.58997240177846211,18,1.5078642642270157,False
0.82711920281683271,25,1.5794907691836206,True
0.96264241405862294,19,1.594212998762224,True
0.95832296908309111,18,1.4650640658658491,True
0.55164535274775073,17,1.14174288507082,False
0.71347882012298824,21,1.2754445791710325,True
0.96298303287095555,18,1.6803543284271911,True
0.95049335178092997,18,1.6238775224885309,True
0.95041459794607652,19,1.454021043667461,True
0.57010804515051194,19,1.3035468319418226,False
0.57604810737017842,19,1.4011786705421037,False
0.77901651654850979,23,1.6812187798989009,True
0.96081230724641964,18,1.6529325982841767,True
0.68928899367580543,20,1.5148292422485901,True
0.63551206604168653,19,1.3703864180601799,False
0.55597105661641311,18,1.4070814139693784,False
0.95785415673519991,18,1.688898425304344,True
0.955085352056534,18,1.6739849446042472,True
0.95507428671924877,20,1.4998541057757608,True
0.96573119565672561,19,1.5949145487019267,True
0.96224425117306633,19,1.4873118993531882,True
0.56581797560082969,17,1.3510779560701505,False
0.9523443240647671,19,1.6364957119297221,True
0.60497509774950975,19,1.3872488049607328,False
0.96186726907669429,19,1.6391267496640867,True
0.96384206485704937,19,1.5243261758829836,True
0.95109910754839844,23,1.677581646815824,True
0.49546733070428778,17,1.5103053620704197,False
0.95451929627587484,18,1.6329327643667688,True
0.56298634216967969,17,1.5956395567966626,True
0.68511086089627993,22,1.5670470723094609,True
0.90995544906211145,29,1.5366409091482558,True
0.77722786235699715,24,1.5750050797388035,True
0.5882022859135988,17,1.4831256561483852,False
0.65825821230964088,22,1.4698751725211316,True
0.96079447472614399,18,1.6491928173902222,True
0.67950625203988291,20,1.5417849457839428,True
0.59417259164630354,17,1.3213988604259581,True
0.77846967442404635,24,1.5551169552094397,True
0.95399713064285341,18,1.600146930170155,True
0.88078496401514261,26,1.4821393968787355,True
0.61038240898100393,20,1.2674352151271222,True
0.96805215536092215,19,1.532060154662378,True
0.92743133187941296,30,1.5870237148776625,True
0.96566539800874851,19,1.4027163620690004,True
0.52393881709321288,18,1.3973797200398612,False
0.95002827743554819,18,1.6503822215719512,True
0.96047825447540303,19,1.5957401779261542,True
0.95382837271640375,19,1.5736346466140314,True
0.96011766068871784,18,1.670051506205849,True
0.96510094393165435,19,1.6061850030533655,True
0.67477620761270385,20,1.6072120542531534,True
0.95250924770196155,18,1.6588792908941761,True
0.95968811868612114,18,1.6617921641231439,True
0.96120462682452124,18,1.6643230677853895,True
0.80016920562681093,23,1.6578429919035087,True
0.87754899639214379,27,1.605631536795509,True
0.95498144689147224,20,1.45008565929555,True
0.9543396091654488,20,1.5471389961687572,True
0.96482698753976592,19,1.6342514695250969,True
0.56619929169093242,17,1.5577443927473862,False
0.53996263577215819,16,1.2680665266849351,False
0.65761684549061861,20,1.344001078603154,True
0.95556805014515034,18,1.6625467507491825,True
0.9502161181948825,18,1.4680351766082678,True
0.78406458170635818,25,1.4875015674677283,True
0.82243450803505158,26,1.4006694311206338,True
0.96516980560122512,19,1.537696999773501,True
0.96576707279233465,18,1.666463842163542,True
0.95557508996981422,19,1.5572490907946721,True
0.96530343953230191,18,1.6423080710089175,True
0.95228314989891416,19,1.5881613171096916,True
0.9578861216397544,18,1.5662297316178249,True
0.7976920794304001,25,1.6259364278655148,True
0.95058974026703902,19,1.54078184673088,True
0.95775337827185425,18,1.5333996278091366,True
0.79031561021208685,24,1.5745019165830232,True
0.95867866797648438,18,1.6871206720504419,True
0.76090883767473472,24,1.4417812336502291,True
0.95783827105476138,20,1.338753742435653,True
0.95598177459188427,19,1.4356346608607409,True
0.56121851557913549,18,1.4848522376868918,True
0.95231182607063236,18,1.6111446188945249,True
0.96608317914940922,20,1.4618128125024685,True
0.65127550490683384,22,1.4178001875614752,True
0.57210195047871959,18,1.5660733833719955,True
0.95953137645074671,18,1.6525806369939706,True
0.60911666841371825,20,1.5747853856572414,True
0.96159678294451256,19,1.6561279780084868,True
0.92722201348278543,31,1.5257707211524332,True
0.95646038496694008,20,1.5105582038242151,True
0.95999117721631122,18,1.5722882340206989,True
0.69177109507543721,21,1.6341915287435091,True
0.59336778383246447,17,1.5633639054089268,True
0.95846487607637931,18,1.5747053791392074,True
0.96080961705096046,19,1.5891262157894854,True
0.95634783895859665,18,1.5923822646845656,True
0.95343032949297013,21,1.3070937595263348,True
0.95071358600063927,20,1.4425331505730186,True
0.9524578511179379,19,1.4164013874070838,True
0.96046226165450432,20,1.2633928066617375,True
0.56241641627897931,17,1.5856622721590674,False
0.95393510681338245,20,1.4961882997553457,True
0.96391897302472218,18,1.5741739064970148,True
0.58494883792814578,17,1.6073089849685012,True
0.64923814751042708,20,1.4746329927143065,False
0.95461511017850098,19,1.5538077042985046,True
0.95527765364298522,18,1.4740891186234542,True
0.57153623072612891,16,1.4311948407901922,False
0.95434180084572051,19,1.3994021069843414,True
0.87628936165433313,27,1.3925471435975916,True
0.8391523499064657,25,1.6227224644786979,True
0.68095398553015252,21,1.438265919373847,True
0.56765471036776927,17,1.4875950913169391,True
0.88873232521944345,29,1.3496413864874104,True
0.96635846984938445,19,1.6648888401058839,True
0.96894307210437403,19,1.5139278960840736,True
0.96078764919883253,18,1.5613308494639682,True
0.61238063541550536,18,1.366809736324367,False
0.52868081469877182,16,1.4779968882969197,False
0.95716043559085551,19,1.5947408115498511,True
0.80981478075541857,25,1.5451933225279617,True
0.75970227521899858,23,1.4616354413467614,True
0.53899439699941198,17,1.0861168193587512,False
0.84908351348121924,28,1.4120493913552452,True
0.52185012837874378,19,1.2806204423678238,False
0.95069940795056762,18,1.6544480293568458,True
0.95197438007225765,20,1.6914326404838071,True
0.95619726814052486,18,1.7015820464391904,True
0.96366142482412098,19,1.562789721283484,True
0.96925377831776027,20,1.4949383133775604,True
0.74734569020812347,23,1.5368532800699279,True
0.95718811535379245,19,1.5181248191603272,True
0.96221334133195846,18,1.6771129576449737,True
0.76979796991158145,21,1.5551405892878245,True
0.59870220300113774,19,1.4164486076077607,False
0.70077207348422388,21,1.6513292776411066,True
0.95008229761602925,17,1.6401893759062991,True
0.87015577034224856,27,1.5441270549191219,True
0.59909017512131779,18,1.3890371216248927,False
0.95000820933153851,18,1.6522822055031197,True
0.55936467904030562,18,1.4079370265249938,False
0.95157580868791203,18,1.4210931455728821,True
0.58774330057430868,20,1.3267890125729642,False
0.73286165476136922,23,1.6238006033813293,True
0.95756829365048479,19,1.5696872031205866,True
0.9639710046476333,19,1.6468799674444377,True
0.59424627307398525,17,1.6044890002156791,True
0.96908062817093132,19,1.6709757717706972,True
0.95583538783298394,18,1.628850893935035,True
0.69631595298332383,22,1.4558975175490569,True
0.96483335935060477,19,1.6155733949491675,True
0.52884254954257914,18,1.3834959675606644,False
0.96725976281311865,20,1.6035899931194189,True
0.95758660163868525,18,1.6589193050586639,True
0.6093085157635203,19,1.2552504343160105,True
0.96607514056184085,18,1.4557376379383107,True
0.96239415348825164,19,1.5774624918445761,True
0.9618676883727193,19,1.6358463852128482,True
0.96447964414204002,20,1.3352207463952874,True
0.95436714230009634,20,1.4083325400183095,True
0.58112650064291249,20,1.5515390781906007,False
0.5014979859873967,17,1.4409496995380973,False
0.96492370007490247,18,1.5664515342782952,True
0.68572716420157886,21,1.5809392439513301,True
0.9643634970856384,19,1.6502802850788321,True
0.8633760835480665,27,1.6039258677750847,True
0.5551030277588116,17,1.4889961885657199,True
0.95699572947222444,18,1.5094623214103646,True
0.9613896204808382,18,1.6472398816175444,True
0.53045788922407677,18,1.4240365483914903,False
0.96374577496165648,18,1.4193769015676281,True
0.96143658619301398,20,1.5557294534116983,True
0.55890590830741405,19,1.5857002026846989,True
0.95604871107244804,19,1.5027560141013874,True
0.58667407193848042,18,1.5889364472775207,True
0.96306692488098744,18,1.6896940750594442,True
0.49500273827230823,19,1.2982604631882346,False
0.95348996387947216,18,1.6055851819655202,True
0.9559308045938949,18,1.6276821625022109,True
0.96105853397744123,18,1.6082134329976516,True
0.67654736510227576,20,1.458020015858795,True
0.96472172005371648,18,1.4605302488354122,True
0.45072346117189666,19,1.2200942332874354,False
0.96081779032727688,19,1.534840998019366,True
0.53193159667949919,17,1.4958945322664925,False
0.58840849408537677,19,1.2429354902952572,False
0.53548316529712947,18,1.3583368805791727,False
0.58757510131299051,18,1.3940333446503292,False
0.7191010915340158,21,1.4735524123690242,False
0.96073181664671115,18,1.6533219812608324,True
0.95541415949830988,20,1.4380599006309132,True
0.47409219601699176,17,1.2416813875195087,False
0.95713997827058905,19,1.3985625070200787,True
0.55910171226752103,17,1.2401976336399532,False
0.95990849610879014,18,1.702958702512088,True
0.95806213958934305,18,1.6401220829755845,True
0.86488337699931839,27,1.3166598212378469,True
0.58768705572164504,18,1.5401899233761609,True
0.88753908912098112,28,1.558390041616698,True
0.9606196545306338,19,1.6148447786766233,True
0.95637107202382521,19,1.5368250403146069,True
0.58216918937398832,17,1.248974195932232,False
0.95013463925380637,17,1.5929903189890113,True
0.57409078885936249,17,1.4896382146014546,True
0.58401751149410275,16,1.5095443747785349,False
0.57660774582538454,18,1.6025551816010131,True
0.54445839008924468,17,1.4785820268031633,False
0.66602197358339799,21,1.4913641507568927,True
0.53465440151781229,16,1.4662132155483132,False
0.95151416888447782,18,1.5280689937092631,True
0.56917514718116102,17,1.1914607472543834,False
0.69904463927834282,21,1.4550765529191987,True
0.96217903805432881,19,1.656892916762247,True
0.78102001269788046,24,1.3234304865766631,True
0.95869898928777331,18,1.632930528928757,True
0.57904558825741392,20,1.4905677024139745,True
0.95874599915630576,20,1.4680961954668523,True
0.95738487930582128,19,1.4935267262805467,True
0.5942528865475154,19,1.3914554942228465,False
0.95830983831671446,19,1.5917832686851594,True
0.58091114576403513,17,1.2772419204145775,False
0.70875722648077666,23,1.4778408934510452,True
0.96292435142606614,19,1.6196866886067238,True
0.95659532187977181,19,1.6034832435816577,True
0.71805300990836562,22,1.4339644433237115,True
0.57973579885673188,17,1.3526680269258973,False
0.5810031896526936,17,1.2643797921516535,False
0.51391124395484,18,1.3005282687230968,False
0.96001898953934806,18,1.660415050311429,True
0.57908693987090643,17,1.5857838631313086,True
0.95420073315317011,21,1.4225254899245623,True
0.56109478220453102,18,1.0089399282006482,False
0.9614066580398809,19,1.5710332942518763,True
0.87787045382580986,27,1.697455309494144,True
0.96273200711010454,18,1.6546815827782619,True
0.88071101645697691,28,1.5749170524401326,True
0.9551933222603074,18,1.5887911671712824,True
0.95654790363372499,20,1.3764200821259882,True
0.89818956996458388,27,1.5141696734449803,True
0.57074668202262702,18,1.4805659744715121,False
0.76582123951680514,23,1.4899899656689721,True
0.55125158976086852,16,1.6095121492080857,False
0.53901412853822994,17,1.5950131798627603,True
0.96260143452034186,19,1.6436693587131912,True
0.44420846796928654,17,0.9921844174751423,False
0.47089684445666746,17,1.2935405685195582,False
0.50357028092991518,17,1.3218098707060113,False
0.64791386053436106,20,1.5575220837777863,True
0.60940646711303681,19,1.5585378260647906,False
0.76229508959555303,23,1.6211111476431335,True
0.9539975775232199,18,1.6646221969667141,True
0.95023064301311788,17,1.6193516083443387,True
0.95056739163738546,18,1.5572764356188202,True
0.47031226447533175,18,1.0515065648013744,False
0.95074860206854661,18,1.6111770553417371,True
0.45749585619998401,16,1.3910717609162928,False
0.53149557309978368,18,1.5088211901290429,True
0.64578640577776592,20,1.5159707394328563,True
0.95770060731063067,18,1.5834356502657019,True
0.95712148012952014,19,1.614937613181656,True
0.4570196210078436,17,1.132969082799032,False
0.96666620212251086,19,1.6745364870040409,True
0.95940246263582829,18,1.5135782885984264,True
0.55009337721364993,18,1.4279101795008737,True
0.60710064155065369,20,1.3959167309229092,True
0.95704715263276985,18,1.6100576455031061,True
0.53898113258808655,18,1.2923023404524412,False
0.95929645591040291,18,1.6733710723631605,True
0.75287675284652866,22,1.5174820268920659,True
0.96176559003215867,18,1.5667806730869522,True
0.68582613972736262,20,1.5077451663068415,True
0.82449954364541889,25,1.6213418139093039,True
0.97065976660995312,19,1.6606550930900854,True
0.95804225747747351,18,1.5396268506237027,True
0.9520390315442564,19,1.6082806848108027,True
0.95813519394191993,20,1.4304705963547539,True
0.51241706699402767,16,1.570268507157369,True
0.95308011266525905,17,1.4841490188602648,True
0.96502237408339642,20,1.6163804235655612,True
0.65103593275860128,21,1.5374058483024902,True
0.96347833813099759,18,1.488061260287399,True
0.77068862728669996,23,1.5909150394013118,True
0.62681567135641814,19,1.5955642732247304,True
0.96470338576392334,19,1.4574953183021546,True
0.95573193760202468,18,1.6485628707976212,True
0.96108890516476353,19,1.6119189508564458,True
0.63238944290562527,21,1.5442826314973028,True
0.96234296687116838,19,1.6275019942375495,True
0.69431255502933664,21,1.5025547946853317,True
0.50500963703460544,17,1.4749614700642448,False
0.64179581799445229,20,1.6072825861569773,True
0.62195668781786972,20,1.4882552991834817,True
0.95794202768958858,18,1.6423532532614773,True
0.96147405760281679,18,1.6743665550098352,True
0.95605176416705406,18,1.5915959077007318,True
0.4356058653069646,17,0.88929412241364025,False
0.95565724898078597,18,1.4538030390917649,True
0.59778556177556152,18,1.509200661521547,True
0.9534831827280823,19,1.6321714847331183,True
0.77295547337162851,23,1.6968780661272587,True
0.54700143944514112,19,1.3529476905269797,False
0.95404200745023882,17,1.6527274313046039,True
0.9589009143757099,19,1.6179018454189438,True
0.953669190676112,18,1.6523913823280423,True
0.94017705149879749,29,1.2830817862872157,True
0.5664901727175663,17,1.2525411281168226,False
0.79131175457963543,26,1.5467581677319087,True
0.96507470045983601,20,1.5187295992134144,True
0.57650599348312159,18,1.3603071886273526,False
0.74263984203351907,23,1.5322222652455981,True
0.48735652191712953,19,1.2993460999818589,False
0.96634087694794346,19,1.5594917870683331,True
0.83674050964167113,26,1.5622324140473582,True
0.95037636240497525,21,1.5948334991519999,True
0.95324880830018921,19,1.4494418519835837,True
0.5682569222861521,18,1.3547204914672999,False
0.74051666944517858,22,1.6586123129867592,True
0.96565941203880257,19,1.6142581339751381,True
0.95763928630437578,19,1.5946322603207175,True
0.95022283657715967,18,1.4509266289447027,True
0.53603444140029732,16,1.6664129788674182,False
0.54585789538398111,17,1.4950147006399881,False
0.95611732971902885,19,1.3929882857354237,True
0.60705564560819381,19,1.471791585678081,True
0.57148972127146314,19,1.387336320835995,False
0.50388934411183051,18,1.3960397764802404,False
0.83312334993410797,25,1.5331741051427237,True
0.70279235500379034,19,1.4749456279937254,True
0.51872101465972353,19,1.1730117447425075,False
0.95079467508232207,17,1.6137681200258203,True
0.95347098462726565,18,1.6597047164869574,True
0.96507871217263574,19,1.6829200290727044,True
0.62230719599898199,18,1.6937031164831324,True
0.95964427359556814,19,1.5251564027417632,True
0.95632587723247187,18,1.6714708614530616,True
0.95930362040731898,18,1.5641787994745366,True
0.53082480454457082,18,1.4749203885857667,False
0.85833337251805264,27,1.5483643709522761,True
0.66091047686032744,21,1.449434171985841,True
0.58544117582297961,21,1.4677977839770289,True
0.95315066297596807,18,1.620534877212092,True
0.70942704614080931,20,1.6574951492598204,True
0.95571401701607583,18,1.4869620412732691,True
0.95557467845048638,18,1.6850013631537233,True
0.52547690082211929,19,1.3651801170866495,False
0.55005019075000938,18,1.4526607669031342,True
0.96680736679066759,19,1.6562141835221058,True
0.95811433924601375,18,1.6187013633940137,True
0.78996326861958066,25,1.492601680013167,True
0.68365932738333557,21,1.4846768061520619,True
0.95134075928319461,18,1.4758787607993833,True
0.95939573367801734,18,1.6689435056717508,True
0.95790209460416986,19,1.5327975638329268,True
0.48461815968383015,15,1.3416689921808274,False
0.49557070399478598,17,1.521472373324398,False
0.95268353824355401,22,1.6184653129877762,True
0.73599173262541184,21,1.6129564712281024,True
0.95503150569423179,19,1.624154813973927,True
0.60542909560159475,17,1.4601510031092182,False
0.95958521821279197,18,1.6681121989381644,True
0.90528030195563836,29,1.5599766599887233,True
0.96236966346898378,19,1.5728743415734534,True
0.95814175536142687,18,1.6673976117172007,True
0.64757195564248327,19,1.5037872188812098,True
0.95068594799516126,19,1.6235625361328352,True
0.71168633224910738,21,1.4275719826878432,True
0.91591540989753573,29,1.5155454717685748,True
0.75903477785521067,24,1.5378670356296926,True
0.95439327891677095,19,1.5588516733084936,True
0.96100387421104105,19,1.4408049588088083,True
0.95544323675107423,19,1.5887208278205294,True
0.95161180797440847,23,1.5258438236116378,True
0.60130346255964962,18,1.1949055161562592,False
0.96226818878145959,19,1.5999837968994481,True
0.50417354847299312,18,1.3556218010443708,False
0.95531485091140511,19,1.5291892969377523,True
0.74616482069316536,22,1.502973086210303,True
0.91395246516608886,29,1.6290166257721821,True
0.56872659747900389,17,1.4425810451084744,False
0.95544221165167087,18,1.6384095067555553,True
0.95244602277198398,20,1.6307535253829673,True
0.52288432589928746,17,1.2541132282560352,False
0.9604897249281934,19,1.4790168624155244,True
0.58423533720449539,19,1.3579903237968369,True
0.95865575974938011,19,1.6073136181052781,True
0.95440701751571666,18,1.5923623896321311,True
0.95361443273397273,18,1.6500137994307775,True
0.81349452794874955,25,1.6131908199861724,True
0.95644123095333833,18,1.6180399350297603,True
0.95561091624412553,18,1.6312347693181775,True
0.71178923126542493,20,1.6902409373048759,True
0.95059242221260065,18,1.6940194305264973,True
0.52426420667866658,17,1.5134347944235391,False
0.62958333763600438,19,1.5234551246295092,True
0.51534223538608925,18,1.3896298911318685,False
0.66244964062083922,23,1.3110187330072938,True
0.60359777109375679,17,1.6321650278698099,True
0.79948562943002577,24,1.4522495949528402,True
0.95140178268190301,19,1.5825160335856689,True
0.54351722205452635,21,1.2714628384662716,False
0.95348661061167128,18,1.6492945345651786,True
0.51360112656610868,18,1.3649899559487972,False
0.96477406055569448,20,1.5211441618958292,True
0.81920141755828668,26,1.5364915935511594,True
0.9555302962621397,17,1.6108192222914226,True
0.9523343238943357,18,1.6453829925908665,True
0.95975817142076714,18,1.5864430189352268,True
0.57726952034536849,19,1.5097217859270327,False
0.9622066563699454,18,1.6848771030393797,True
0.63977602955495083,19,1.4379019351711004,True
0.95714392059386755,18,1.6788480916846373,True
0.95600944870848414,18,1.6057014092652404,True
0.60155131812997886,19,1.6095038009618066,True
0.70050557645161837,21,1.3060241584935308,True
0.95403874952878831,18,1.6466929926848417,True
0.58081132829991899,17,1.4137555510723039,False
0.58338959107447619,18,1.4814919572579344,False
0.82031114007323558,25,1.4672159095071713,True
0.96398982832244695,18,1.6264529105601588,True
0.95287626441751871,18,1.4734713987084871,True
0.50120377391167648,19,1.2258709438414139,False
0.77323495359845262,22,1.6533244222244634,True
0.58942331298391559,18,1.4114684386685152,True
0.59808687505120806,18,1.67502367468147,True
0.95948748418187502,18,1.6674020870699495,True
0.95292513900212672,19,1.3704592477388275,True
0.96052369884338573,19,1.5676478252535657,True
0.95056334720760716,21,1.4465978633060532,True
0.96404382769018382,19,1.5440746892169999,True
0.57389443593165956,18,1.3114132681927597,False
0.95116232177023086,18,1.5966394475747816,True
0.57549124201463198,18,1.3546020874504665,False
0.87685317181048916,27,1.6542809254835795,True
0.95948702660358032,18,1.6499970974507039,True
0.95585548706036783,18,1.6417085015312236,True
0.68157659021958028,22,1.4736260393902822,True
0.96029164823717938,20,1.5986269795953101,True
0.95037864686483309,18,1.5779780631820608,True
0.95843280724956292,20,1.4371072415002106,True
0.58079266522037509,19,1.5211326446862494,True
0.60914955410671967,20,1.5401761577497304,True
0.68811172864778158,21,1.4076715681436207,True
0.95670935434552284,18,1.5712660325000793,True
0.95197838065829177,24,1.4898864733914012,True
0.92840805253701042,30,1.4484993018696397,True
0.95208141597373996,19,1.5021696431679188,True
0.58622916803829628,18,1.5829210497956334,True
0.66671562321795863,21,1.4818421674103888,True
0.95107348225157973,19,1.6325303016963653,True
0.8029983286014355,25,1.5482423305309523,True
0.80982218204698142,26,1.5907112276410196,True
0.95966383603456462,18,1.6560424618074414,True
0.95702302821477736,17,1.6487340211319617,True
0.95507837944072294,19,1.5677867480535292,True
0.96338189880207026,19,1.6257395973641084,True
0.95215466054301445,17,1.6834387530578558,True
0.60582654725119722,19,1.5859937283805012,True
0.70989017722234948,20,1.374199141067709,True
0.96096031629263046,19,1.6341101871845338,True
0.49769591485132214,16,1.2833373331196027,False
0.95267387569244522,19,1.5878909223710984,True
0.95409791635518748,18,1.6671690549348104,True
0.87363777095066653,28,1.5549769575915773,True
0.67825172717793314,22,1.5350311067924325,True
0.95273620085204647,18,1.5789939648732991,True
0.96209942626786582,19,1.6711619029217835,True
0.55460071534550792,17,1.2971879556850987,False
0.95802727118063791,21,1.4603758436994221,True
0.95804974158232126,19,1.5924724848397196,True
0.95226805927562708,18,1.6121459942874432,True
0.9596254245432726,19,1.4567046359422433,True
0.956492348245506,18,1.5730585283922558,True
0.95717280485569423,20,1.3881015850266669,True
0.80291448003672583,23,1.6802609125845192,True
0.9504971169183879,18,1.5387380455877417,True
0.53808522494226696,17,1.4636276752487707,False
0.87028554113122925,28,1.4988945903706163,True
0.95198845068208771,20,1.2495620515514039,True
0.95084596897738183,19,1.535975583672947,True
0.89965725145633357,28,1.3738768004179764,True
0.95976143575621398,18,1.6166263607115219,True
0.95205056321927883,20,1.5345330352077222,True
0.8823743563764439,27,1.5444467876847476,True
0.53387027329452563,17,1.2029307007244761,False
0.95901623164261318,21,1.5898376395913187,True
0.96403635365820162,18,1.599714422095565,True
0.95035147214945082,18,1.3802923068606818,True
0.66327204969370102,20,1.5656745380170529,True
0.95629780939804154,18,1.6715498955214747,True
0.56714706876960552,18,1.5968649455076347,True
0.5439745334392706,18,1.4313489713632979,False
0.96351905595649634,19,1.5070551248511896,True
0.57594937760674036,19,1.5019969859432412,True
0.62080971638761218,22,1.5023563401901008,True
0.95454680758153976,18,1.6041816983205814,True
0.53460773839548836,17,1.5114359620865012,False
0.95586699963618882,20,1.5932248374994287,True
0.81975953180683059,25,1.6263835637312145,True
0.82013386954968159,25,1.6305733963946021,True
0.78497723729171076,25,1.4209985612642115,True
0.96299028156056021,18,1.6780223728356236,True
0.55881788968381763,17,1.4228325109580018,False
0.95066125216363095,18,1.6768771092368546,True
0.95209672996136852,19,1.6069616209557176,True
0.95333504908506095,19,1.4954556677052744,True
0.95356189859997942,19,1.4958256369363596,True
0.48075874206062047,18,1.4265379849418287,False
0.95683647151681228,18,1.5926559758632033,True
0.95519647394986518,18,1.6538192036480943,True
0.64449602757526103,19,1.5839531621122502,True
0.53531226482468119,18,1.4215795551164552,False
0.96048078266955583,19,1.6090963067172068,True
0.52421878372837938,17,1.3792537657869475,False
0.58887019166612264,18,1.2693741707371409,False
0.96221832181940492,19,1.5848108331415118,True
0.96125775376330658,18,1.5004044940887702,True
0.95246154809637695,21,1.5241753168879311,True
0.57059623532907799,18,1.5528386371854588,False
0.9649950081670825,18,1.6515241911033494,True
0.51175743823336473,17,1.4373187402922785,True
0.73168838416428839,22,1.4386688017704261,True
0.48347774449668846,18,1.4778350661634863,False
0.95480695665133586,18,1.5084134763649908,True
0.95443362907685625,17,1.5223410940908773,True
0.95426555822994585,20,1.5487849037971071,True
0.95675045535917691,19,1.5306530800903266,True
0.95670653500394121,18,1.6029279816076714,True
0.95209087993181929,21,1.3031949435630721,True
0.9511583672110917,19,1.5300050966131411,True
0.96226035793321751,18,1.6839278822161772,True
0.67603939317246087,21,1.5808156876922734,True
0.76682422488754576,23,1.4398848742936452,True
0.9691525665780184,20,1.4010390133034285,True
0.51778314162475703,18,1.3531112638855693,False
0.95312027211928807,18,1.4303965663792761,True
0.57977250339397579,18,1.3365913007455879,False
0.95597305431929125,18,1.6683904077098091,True
0.95207505003591331,17,1.6340727806267543,True
0.71502790874939504,23,1.3424764985915878,False
0.52404670604740478,17,1.4474682486704771,True
0.8407454384793599,26,1.6529939865501382,True
0.95873791072653225,19,1.5995656408228605,True
0.64541044020193306,21,1.3146567664604503,True
0.95359716367111147,19,1.4722432826504266,True
0.96432251638424149,18,1.6396902120928094,True
0.50279983937144956,18,1.3843497859829801,False
0.96731045349157385,19,1.2997778055497868,True
0.48653432392083112,18,1.2335760466650616,False
0.57211338720719218,18,1.573852457635128,True
0.59772974221175001,18,1.6046741502784718,True
0.61981844627784155,20,1.3753136189644897,True
0.86421521876902085,28,1.5775552471283691,True
0.95960414150498607,19,1.4831602690176955,True
0.52007035035960503,18,1.2450387017222875,False
0.95974684860797832,19,1.5375447214332461,True
0.96051619037673575,20,1.5169343630710601,True
0.95905994444524711,18,1.6671917207247273,True
0.95561100876256644,18,1.6156251583700234,True
0.67469169791557937,19,1.5119067259307681,True
0.80659691468554306,25,1.6280298429309426,True
0.95480994812621112,18,1.5745230317436187,True
0.95316809857751272,18,1.5835391316537579,True
0.7859236682333286,25,1.4287533039938662,True
0.96303234341200239,19,1.5856995408631096,True
0.57108470383570087,18,1.4306511283362429,False
0.95814898925409264,19,1.501307745607966,True
0.49822319874132687,18,1.5551273952008191,False
0.96777997479199029,18,1.68561092414014,True
0.95524988135257205,18,1.5424021083705766,True
0.81275836745312513,26,1.5445864876955986,True
0.95981599313263122,18,1.6187331915950807,True
0.95029897752835923,18,1.4770847259496609,True
0.82809133402327662,25,1.3900487278904123,True
0.58549389392884654,18,1.554873957276758,True
0.95191344329601968,19,1.5156233653535844,True
0.95221661401129121,20,1.4500093133434178,True
0.95387560697950324,19,1.6179067561351403,True
0.93833067580752783,30,1.5533116572049324,True
0.51612512096018559,17,1.4359955408464342,False
0.95322308154998558,19,1.5039384357901093,True
0.96041209775206726,19,1.6168667184993921,True
0.95858590534803134,19,1.5155676611179625,True
0.56248487985432394,17,1.4759962012440924,False
0.80189426178566481,25,1.6605266333945927,True
0.95787971676768924,18,1.6611893996357467,True
0.58827726140603587,19,1.4161337500156852,False
0.56344776811159814,19,1.3882929344119981,False
0.58572009749728848,19,1.4242454654085748,True
0.96223477168514671,19,1.1928806731204269,True
0.64626599441671195,20,1.5482696986438049,True
0.57932904872231472,18,1.380544470473293,False
0.96046251522931569,18,1.6107845661491165,True
0.95742498731366343,18,1.6435570216535913,True
0.96094843135981634,19,1.6261319837908972,True
0.78194480670727606,23,1.5490648141150092,True
0.95464568636968639,23,1.5301564463043036,True
0.69987631448673349,21,1.6651507610620455,True
0.95340805385371918,19,1.5646203072049198,True
0.96197084742657113,19,1.6153444882038164,True
0.63454531250074853,18,1.627619027110893,True
0.51053722799794188,18,1.4749831385886261,True
0.96352775089368647,19,1.6508494353924663,True
0.59772738985236684,18,1.5769795549704166,True
0.969065807050976,20,1.598146643191019,True
0.67156064859016873,21,1.6152581141357212,True
0.64051317548123965,19,1.3919004557249541,True
0.96390150142847686,19,1.6614249030820156,True
0.51607178330831227,17,1.4585570698315786,False
0.7272129672544676,21,1.6022059070666239,True
0.95509475347899797,18,1.6731288098292001,True
0.95683513655227925,19,1.5960685502779344,True
0.63269159081148241,19,1.3881475496592144,True
0.82235232076497433,25,1.6078689469710279,True
0.95945451276031501,19,1.5434815415239762,True
0.66881049368497481,21,1.4402110087673738,True
0.95840396717540999,18,1.6279601413122324,True
0.96786979392610029,19,1.6502981821505673,True
0.95480687375731266,19,1.564065862297618,True
0.95537732466548342,19,1.5824268949782176,True
0.85338280544023015,28,1.4994558750717921,True
0.49034845173508457,16,1.2592240348973227,False
0.96346247978996735,21,1.4899632214294185,True
0.96717014175930927,18,1.3704766743823635,True
0.44743423499460239,18,1.0290600635401792,False
0.9604631059805504,19,1.584893763286032,True
0.95534386096691015,21,1.535421039156359,True
0.95790256710002497,18,1.6459375820947129,True
0.95838637656932191,17,1.5992773426051792,True
0.55376169213685844,17,1.403121089623321,False
0.64101363801224964,20,1.5069507709098742,True
0.95962160668843532,18,1.5362394354515525,True
0.95543766771153993,18,1.6203339780341395,True
0.59911156425268586,20,1.299708547764566,False
0.60872221381880653,17,1.4360989077405195,True
0.95339628797473741,19,1.4634030057876035,True
0.96204410464561663,18,1.6750910849609832,True
0.59039907968286431,19,1.3835266078700139,True
0.9658570355895415,19,1.4779337877087317,True
0.9650689504833021,20,1.5253344890515037,True
0.96046261622148632,18,1.4357769234549846,True
0.52778845721125334,18,1.270493305341575,False
0.95086577656525118,19,1.4957205506246298,True
0.95498230739141776,20,1.4282238101189995,True
0.95905136680635705,19,1.6018051251708263,True
0.96455559395805079,18,1.6694759974635676,True
0.55450765916238587,19,1.2909654523938761,False
0.66368513262849149,18,1.5412918263678981,True
0.47557870579810896,18,1.3137019865397168,False
0.72372932554242531,22,1.5168932721692263,True
0.55088264439180201,19,1.4681174741628522,False
0.72631626608883426,23,1.5707436288798982,True
0.96201361200498159,20,1.3627668885131889,True
0.81533804659589593,25,1.5112052621495995,True
0.96391325611768208,19,1.5012654617373755,True
0.95254148168472008,19,1.5624832693662078,True
0.62099682416200763,19,1.5916850805699314,True
0.96426362112006581,20,1.6327840498304296,True
0.56955843560673658,18,1.3623445691122791,True
0.95811463892696169,18,1.5572337408130157,True
0.95157663719053442,18,1.6513488605501101,True
0.85068931434764272,29,1.5068853559766817,True
0.58733908683310831,18,1.5977326285011806,True
0.89584167995604347,28,1.5479587707682589,True
0.95660824290965552,19,1.4056033672761656,True
0.58924414282421678,19,1.4361887333667782,False
0.91410819897140139,30,1.0714177863970862,True
0.54255526711219204,16,1.3161021953602805,False
0.95789260567918899,19,1.4995088942807364,True
0.80628975736924535,26,1.579754357987917,True
0.69393111386933293,22,1.4995418378180796,True
0.52145274955476761,18,1.141091856284054,False
0.55552863435664734,17,1.5927659289824614,True
0.84389864152483984,24,1.6683448499229496,True
0.96314696802148225,19,1.6329722879549593,True
0.96265976443373669,19,1.6268657629625596,True
0.75148627915307553,23,1.5919863429012813,True
0.9534066647075734,18,1.5350775273433388,True
0.97218038104695614,22,1.5278837964385104,True
0.95409383594240749,18,1.5904816112693103,True
0.96592833195710115,19,1.6842962151978551,True
0.95199399610581992,18,1.6876514523401185,True
0.95832036783776975,20,1.4669727638374266,True
0.53656269430288528,18,1.2842857718480065,False
0.80555318011576194,24,1.6107300723936406,True
0.84659316305024246,26,1.6330460851491524,True
0.53577365086984285,17,1.5278511667000942,False
0.95929801145209082,19,1.6828457006934761,True
0.60251764799555174,19,1.492706194021701,False
0.66370208938612485,20,1.3768099304263182,True
0.95754015170804907,18,1.625192389547564,True
0.58715289045246499,19,1.5434319812968624,True
0.91586597723337981,29,1.572882339767832,True
0.53850697652390345,17,1.0177506354880965,False
0.52985509189810598,18,1.1700927621554591,False
0.95288930066662514,18,1.6860302617083562,True
0.95876922762575023,18,1.6819472209324118,True
0.96109828471701964,19,1.6896558759624285,True
0.96868968582262804,18,1.5780651735477684,True
0.96606851469813049,19,1.5247377333968219,True
0.53275794361587669,19,1.4307386902679828,False
0.83862924174794284,24,1.5593531533756173,True
0.96168035246230243,19,1.4713059019601833,True
0.56408174961167101,18,1.4855068739381987,True
0.52487333576546158,17,1.4670966631077553,False
0.90733150346095914,28,1.5548342216164219,True
0.60209530089852814,19,1.3858729570689838,False
0.95822992603006818,18,1.6272734056565203,True
0.95386258130715484,18,1.5854049097925935,True
0.72185916451071019,22,1.5688978970337719,True
0.95307782760240922,18,1.616618143365969,True
0.95936828763542981,19,1.5429319619726094,True
0.60069243901067049,19,1.5599578661112061,True
0.67878587401701351,22,1.5378331143826229,True
0.95360367713923244,18,1.6162840313044404,True
0.57868431049163283,18,1.4748032098165285,True
0.56513169210451664,17,1.4554949104458577,False
0.95402108806656849,20,1.6565920241484375,True
0.95694878266936267,18,1.6952675219425253,True
0.95382162683539096,18,1.6573145452760147,True
0.48969702540671184,19,1.3394912784121991,False
0.96255645863734662,19,1.6519577249096395,True
0.95651222967750715,18,1.6252572816439514,True
0.95919138089611822,18,1.5754728371916289,True
0.95442344013080194,19,1.6028476271788239,True
0.96315751879211264,18,1.5934551896736944,True
0.95100286928007338,18,1.6792192400647534,True
0.95867320097979092,19,1.408562460732111,True
0.87298401074860621,27,1.7078581870082306,True
0.50459533457964423,17,1.3773365746183264,False
0.95955659263924997,19,1.5893773366990072,True
0.96655938606828828,19,1.5924915202491787,True
0.63798244627207434,21,1.4968488207610149,True
0.84258523269393004,26,1.6011486809987556,True
0.56547313623544426,17,1.6169566661282364,True
0.95608671209230944,18,1.6054514868955254,True
0.58488597979732171,18,1.4823917114458176,False
0.96280197688037739,19,1.6378863831434984,True
0.95650736224544908,18,1.5593325533461584,True
0.954903214808004,19,1.66983795099046,True
0.58567059617649264,16,1.5183525793862271,True
0.56099777252947358,17,1.2892379206923681,True
0.9629429080694194,19,1.6569672440235665,True
0.95921502651228585,18,1.6104530771914511,True
0.95998542887430627,19,1.4905358936916369,True
0.47636133444835427,18,1.372875501747729,False
0.96054060225491178,18,1.5350584280167463,True
0.72749097784475336,20,1.4824707606539258,True
0.95277919420598634,18,1.6206825775166189,True
0.95162061258742381,18,1.5322112952644817,True
0.96808842141590246,19,1.4553631885923444,True
0.95936337933311755,19,1.537788541640293,True
0.96160065857408872,18,1.5931303624793189,True
0.95427459503538026,19,1.6201160018917462,True
0.95520481762581122,19,1.7043849554173831,True
0.5310679987511655,18,1.2325407903976453,False
0.62199983446216367,21,1.6374591132286902,True
0.9578114986787083,19,1.2961960362972247,True
0.96225302379693078,18,1.6784776038891918,True
0.55829921745257916,17,1.4316154187214103,True
0.84312427808641233,26,1.5576180931226251,True
0.96236487342455868,20,1.4132642269220124,True
0.56227524138530938,19,1.42184461361834,True
0.72472081210425743,22,1.6506286161712773,True
0.95107631858041342,21,1.4304364898051305,True
0.53353784740986354,18,1.4335722380308413,True
0.96266548572043964,19,1.5332695891088106,True
0.95816963930413246,18,1.6950796449548053,True
0.95818043889207793,19,1.5821905050885896,True
0.64359077048606783,19,1.3064290991273946,False
0.953736101761674,18,1.6423667018492258,True
0.53344068654835541,15,1.5379305940874273,True
0.67366122106075077,19,1.5326320544444696,True
0.95331478941249259,25,1.5290980695358012,True
0.62309795131081969,19,1.5623503871573214,False
0.95019521850719257,19,1.3438366832805255,True
0.6006279789522978,19,1.4430647410144484,False
0.66989132996269851,20,1.2693408141045761,False
0.95413137415518845,18,1.5689475769993966,True
0.9515476799211493,19,1.6169761140577013,True
0.96212277158999726,18,1.5840413911105256,True
0.54799740060805047,18,1.387280993812031,False
0.60064400670946461,19,1.4323450059739069,True
0.95878128383591554,19,1.4754085083352879,True
0.5532112784419313,18,1.4075184216503331,False
0.953247538859748,19,1.6354726433366342,True
0.63581866860940328,19,1.5041726103244306,True
0.88528136938279889,27,1.3569116187580772,True
0.95005872085539733,18,1.5419868050293144,True
0.95818678648024602,17,1.6189928447500521,True
0.89948280768413558,28,1.5943580653743601,True
0.55539854446661985,17,1.5923432293751556,True
0.95069673506480956,18,1.6859052045995579,True
0.57366447119357178,17,1.3152211718442843,False
0.67961271622336117,21,1.5878487366806777,True
0.95807111066177286,19,1.5650362953966934,True
0.96661386245642889,18,1.5340003385411769,True
0.65464838130609515,20,1.491148590080613,True
0.57783816114452857,19,1.4098077735468153,False
0.75573266348402135,23,1.4265090666971614,True
0.96270620475971713,19,1.4903252080354612,True
0.77535723519816058,23,1.3491270594331142,True
0.55002441251930945,18,1.4159202429569322,False
0.95682943154668043,18,1.6141521798145122,True
0.97114847086150746,20,1.617728619425717,True
0.58416490921892539,16,1.497649104094932,False
0.6168359725536029,20,1.5138579586745726,True
0.96144377364737454,18,1.6933867549616151,True
0.53918731694382327,17,1.513836847854412,False
0.52693714144475357,17,1.1770338384961809,False
0.96381280487737087,18,1.6344742987764032,True
0.68988844618656509,20,1.5906775431125495,True
0.95810801337957674,18,1.6532120028241324,True
0.8211583782638967,25,1.6300989120319251,True
0.86181600560393101,25,1.5383564836001069,True
0.90835805110353374,30,1.3953304697679072,True
0.95565020611661877,19,1.5114969393350599,True
0.56857119202983386,19,1.4744586243097091,True
0.57810617592304259,19,1.4132410812175087,True
0.96051478720122896,21,1.4540587581208684,True
0.96258738152080403,19,1.5175145327646065,True
0.96058615676916759,19,1.657663899411411,True
0.96002576365049153,18,1.6126692749673208,True
0.95710160999734073,19,1.4653226731742399,True
0.95265519496190609,21,1.2217616539422553,True
0.95723686483490444,18,1.4795954616981817,True
0.72101950394706871,22,1.6187351048242273,True
0.95298907702204161,19,1.5438007904437181,True
0.96079930260491186,18,1.6315103649914,True
0.95199049149037651,17,1.5814888478314819,True
0.96009534713141753,19,1.5174760933060283,True
0.95630679406186658,19,1.4499360402237538,True
0.56971819421486358,16,1.3903114874368594,True
0.51977830430119643,17,1.4302030433860049,True
0.95719978762890257,18,1.6551599854859391,True
0.47158840005548491,16,1.4074745763832595,False
0.95346363341684393,20,1.5175344733008915,True
0.63821462776281224,19,1.6150614496639055,True
0.96767663027634376,19,1.5147700247973275,True
0.58118940885990322,17,1.331768211677079,False
0.96706682600398475,19,1.5643153454910652,True
0.63846265683825565,19,1.5306680536937569,False
0.95048226250332313,19,1.4758889670910871,True
0.51928750016756409,17,1.216355344181314,False
0.57923277500662351,17,1.3342684503518427,False
0.95404587359550475,19,1.5716965917323635,True
0.95591255797477204,18,1.5259569904460693,True
0.95409693122120665,18,1.6325747515946234,True
0.96416675402682417,18,1.5266163352301798,True
0.96995174306284426,20,1.6200663713648953,True
0.67945526459072569,21,1.4721792044588542,True
0.96049091468986958,18,1.5466646824439605,True
0.96029621845325719,20,1.4703537584169586,True
0.59739467300964555,17,1.5897659333486243,False
0.54980313074193199,17,1.2898493059452616,False
0.51429755668023891,16,1.4492645982135164,False
0.89495283496657252,28,1.4904446222461907,True
0.64995219173190566,19,1.5160043103099119,True
0.95825066760637845,18,1.551559686300424,True
0.54176328234507054,18,1.3305206044098721,False
0.51021095725770926,17,1.2806045815747662,False
0.7469549061138524,23,1.579301612105956,True
0.77321566514849527,23,1.5580425467186194,True
0.77964723344552544,24,1.6503927251397692,True
0.79575828833601991,23,1.5714192282438344,True
0.58873504531413068,17,1.4544428533002225,True
0.95377512339806259,18,1.6413322971385516,True
0.95770795457093794,19,1.5522398189860562,True
0.77654637483954414,24,1.4120930359720918,True
0.9571288070222681,19,1.6221929217590074,True
0.96352783869918557,20,1.6041649091390258,True
0.79119869579337043,25,1.4417325129269496,True
0.61499887229638139,20,1.4634516670116284,True
0.96193919043750442,19,1.518239452871738,True
0.56204735971522457,17,1.476954831774937,False
0.56764728976604473,19,1.1463346450718797,False
0.96700812523778945,18,1.6457724097209296,True
0.9625968127759329,19,1.5998666208085537,True
0.95811890653454301,19,1.4901165670788767,True
0.96022838131296084,19,1.5195979754361963,True
0.54581419044140833,15,1.3194585059430077,False
0.96113196731635486,19,1.3748472631649533,True
0.96467556802562904,19,1.4843303198084075,True
0.95060526926995592,17,1.6428794727028071,True
0.92412268507152817,28,1.569005303012595,True
0.58902412542905147,18,1.4250709956892385,False
0.95981053289544482,18,1.465015806692215,True
0.95226525851196708,18,1.5605264580602103,True
0.83936825497164025,26,1.6175689368304231,True
0.52925155768999188,17,1.5710354367974459,False
0.86375162322658849,26,1.6135100493095014,True
0.56241883755747446,18,1.3124797214888095,False
0.9562147316537033,19,1.6453017306181443,True
0.52729279309909338,18,1.4348340559376707,True
0.96353559825891877,19,1.6349996225797907,True
0.95784912596349547,19,1.5679430270461581,True
0.67701390577475307,22,1.4901835957500076,True
0.96279129099701921,18,1.6948219748537707,True
0.61491348515147237,19,1.6006959850412839,True
0.51883853425661752,18,1.3261628515525723,False
0.56023204718810415,17,1.2954399021111658,False
0.95922330183874716,18,1.6572396917568921,True
0.50180204652008564,17,1.5045014189948551,False
0.69179202933365502,22,1.411311584522738,True
0.95236567291312801,18,1.53923839514661,True
0.95432274360930691,19,1.6172336095699111,True
0.96267091862626886,20,1.665389526671347,True
0.95772898227967274,18,1.4822242802212011,True
0.65180471379816329,20,1.4504532495853106,True
0.85745450056417793,25,1.6012547784354325,True
0.56879131665170468,18,1.5275434426801087,False
0.85492121938060195,25,1.6063287835560118,True
0.95277502137378844,18,1.5757078414584467,True
0.9564916570323384,19,1.5959965224128079,True
0.95961395966918162,19,1.6298278466310532,True
0.57202639427674185,19,1.4387683422107438,False
0.52668973021818954,18,1.1889154439901042,False
0.95958369862795279,19,1.4168299983917827,True
0.49805372574495826,17,1.4484792832304394,False
0.70476735141286961,20,1.5414205660657165,True
0.51470898227975637,17,1.2902595047474892,False
0.55576110844737137,17,1.4916928042442683,False
0.96449947527767443,19,1.6712978290683196,True
0.95531512900875915,19,1.5942833660578906,True
0.95138376472314601,17,1.6785353181750335,True
0.96252335999737215,19,1.6454045148813858,True
0.96662468816346769,19,1.5247346477717292,True
0.55462160753719525,18,1.4137917579533426,False
0.96504994628408902,19,1.6320655051489918,True
0.75424110795849153,23,1.51331287946518,True
0.61332096963653071,19,1.4683822322623774,True
0.50128137444557697,18,1.5446177512568315,True
0.95654939727217614,19,1.5420970318152942,True
0.75978489998857712,22,1.5777681945646902,True
0.96170959715524595,18,1.6642097725926368,True
0.96422823802604041,19,1.5716401529862998,True
0.9515723960921505,18,1.6266269610911301,True
0.96347951545217247,19,1.5695723586300439,True
0.95181913209763058,18,1.6037945523423658,True
0.49130341651679621,17,1.3992760464052689,False
0.62679332904580132,19,1.5539000160405525,True
0.96082849250751956,19,1.4708672690569418,True
0.5948446576411347,17,1.5467596284020888,True
0.9666079076443258,18,1.4700558888282242,True
0.96168789113117437,20,1.5486536247295999,True
0.48285188827909509,18,1.0500377112697656,False
0.77290982398747099,24,1.5050108289003727,True
0.86684062741839008,28,1.6261928201424887,True
0.96253292688906122,18,1.6950854424300748,True
0.87817711863518544,27,1.6477451589389549,True
0.5318778370964542,17,1.5446849897051578,True
0.96182517278903534,18,1.6286465826981398,True
0.96347764340296516,18,1.6686005021226307,True
0.61426327629353117,20,1.5579458093474585,True
0.96328490550464718,18,1.6748842915070974,True
0.52697266806887932,19,1.4721527297385384,False
0.96291734048070388,18,1.6164529391409126,True
0.56205560982030289,17,1.3539787972034012,False
0.60619519193450611,19,1.4975102712713928,True
0.95972166318840879,18,1.6075330908420864,True
0.83588029758764426,26,1.6168612360072223,True
0.96042159552463602,19,1.657235991957775,True
0.53961147756863781,18,1.4046411278858699,False
0.48150336103759789,17,1.4958741755149541,False
0.61949991352235045,17,1.2793661868441339,True
0.5108825188728312,15,1.3163478958265284,False
0.63473729848279081,19,1.6328372487463361,True
0.59903221338933121,19,1.449746090258603,False
0.56691153006617734,18,1.4408775948892103,False
0.94938644315807463,30,1.5006125213819674,True
0.95127539049638898,19,1.2268604645449086,True
0.95651149538019109,19,1.3716430558988735,True
0.95399024022905954,18,1.5617034150534475,True
0.9572521630459021,20,1.3649303619732838,True
0.96248388081943004,19,1.6059862347148788,True
0.67408423966860143,22,1.3740931644382479,True
0.95537263427475283,20,1.6614410905754466,True
0.95383537148610498,18,1.6598084807727085,True
0.60831086408471791,19,1.4787371188872938,True
0.60044079889249824,19,1.405020474150553,True
0.57510799954205971,18,1.4021340852297,True
0.9585154993861863,19,1.5230675764659418,True
0.95499060369560418,18,1.6048206183633196,True
0.67313641250147482,20,1.6536847188382944,True
0.95641020747248162,18,1.488483696968754,True
0.95073115301363453,26,1.5779223323115668,True
0.81105970867452959,24,1.6314167847311829,True
0.74836580913638573,24,1.3940345714150424,True
0.53088929556731879,19,1.3087553095189495,False
0.96600429924039843,20,1.5946085939037542,True
0.96478947622761269,20,1.4973734675420827,True
0.94307140579466719,30,1.6207152088889065,True
0.95852288267001418,20,1.337867045020467,True
0.67309500220245844,20,1.5284274270025158,True
0.71556633415292492,21,1.6179747886593112,True
0.95869287977357054,20,1.5448495794850032,True
0.63904405160012956,20,1.6454250294611115,True
0.51943708231514463,17,1.4681521878174799,False
0.59156683426128931,18,1.3133470903713076,False
0.88341846163318682,28,1.5842252260087235,True
0.53477085996399076,17,1.4701830204187574,False
0.96094032363623039,18,1.6306087872339592,True
0.95644311370628154,18,1.6402398433338419,True
0.66679092479738744,19,1.4437543525604695,True
0.96166272932911889,18,1.5859362233869183,True
0.58307578179613906,19,1.524012893087987,True
0.95360076179977793,17,1.5706844019026591,True
0.57815847757086403,18,1.591263920056263,True
0.8078761862656465,24,1.6149029115659288,True
0.96254462896483273,19,1.5920936656337461,True
0.95269894064781979,17,1.5480802031072352,True
0.64892204578236312,19,1.5719416479937822,True
0.96538997623115885,18,1.5771962945449916,True
0.95848841835918031,19,1.4369550233825141,True
0.7607616938554157,22,1.6864590129863006,True
0.76252702110943937,23,1.5207780084921447,True
0.59206174618863827,19,1.6182581265122431,True
0.53430348718050047,17,1.6001202742834206,False
0.95921838553506622,19,1.5878331472353475,True
0.95444653525380529,18,1.6860571690773551,True
0.95773218953033779,18,1.5479751150870338,True
0.95139687983257215,19,1.6140241750109134,True
0.51502280346417328,18,1.3587461638323279,False
0.95489619299459561,19,1.495347739752108,True
0.96179583522106749,18,1.6851346188325433,True
0.95073530829110675,19,1.5664397415725557,True
0.9602842399132917,18,1.5970927034387232,True
0.63431497943995907,20,1.5388148363838177,True
0.95811033751300512,21,1.579173768871367,True
0.63727049841518635,20,1.4131316250019228,False
0.89681179853265414,28,1.6422821564034245,True
0.96023947581905733,18,1.608652982483133,True
0.95342179283704376,18,1.5675724342820649,True
0.5768449668430502,17,0.99737345025000901,False
0.81763781763861054,26,1.4955016501744181,True
0.95933009467782371,19,1.6032816928906075,True
0.95162513583075914,18,1.5900897474050406,True
0.60885927013433794,19,1.580250509318293,True
0.53481087599013521,17,1.4753403963822678,False
0.95666856280426427,18,1.5790955957463526,True
0.89210044239791986,28,1.5214341804827629,True
0.61554075173399347,19,1.5150315186501142,True
0.96182472041496125,18,1.470337701855434,True
0.95914343571972693,20,1.4263728364555013,True
0.78990389787645643,25,1.601608158936785,True
0.95663850283258756,20,1.4190505606463408,True
0.95705592418597785,20,1.5509115176941404,True
0.58268510525287498,17,1.2589549412217254,False
0.95789255722489008,18,1.6102580654824625,True
0.7585943078525712,23,1.464133906330092,True
0.50980921568194515,18,1.346672306117664,False
0.95926521731836911,19,1.5283423104128477,True
0.9549700320750355,18,1.6076444787845856,True
0.59264488930714987,18,1.3730163691189976,False
0.65727629952534228,19,1.4852306769335402,True
0.91445560385160118,30,1.5878448327916816,True
0.95400187011954007,19,1.578944483468496,True
0.96165198908084137,19,1.6073973972256537,True
0.55334828763790112,18,1.2037035667437539,False
0.96057764762606812,19,1.6074071460751409,True
0.96109611290586994,18,1.703744886147023,True
0.57682654393393773,19,1.2613987715011314,False
0.85240790302768721,27,1.5360528668829372,True
0.60738860924582205,18,1.3877903347759388,False
0.95886952206854748,18,1.5389690323103511,True
0.79742792346744407,24,1.433307985594733,True
0.53847571685882201,17,1.5492597954507157,True
0.91044198928779352,28,1.5649157326077894,True
0.63539845009188822,19,1.5336197188543808,True
0.78759437679140953,24,1.516380857983634,True
0.54005668319739042,17,1.1513902590630245,False
0.96169995647547657,19,1.5934649768415796,True
0.55983034645678886,18,1.4814920174593931,False
0.95896912293391157,18,1.6843107512027409,True
0.96126087551800377,18,1.6691835277251581,True
0.95515322659212298,19,1.6268404903999425,True
0.95067978080754822,23,1.5658035822641017,True
0.70636739644993518,21,1.583731639770618,True
0.6386938501213546,21,1.3869607275582425,True
0.95639659891810724,19,1.4519830791187032,True
0.95259569230995089,19,1.4506661454713461,True
0.55524186847377355,18,1.3542550730186929,False
0.95479394858291711,20,1.5427940859893896,True
0.9072110317959059,28,1.6827819182948525,True
0.79780689252332104,26,1.460875890317453,True
0.55037544198891764,17,1.5360754829486325,False
0.95807931604274843,20,1.5700399844693114,True
0.96854689621607626,19,1.6824264860642397,True
0.55531583109663485,17,1.4509844770566533,False
0.96363545975223408,19,1.6250944972387515,True
0.5468939078674826,16,1.3794075474779517,False
0.96259115925332694,18,1.5757232861288892,True
0.95220037757298481,21,1.5409306275933552,True
0.58840861050559856,19,1.4836708261548612,True
0.60690361548569671,20,1.3876577284812575,False
0.95618130027876402,18,1.3948220768300343,True
0.64104862439240817,20,1.3140468369501246,False
0.95617639523080455,20,1.4766452750762917,True
0.5048144632551419,18,1.4618295132620693,False
0.55382017021723506,18,1.5056795384809385,False
0.81486416427526964,25,1.4965685467760403,True
0.6978056632669366,21,1.6160338675388999,True
0.46354104099032317,16,1.4527234929671686,False
0.96205639856141856,19,1.5597323864043848,True
0.58026523275922448,20,1.3366416287976968,True
0.95428852478785986,18,1.5898463184914646,True
0.96268652212998951,19,1.6666079499633701,True
0.95736099791444118,21,1.6155859733973692,True
0.95133020941450053,18,1.6395668625211812,True
0.73608426065062282,22,1.5925770971126385,True
0.95068975901827057,18,1.5819087032982155,True
0.95714850608044544,18,1.6844877348053229,True
0.9595149565401212,19,1.5932903524411681,True
0.57139477668309335,18,1.3929266870431301,False
0.54956132940648228,17,0.92348151004515766,False
0.95878868514307103,18,1.6799684110680948,True
0.57974759721637747,18,1.3712632262810749,True
0.6443350102929063,21,1.483344779837233,True
0.95832945591845753,18,1.6146768476219939,True
0.95022310031390922,17,1.4440889362008957,True
0.95119941729519142,20,1.6855629884314387,True
0.96142411707444797,19,1.6439145546716376,True
0.95353742563628963,19,1.6709647030110089,True
0.96454352410515165,19,1.5727474421777126,True
0.96477161320562099,19,1.6528988392280635,True
0.96229211061155162,19,1.6595593204529513,True
0.58045370453258549,19,1.3478115031747504,True
0.59640021721611369,19,1.6059180717849999,True
0.67316338620959393,19,1.5847187356512416,True
0.95749382968327856,19,1.6743217850495622,True
0.56212768911879041,16,1.4670002407090825,False
0.59452528918811554,19,1.5118656687149459,True
0.70491112296105096,21,1.6000732541502056,True
0.95421906416555968,19,1.5872357937063069,True
0.95073056532975353,17,1.5851097733893869,True
0.95657043010702358,18,1.6369446035497772,True
0.95322215183294934,19,1.5112534441933885,True
0.95324379397548209,19,1.5773172409804674,True
0.64776032580202336,19,1.3526535403977056,True
0.93924604292682756,29,1.1990631276527919,True
0.95713127325164127,18,1.6629333388088661,True
0.96116439134210652,18,1.7074230905885672,True
0.95463504317002845,22,1.4780738864384644,True
0.95456639617865036,18,1.6035799627603291,True
0.59488098974525838,18,1.6024902288324678,True
0.88334711584098358,25,1.4888197332551412,True
0.95428696280657932,18,1.6284637154157875,True
0.82617607092464096,26,1.5368295509526342,True
0.95300828066366017,19,1.4566132136474861,True
0.95427241502134319,18,1.6578159225036833,True
0.95645820377237678,19,1.5671552841313985,True
0.67681078614373336,22,1.4589530386834149,True
0.78078471846625452,23,1.5668404859847662,True
0.95140171517905159,18,1.5965027317888036,True
0.7693619965458719,24,1.5422375313185004,True
0.63284787345502669,20,1.5098832640739912,True
0.96040193174686561,18,1.6168565445949146,True
0.96086123926009215,18,1.6257298619449756,True
0.95589235142667939,18,1.5326732506254315,True
0.59634205607341195,18,1.4859099483838978,True
0.71465300911593233,21,1.3222302408312065,True
0.65185204488206017,19,1.4265076028190635,True
0.59245124394807591,18,1.4395340253970272,False
0.96074853537038452,19,1.4156073513123604,True
0.60949876355630128,18,1.4533955840810437,True
0.94518307793625089,31,1.6269922953101559,True
0.80980723678113797,25,1.6149007128984811,True
0.96265293332683788,18,1.5870386926939308,True
0.67998245349074093,19,1.5814839835526651,True
0.63335161291664688,20,1.3906302013652556,False
0.84328377454236148,27,1.5170119337828563,True
0.58365843953015939,19,1.4599177826808418,False
0.67139714612631474,21,1.4666304607311897,True
0.96665201224885278,19,1.6071287492659814,True
0.95505210570265642,18,1.5933340211228262,True
0.79141179897695513,26,1.5379223709605685,True
0.75085948580642381,23,1.6245631540474235,True
0.9641536343698115,19,1.6096022502571394,True
0.56344766151365522,18,1.5013514002005786,False
0.95015537057055355,19,1.6397684713962581,True
0.65579976225373871,19,1.5289640554439896,False
0.61966925813643836,19,1.5459702437611449,True
0.96281790793818367,19,1.5948533348870768,True
0.95159919215740996,22,1.6939873325062851,True
0.9505248968404133,19,1.4969812324198968,True
0.96055016828794204,19,1.6309569988634538,True
0.52907735343562656,16,1.5071709588763491,False
0.91594555803881939,30,1.4737659428490479,True
0.9626671056738626,19,1.5760353297700773,True
0.70228437636146579,21,1.6172671192069468,True
0.48201838467882963,17,1.4484626551362498,False
0.57304652919420873,18,1.1856278628574444,False
0.74543867957766485,22,1.4083336726096847,True
0.57196323327096066,19,1.5021124783715838,True
0.96069056294890698,18,1.6900608560843753,True
0.96712304296222207,19,1.5574308958100873,True
0.95017005636677065,17,1.6898130648701266,True
0.55949028555558533,17,1.3698640766719417,True
0.95773191385695289,20,1.6360939016712321,True
0.9568282717259563,19,1.5659942197615502,True
0.57195917621216974,19,1.3471176424418601,False
0.95382838997826747,19,1.3234193867099979,True
0.63151755279255362,20,1.5756210431132458,True
0.85307686669789951,28,1.5841181769813621,True
0.6238136844382195,19,1.5799992122450002,True
0.95431293423898222,17,1.6837231230184557,True
0.55915158191456071,18,1.2809203952376902,False
0.95587570801143218,19,1.6605849656666369,True
0.67977839674317553,21,1.6126950429230318,True
0.9599254122778732,19,1.6211198366003765,True
0.96102423984703256,18,1.6499960933858691,True
0.56017643246175364,18,1.3152236589659096,False
0.55609457947918162,18,1.3831806349398716,False
0.79220362549413259,25,1.5508973048283852,True
0.56996549882545899,18,1.3899736752426175,False
0.56679908299945636,18,1.3908840453444353,False
0.61448481962731394,19,1.4725522560941224,True
0.54239960409866916,17,1.5041985998126317,False
0.68766310835047761,21,1.2782794124742998,False
0.9645687802536197,19,1.6628915102102821,True
0.69790802049110212,22,1.5789312762813343,True
0.71017778573458856,21,1.5078471668220337,True
0.85197798447225637,26,1.452151458752948,True
0.95216961888889318,19,1.6261617808707491,True
0.954511091931876,18,1.5800965325940495,True
0.96496635398493069,20,1.6143548110881556,True
0.8129400731684332,25,1.5500017248686355,True
0.96097221064037497,20,1.6446710217284297,True
0.96834960875668386,19,1.5866380434682474,True
0.69112364468533483,20,1.0773822276509228,True
0.94435248868397281,31,1.5652898479859965,True
0.69121960274485772,20,1.6604679962682913,True
0.55613825489136481,18,1.1605659768049144,False
0.83734276090196325,27,1.4769218024979258,True
0.95513312888552493,18,1.5225302746316878,True
0.9610255853314319,19,1.5594614319921807,True
0.64611594798890537,21,1.4289017464609874,True
0.66284108090430893,21,1.3564735139505983,True
0.95117330139063183,19,1.493305633301083,True
0.96138343420683603,18,1.6712998155647996,True
0.96133288990404486,19,1.4212319549143111,True
0.95064164628485237,18,1.331747081222465,True
0.95518213080852987,18,1.6610377721354568,True
0.96193726196511109,18,1.6612028335953128,True
0.96193196875879294,18,1.5564967197218016,True
0.83715750362957064,26,1.5078045267201952,True
0.67635433107507803,20,1.5546748227405629,True
0.95864923386843204,18,1.6658847918361737,True
0.95551572776573668,20,1.4075966889841816,True
0.69174805425985464,21,1.5306578598356326,True
0.96314661410152114,18,1.5162561789521207,True
0.95661543274376903,19,1.5634852550349012,True
0.57870995627616606,17,1.6158754569711062,False
0.94607748325412733,32,1.3721631869576481,True
0.86419709030597236,28,1.5488256764881632,True
0.96260309917872211,19,1.6776290293716265,True
0.77170020129010297,25,1.5876219644124177,True
0.95906012754571757,19,1.5177955487932075,True
0.95030779834860502,18,1.6265430981406805,True
0.95123419598415393,20,1.3715642796609164,True
0.9666831682304563,20,1.5068784193131102,True
0.95848801213396806,19,1.5929735813125558,True
0.95781116399594757,18,1.6037352365708064,True
0.67502673537471947,19,1.6276620585951043,True
0.52477658710441433,17,1.5196479249025492,False
0.95540936241047625,19,1.5253805885817107,True
0.95993803583754544,18,1.6751107482451177,True
0.55316814489100041,18,1.3731913420925659,False
0.69162078175722175,23,1.4815672039829053,True
0.56674497700834847,17,1.3466769054342755,False
0.95567843030406063,18,1.6249723902025011,True
0.96462214893809506,19,1.6011280117945439,True
0.9541165412751601,18,1.6655648452547032,True
0.58587740458649473,22,1.3841856999997957,False
0.80475555447858527,24,1.4257824351516766,True
0.95297569925475323,18,1.5967159605141583,True
0.64843015407577975,18,1.6061842301342706,True
0.95955296727012174,18,1.6772821467792087,True
0.79021903803844007,24,1.5858080313871321,True
0.48788072203659671,18,1.4489093123934582,False
0.95410603475044364,19,1.5269194545706484,True
0.716286130980056,23,1.526648804029701,True
0.49864751900267429,18,1.3540764037926609,False
0.57394137906898268,17,1.471988951398429,True
0.96018000837315054,19,1.4762415394926343,True
0.67100510190072893,19,1.68720043669636,True
0.95070164885350261,25,1.4969304132892798,True
0.95344594051528986,18,1.6722495064239142,True
0.95630938262167919,18,1.625894862861913,True
0.95484701649617965,17,1.637158739748009,True
0.56559644479188709,18,1.1396006601907411,False
0.48631037738245364,16,1.3653031305627288,False
0.96305278094907865,18,1.6540316661808585,True
0.55957718595435835,16,1.4989052317888523,False
0.95574773714279915,18,1.5923778586453172,True
0.95586276770043377,19,1.5508900993174854,True
0.9631231633868933,19,1.6593484747061278,True
0.95523039490416894,19,1.4543928497005605,True
0.96214446488947347,20,1.5014153128976593,True
0.9525068710916651,19,1.6122182602926558,True
0.95158435297517563,19,1.4486445029538042,True
0.85804472002361576,24,1.327345126091428,True
0.72838858937138462,23,1.3843796770243368,True
0.51444999184556961,17,1.3450077152135405,False
0.96250592149011516,18,1.6356557000650604,True
0.79903865625774539,25,1.3787653748983471,True
0.96094370237286497,18,1.6904492826691901,True
0.6007006016155062,18,1.4162321919614569,True
0.84148897403212719,26,1.4726237147512897,True
0.96201018960700668,19,1.6663545578567522,True
0.5159169428802719,16,1.4751423782342881,False
0.96821907693898346,19,1.6212535761946756,True
0.95823506039115836,18,1.6837720540112115,True
0.96713367838202757,20,1.6527472115753332,True
0.85117235335081176,26,1.570462046438331,True
0.58501132271122691,17,1.5504325394581699,True
0.96037655163462665,20,1.5191924700019339,True
0.954222286564825,18,1.5591457239662501,True
0.95877226259021675,18,1.648778777691893,True
0.57127740999373811,17,1.4651322304939496,False
0.62887727304090779,20,1.3721905672569281,False
0.95869427556567077,19,1.6068148372735545,True
0.95190093487522309,18,1.6162476604822988,True
0.93249028259307021,29,1.6153975298898082,True
0.72275564538921355,22,1.4396655591552836,True
0.85629528797786314,28,1.5127748171991402,True
0.60988285340636605,19,1.4512201609260156,True
0.55368345061013424,18,1.521263163838757,True
0.69179468180045867,20,1.3990374236704242,True
0.59067487333092417,19,1.3964875159124193,True
0.95583784483170653,18,1.6595705260576605,True
0.95176224971129431,18,1.6291222748992424,True
0.95552426508125732,19,1.5713949098254476,True
0.95356952730783517,20,1.5167406695434076,True
0.65144994623942132,20,1.6060217495265365,True
0.69258714150912992,22,1.5584290302502641,True
0.51534671211286631,18,1.3075958598442656,False
0.95172758165684324,21,1.406245124806814,True
0.95745652680173443,18,1.6599624573470089,True
0.86779104850133237,27,1.5924263532510736,True
0.9576952825991395,18,1.4427545092340255,True
0.76817629643003993,24,1.6567119058387403,True
0.89336097749154375,27,1.6499814850258578,True
0.9516992628936306,18,1.5971966993804314,True
0.56849381477427807,18,1.5404885783258637,True
0.59013119199841191,16,1.1758661653192013,False
0.95798493915729921,19,1.6075730192663999,True
0.55725993436075494,18,1.4237354910801148,False
0.95911681868323118,18,1.6809982782394031,True
0.95095487396337386,17,1.6415286393752846,True
0.721719510045011,22,1.6477631606925629,True
0.59986397768680266,17,1.6177171589071928,True
0.95546677165628069,19,1.5623261778092079,True
0.95322470653699554,19,1.6691568604331137,True
0.70149824274880268,21,1.4918456899126937,True
0.80218386351489068,25,1.3970599806808517,True
0.50205658323110491,17,1.3754993149271266,False
0.57675476541215676,15,1.4053815296978012,True
0.72980696367815701,22,1.6058074099556212,True
0.95598754748371717,19,1.5564112183926417,True
0.76910311748604454,22,1.5845167544584797,True
0.95720439681477743,19,1.5903762783956479,True
0.85001198709828274,26,1.6300681252422218,True
0.96281018539277763,19,1.5879377774994892,True
0.9555629876902243,18,1.6608702203168855,True
0.95620152649668233,18,1.690769050079187,True
0.95586151646232154,18,1.5671705106405116,True
0.5426821570165824,17,1.4056856317947528,False
0.96533216681292722,18,1.6624525668836017,True
0.95268236309583221,20,1.470846683104825,True
0.53407574183673334,17,1.2443852758918843,False
0.6281004243727828,19,1.4984986851522928,True
0.76871195816916271,23,1.5321783745472526,True
0.5139716451914268,17,1.1082589897093369,False
0.95640284158760769,19,1.6120806962797953,True
0.56555204013749649,18,1.4850139487469203,False
0.96339420377072738,18,1.6684038684939853,True
0.92944333825794134,30,1.5160162037091143,True
0.64493884884826214,20,1.4541740933830918,True
0.9530835987071552,19,1.43646410626285,True
0.95008515800444593,26,1.5873393087725667,True
0.86125303955251531,28,1.5748183595935268,True
