0.48730036226072931,15,1.5628096361298778,True
0.47712508866381975,14,1.381717083795722,True
0.49806904811999475,15,1.3898606082678981,False
0.50886361217276732,17,1.5032933894346792,True
0.48749297730919028,15,1.5870519260379436,True
0.57122098672795518,25,1.3137370310383716,False
0.47509271680860798,15,1.5722650102206464,True
0.5514222732646179,25,1.5514321520070411,True
0.46924092766010467,18,1.3793591462310788,False
0.43297918231398203,14,1.3559480763397063,True
0.51100122024174843,16,1.5620840262587368,True
0.44047439484848844,15,1.4241618340451054,False
0.44660496515444015,8,1.5980162375086135,True
0.54416952839094479,18,1.5474214418122301,True
0.44868549509440125,15,1.376873849951687,True
0.5149821051406015,15,1.6835276467005109,True
0.56211940049519615,19,1.626179297414724,True
0.52179070367020564,19,1.6215651302445053,True
0.54066518814159659,16,1.6148334404953151,True
0.44296803624850845,12,1.5828367067681524,True
0.50120546634809149,17,1.4744326811794037,True
0.50858886468954678,14,1.607443729474457,True
0.54215729306943039,13,1.4583226071163302,True
0.47024986936167901,15,1.5269209735810707,True
0.47491408614934111,13,1.5283197214296058,True
0.48103053036415205,11,1.6655303417215275,True
0.49704565981245957,14,1.512875003571136,True
0.51709787183570766,13,1.5482745765865105,True
0.48683381944835996,15,1.445150203951084,True
0.5074689557648927,15,1.4111326992301454,True
0.45507950785217305,11,1.5519167954911934,True
0.48616705554682099,25,1.1587554870615291,False
0.51657120675030133,23,1.2838186933687341,False
0.47517842626554796,13,1.6386423116550832,True
0.48788138419667215,17,1.5367928353335332,True
0.52200037684649747,18,1.578783474658525,True
0.50587396863632339,20,1.6171185849689114,True
0.45661268083234874,15,1.565279651712937,True
0.48281826628965829,15,1.5869232644635711,False
0.50793721980829998,18,1.5964189946819396,True
0.47327557514350854,12,1.6154096041859656,True
0.52740531976981009,25,1.3664388749000442,True
0.51933023856799643,20,1.516252856724664,True
0.44978714261603475,17,1.2386536882889383,False
0.49364091616734951,13,1.689864299578008,True
0.51694431713669553,14,1.5393698174266341,True
0.53848500852434078,20,1.6886239409109929,True
0.44137287174895196,14,1.4828767549449657,True
0.51763769526336723,17,1.2808161525581456,False
0.48287879911554793,14,1.6302524472476831,True
0.51322477112267528,17,1.4093547220480844,True
0.45114920693166655,11,1.6586489430959441,True
0.45408092879802825,15,1.592746157965941,True
0.44056118825434665,15,1.3240245913201067,False
0.4851160750666747,14,1.4702675482373764,True
0.50582094741675077,11,1.7054474880181687,True
0.52958139884747857,18,1.5891467505643737,True
0.5092785470361314,19,1.54117439504236,True
0.57694368603535351,21,1.5726009285705695,True
0.48216338863726022,13,1.5475238944950742,True
0.47920237178934044,17,1.5356064481167986,True
0.49438878424364235,16,1.661309096408317,True
0.48286442368372895,11,1.6558237197435286,True
0.48715271286583534,14,1.6618147949875905,True
0.47658421725442068,11,1.6767351263017067,True
0.54284193202738318,19,1.4875544641147527,True
0.45306047579401004,10,1.5749299957327012,True
0.54651917428318608,16,1.4692932199845186,True
0.43839620987349398,12,1.4061508842201789,False
0.54126443199376206,23,1.572812353703356,True
0.48367183420003546,23,1.4754672306409082,True
0.4472734612141378,16,1.4583085827280873,True
0.52155195083238781,20,1.4612014839579825,True
0.49815950180817314,13,1.6721192971551704,True
0.50730263413062837,19,1.6598142511938223,True
0.50315704055139265,16,1.5995068493300728,True
0.54241683013315278,22,1.3711665403806435,True
0.51083771181150417,14,1.48923331169478,True
0.52306615446016602,24,1.4613164941119461,False
0.47981672227064531,14,1.3727584719291175,False
0.56171275111703667,17,1.6424893708331452,True
0.50789930472775258,10,1.6152068379774334,True
0.48392333559617734,15,1.543054152637555,True
0.52155885264765467,23,1.4254044084906459,True
0.5534744387577899,18,1.3641918150163188,False
0.48153718168200238,15,1.5578920892765808,True
0.5220485846009072,18,1.5753819416891026,True
0.51870231411310874,14,1.5118592017033443,True
0.51327625151333045,17,1.6117691073507538,True
0.4916042084375431,13,1.659560158937303,True
0.55335899065097338,20,1.3766340131183719,True
0.51566766992307589,19,1.5039014274758258,False
0.51061305407613711,11,1.5618425807951366,True
0.47782982322046014,14,1.6289119259998774,True
0.45587604370513507,12,1.5596210389385823,True
0.50921526948281426,14,1.6619873745039078,True
0.45079455651573325,14,1.5819275711285519,True
0.48550873103083486,20,1.4413751477302967,True
0.51575400221251388,18,1.5895478499787625,True
0.55386750346185043,18,1.6589289629345618,True
0.49723238067825459,15,1.6612427327011261,True
0.45365689849202451,10,1.5571298473800979,True
0.49055209730200267,16,1.5961850774082291,True
0.51488530743474981,17,1.4691253358474106,True
0.53287484915365635,17,1.5889734108028268,True
0.4789623143801377,16,1.5565997416800788,True
0.49279238442806367,13,1.6441390444018515,True
0.53471553151824203,19,1.6726208649105092,True
0.50985749114598922,16,1.598953453631863,True
0.48410633399961578,12,1.4788293068106475,False
0.41533801640815127,11,1.4595622587707926,False
0.52567392905588273,24,1.4035880607027347,False
0.54123638978693522,19,1.5158286501966773,False
0.48173189068757749,17,1.477036742323556,True
0.48813963202764665,13,1.5495981417535916,True
0.47633588928845078,8,1.555891146596631,True
0.57193288104156548,22,1.4973765559689884,True
0.54195133894630321,19,0.99706172775991619,False
0.46679015304724425,8,1.6364775870681774,True
0.44281174075765894,8,1.6396366697461409,True
0.49246382539820899,13,1.6066333680750045,True
0.46779099360936255,14,1.5708144840504579,True
0.41781961652791977,12,1.4358599722977816,True
0.46339748804031383,14,1.6138313154374802,True
0.49925699162954823,15,1.4371286442906792,True
0.45904159605286865,12,1.4538738780918963,False
0.53535448790809559,19,1.5215441390226365,False
0.51694160463559602,17,1.6478663246580216,True
0.48449756423673884,21,1.3235185941337066,False
0.48673643526384153,14,1.6471938019196453,True
0.52444987161501344,19,1.4276024081729892,False
0.48748541598259859,13,1.6851421147995453,True
0.5165456431249581,16,1.6592106204930093,True
0.48981371062346668,16,1.5184861214803997,True
0.48770851768833395,13,1.6561523687215469,True
0.47327029802194842,16,1.549645806900467,True
0.49410427973415211,12,1.6683320428417958,True
0.47651483933114169,11,1.6599877461362893,True
0.45710651469980634,16,1.5191553558621773,True
0.44411481392944285,16,1.363454768299925,True
0.48168985750735915,18,1.5682901839117878,True
0.4809114456785083,11,1.653199300056527,True
0.47818494162217112,10,1.662347913912765,True
0.50771799076317703,15,1.6370231334219218,True
0.43241508981961402,16,1.3936931742241236,False
0.552835198782199,12,1.5339604620525933,True
0.52219577503989378,15,1.5913131743601816,True
0.52851663816014394,21,1.289639235338556,False
0.55044667829805605,18,1.6820446937200106,True
0.50132941389335317,16,1.6165954495542858,True
0.46148379959988733,14,1.5596956127141748,True
0.45815492478349684,16,1.5464522939398633,True
0.54896411507314491,14,1.449686509772689,True
0.5059963733556212,21,1.3999171991716841,True
0.49451814986643844,16,1.5459903504147487,True
0.46344479913476866,17,1.3096974784302255,False
0.50389368111822053,19,1.3645264833732955,False
0.5198339110961786,19,1.3346635634838231,True
0.4330127626083235,12,1.5187138701173239,True
0.53947303896874832,30,1.4811828443265569,True
0.45332405441072643,12,1.5887204368181671,True
0.45182776217057896,19,1.342164835441616,False
0.49251466912306979,21,1.5810190420983914,True
0.537885334064511,17,1.5630182957499765,True
0.50916796456370728,27,1.6249383082705211,True
0.52352779776994673,19,1.5867725122379799,True
0.54504857114817251,23,1.4613171791072441,True
0.47728549990867664,10,1.6940854985621949,True
0.46126974220485867,15,1.4573996855154803,True
0.48635047042554053,17,1.6360597447371883,True
0.48126897553019926,12,1.5421054429583294,False
0.50014665405951608,17,1.561800582260001,True
0.47544753986122124,14,1.5235848255784974,True
0.54501740362308004,18,1.662085450685183,True
0.47858894221968734,22,1.387239075141157,True
0.46826036046392056,12,1.6058327009720119,True
0.42071678114599348,15,1.4194805825964492,False
0.51978019225678918,16,1.6298023740252523,True
0.4839182237453718,11,1.6130699571998983,True
0.49359740792909257,19,1.5302588995473514,False
0.51358646342751113,18,1.5688468701827059,True
0.51340609848828811,12,1.5491622167661847,True
0.51698764585089196,15,1.3935281676853812,True
0.48896907327272543,16,1.5724009936020831,True
0.51841735810019562,16,1.3221703560518927,False
0.49692817293826647,15,1.6101618770360764,True
0.46035809923440457,18,1.2667505101338885,False
0.44200232449339116,14,1.504685356389817,False
0.49775757993064962,15,1.6803686492637171,True
0.46397576277999908,14,1.3377629721861588,False
0.48860839775508574,17,1.2833082973561396,False
0.40583075660158857,12,1.3191050685814278,True
0.43718699161656654,9,1.5328185514958257,True
0.4984907064402529,15,1.6217881041129845,True
0.49509531038606058,19,1.4740495716057229,True
0.49645700451661273,13,1.5302316264016322,True
0.50980797118735666,12,1.6382866549990729,True
0.49798171629786586,17,1.3999318397996834,False
0.46260918485325808,11,1.6345644903451817,True
0.47633933244781024,18,1.5827830167698627,True
