0.48395942144875609,15,1.5530930384818198,False
0.55239080870925894,19,1.5740577358131094,True
0.56242406184472904,17,1.3744492412864182,True
0.52801416741760598,19,1.5950999323415673,True
0.47234580831619272,17,1.3565307012891765,False
0.54741824734164368,15,1.6549169116590239,True
0.58275155655585498,17,1.6801760095849547,True
0.5978186330528108,17,1.3424399089008296,False
0.56306959556435787,15,1.6849345357581229,True
0.50500314529705259,19,1.4680743932798517,False
0.5512687362623292,15,1.505670376445063,True
0.53624649846559702,19,1.2931543878431173,True
0.59018259839116394,18,1.4356448169090763,True
0.5057739747445954,15,1.5768945074390464,True
0.52347874921941406,15,1.5874617208461037,True
0.69390461657003177,22,1.424847596593223,True
0.56244402388401471,18,1.5433216096258635,True
0.67342770726999279,22,1.650948728995747,True
0.50874125377394075,20,1.2822519218443431,False
0.55857693699812494,18,1.5456417444629718,True
0.56548563512966865,17,1.6694972112134432,True
0.53239774355145142,15,1.5222592348827233,True
0.56017816927393649,17,1.4967433893855628,False
0.55443247552919295,17,1.5112980970154097,True
0.5845549321318676,20,1.5976272521335384,True
0.6373009396705499,22,1.6534464508588478,True
0.53870218860952057,15,1.4018719451753237,True
0.58024819680691508,21,1.6456683582885243,True
0.54461527899053641,18,1.2119103799304827,False
0.52634209408339161,17,1.4830255439602307,True
0.5465657267486268,20,1.373784492006431,False
0.60881429122681441,19,1.4753023558531466,False
0.48312219871341178,15,1.3986763872440824,False
0.59712707907728724,19,1.4668199576437622,True
0.53343905288142313,16,1.6491734499361606,True
0.5753078429042574,17,1.6884484973052503,True
0.52969242779975689,15,1.5155256909612687,True
0.54683625371072986,18,1.3767966348218779,True
0.55019157609253155,19,1.4760840862265472,True
0.4645879737053471,16,1.2628981954219625,True
0.5568739303499568,16,1.6848058178793666,True
0.56812979451422296,15,1.5719728018842118,True
0.57402605704569509,17,1.6294410514901594,True
0.64514823096921425,21,1.6885898753128055,True
0.60043474822100462,18,1.5378753264715868,True
0.64897373286243876,19,1.7043633537596912,True
0.49460670512957222,15,1.5048793076681439,False
0.60471508772475602,21,1.4701853886055827,True
0.58982304126347118,18,1.5306083632740528,True
0.75667049900512362,23,1.6838159036212808,True
0.67664717054188472,20,1.464504838288327,True
0.55329014591171399,16,1.5984170668826818,True
0.47980216142964427,16,1.4176001387783848,False
0.51547812912692592,16,1.5273510226040867,True
0.5329926196472452,16,1.5255770874780856,True
0.55511229806558526,18,1.5858790462320738,True
0.5074101832645812,16,1.4842546445363152,True
0.65133899912259308,20,1.5768899132400702,True
0.53612355279137081,17,1.5796697439479948,True
0.55689148117015552,17,1.2212996219918597,False
0.62246924702921835,18,1.4773435753944106,True
0.61885133126299985,22,1.6516326803721628,True
0.55538215738891783,17,1.6645548410100215,True
0.53237836725536736,18,1.2838972690734423,True
0.49929225369258579,17,1.2237840539715572,True
0.56391177559013672,19,1.3299548953233669,False
0.53653672280045661,16,1.5590491588851532,True
0.70430198820284939,23,1.6396148427148491,True
0.55332593634104132,15,1.5865835501041021,True
0.48454306433602695,16,1.3807813804323472,False
0.51255678331528853,16,1.4836972116653337,False
0.48125082084678128,17,1.4468766405769968,False
0.60016075800384572,18,1.4924764695547914,True
0.5571610622891584,17,1.5976711639893375,True
0.7297967267953035,25,1.6488894745821177,True
0.56598340986298401,17,1.5943015348234304,True
0.57444043957821089,17,1.517067574720131,False
0.53442765875262721,16,1.4927941542472218,True
0.54805795063010287,16,1.574110735765303,True
0.58518531313562294,18,1.5997178312580054,True
0.55836102387030295,17,1.5336472955999874,True
0.67939931277690979,22,1.6748960241657858,True
0.62744355471116842,20,1.5026419904306429,True
0.62772239741357605,18,1.5012454060702716,True
0.54084113754934515,17,1.6713680825514539,True
0.53501647008507636,17,1.5831930338915789,True
0.55786556316397318,17,1.4397284190316808,True
0.52210345062494679,19,1.4513483978331474,False
0.54566721925459616,19,1.4023542544024803,True
0.53806358035185253,18,1.5003917366481898,False
0.61607819418184606,19,1.6546542526049315,True
0.53189912620886082,16,1.5245902853856244,True
0.50979013257429673,15,1.5643411315051821,True
0.57723075979276206,17,1.6002064035322665,True
0.55156092736424722,19,1.6030583011728043,True
0.56951342728495524,17,1.5537968048363471,True
0.6118127877995797,22,1.6496813130973151,True
0.55817832435944947,16,1.4494846958888925,True
0.62921935474732593,20,1.6689468343475371,True
0.52494498717183491,17,1.5401289578181891,True
0.53455330887343377,15,1.4480279450681284,True
0.59190269872069434,19,1.6251310271519708,True
0.54058608431935384,18,1.525729342806623,True
0.53417987304215309,16,1.6158526359438719,True
0.60083042730023706,18,1.6826389504894024,True
0.6606133519960683,20,1.6489341002300759,True
0.52648807748790294,16,1.610803896697981,True
0.59673387575960746,18,1.4973358980326661,True
0.57026314632373831,17,1.6154226808557448,True
0.58743969272089036,19,1.6204640696082016,True
0.6078444977211821,17,1.6807914342612746,True
0.513042549949284,18,1.4067480939286114,False
0.5986297491333471,19,1.5234853392945893,True
0.50110444706687007,16,1.5184417799429506,True
0.74878006395032126,23,1.6906406444670208,True
0.47868888891536238,17,1.2856594457142796,False
0.54991403499168601,18,1.5476977375687577,True
0.58578889407052659,21,1.4197502290537305,True
0.55263732496496121,15,1.6916142181909648,True
0.53929105966973656,17,1.5777833870231963,True
0.48475464829289866,15,1.4535785870869613,True
0.51922819494806238,17,1.4998891654939757,True
0.5290386789396897,16,1.689378605576948,True
0.54311018982909898,19,1.5323589825270363,False
0.55699390843687779,17,1.4969373075530736,True
0.5561386417222437,17,1.6672608165524387,True
0.56074498109054904,16,1.6362222081662461,True
0.49192042185800972,16,1.446152059009612,True
0.55829148293567255,15,1.6549368579055361,True
0.587480795760285,18,1.4920770467396449,False
0.71665879286736234,22,1.5480507226372671,True
0.52770513929554907,15,1.6593222619259156,True
0.59642510418999806,20,1.6214356460743109,True
0.61543636181388561,17,1.5249722732750017,True
0.58564619249428351,17,1.5692193293732004,True
0.54448570190147771,16,1.4982185015410123,True
0.57237073405382866,17,1.6590327734716959,True
0.58302916674065164,18,1.1842025520787927,False
0.65286865964493757,21,1.5204395751275162,True
0.52152068195030754,17,1.4784337204347884,True
0.57047035928445011,22,1.5646385742458506,True
0.49623032416595958,16,1.3090731960834949,False
0.54935756014097692,16,1.6818333119617499,True
0.55429447799328413,18,1.5484627900061372,True
0.52762305332306791,16,1.6155341490228496,True
0.55751982258222987,16,1.6283090500486044,True
0.53601979189327265,17,1.5321071154463568,True
0.64162864635951899,22,1.6858853134987106,True
0.5802440906011872,18,1.3336526534294109,False
0.53582804071169998,15,1.6433846983948248,True
0.52430680120473572,17,1.4275170893350682,False
0.60331034944498874,17,1.5224573417287441,True
0.57347682528581168,17,1.6371390752848221,True
0.54598819934253473,15,1.6633779657400463,True
0.50776497163211509,16,1.4906050886258182,True
0.60334748700083163,20,1.6520584379724523,True
0.56799482232166476,17,1.5825028579879883,False
0.75033029713593424,24,1.5532121621848012,True
0.52856865886687854,16,1.4676344304329105,True
0.5490373856522609,17,1.4604236120615093,True
0.53926300080449474,18,1.2800589336076071,False
0.54865094831063732,17,1.6138847672455383,True
0.55616717380607861,19,1.3599024865082776,False
0.52508017004767205,17,1.5023617398457352,True
0.52460591024020342,16,1.4620330198241986,True
0.60753567641318229,17,1.6483175211711354,True
0.55764416066209266,17,1.6405384181331861,True
0.55490866791742843,17,1.5678918139626252,True
0.52307005684591179,16,1.562368540587175,True
0.64937920924437087,19,1.477247288244468,True
0.57864744580364968,19,1.5145061275334384,True
0.52102257140484332,19,1.4304446248993723,False
0.5685490228821769,17,1.6326516866559475,True
0.53675828848603591,16,1.4737147956577938,True
0.62880328980169431,20,1.5334901747390801,True
0.54431651439631468,16,1.6110543084229925,True
0.55109178292060046,17,1.3420326799771016,False
0.5566307257732136,18,1.4446831084901226,True
0.70261427891868178,21,1.6710523029388393,True
0.60684379924936116,18,1.6399600820562414,True
0.63684986088853057,21,1.6386907746360637,True
0.566724147903644,18,1.4954414836974148,True
0.55500450888144415,18,1.3873035624114107,True
0.56788664113330889,17,1.4684495060756693,True
0.5422879208080329,17,1.4820437319484476,True
0.6191718595592004,19,1.4292187992285006,True
0.53484369797153575,18,1.4934969681019958,True
0.47662117025502798,17,1.4903016143205001,False
0.51207140150423347,16,1.6125406961882687,True
0.47823596837353588,15,1.4702122338073498,False
0.53587958584380324,17,1.4664207483400127,True
0.57986459703195514,18,1.5624631257862467,False
0.67692619133108312,22,1.4833009437814655,True
0.49204115830302575,16,1.3955768101964106,False
0.56835962792043127,16,1.668310524599995,True
0.55994144994033912,19,1.5246115614385751,False
0.46826897758919017,15,1.4124367486723111,False
0.65119307971580198,22,1.6755269586644816,True
0.52694173677902523,16,1.5265333369231107,True
0.54805876140361098,15,1.6795716594467176,True
