0.58622825765221298,14,1.5232857896555367,True
0.60707082749284058,15,1.4905504121307243,False
0.96209949321940291,12,1.6464355818825447,True
0.57029657813592094,14,1.5688880548238384,False
0.95993356063638713,12,1.5548138580725281,True
0.63249364717281742,16,1.3874394752301518,True
0.52236224773884565,18,1.3925930092761536,False
0.66214887924878585,16,1.5164160278536245,True
0.95309700335794323,13,1.633490789328321,True
0.71630094784547038,16,1.507911171916787,True
0.77408121305360933,19,1.5996062865481835,True
0.52003192766341322,15,1.3484878935065518,False
0.95726379586893973,12,1.6227510376155772,True
0.55338836060273089,14,1.5709993697063722,True
0.62002412198404611,15,1.2000054225215189,False
0.86466486522003261,20,1.6801378215040441,True
0.60065085526797857,16,1.6740481873266668,True
0.60253138641833592,15,1.4668468513824136,True
0.59420646333850191,15,1.4821983501766185,False
0.96497581840710511,12,1.5053691795737076,True
0.53519931172312107,14,1.5664459585313568,True
0.53475449981631307,16,1.3171313234159499,False
0.608922498914376,15,1.3698717187682532,True
0.73774060298961486,18,1.6472081757328794,True
0.95128198764696237,17,1.6142849765818021,True
0.60460882258518422,15,1.5984157559064254,True
0.56576772352790861,14,1.5941900581594035,True
0.5550027795274951,14,1.3703374866121847,False
0.63541774723651379,16,1.4102743387177583,True
0.57915411938784878,15,1.5368972444274593,True
0.52594363975966962,15,1.5292404794415237,True
0.57182971086145018,15,1.3575184562790297,False
0.94679105123924845,22,1.6508637012398184,True
0.96169920681275445,12,1.591129485177877,True
0.50882505579469373,15,1.2273105596933935,False
0.84906568920963954,20,1.4848482673707815,True
0.66082613525031442,16,1.4534873341900842,True
0.66897687038523079,17,1.6530731010185122,True
0.96589074361261362,12,1.5930397892430586,True
0.69012303086244509,17,1.574193610160501,True
0.95340749633432342,11,1.6948725243973617,True
0.52084784168042142,15,1.2451315515818888,False
0.72800138575596218,17,1.5117989237749276,True
0.59136882908111299,16,1.5433531682298183,True
0.63215990687578483,16,1.594124261295597,True
0.65975131693430478,18,1.5301220636205564,True
0.96059859655459479,12,1.6595778478601797,True
0.66614149814745727,17,1.6693933013696969,True
0.48277543245731164,15,1.252327925079882,False
0.57756076811522883,15,1.4242943776489663,True
0.95612630907277807,12,1.6294872363964832,True
0.9606971316066627,13,1.6641789433325622,True
0.59940102921065153,15,1.5608880078870395,True
0.63144262647256255,16,1.4960941383552009,True
0.49676947231682855,13,1.4236985117341643,True
0.57683105125829315,14,1.4563343918981322,False
0.56303041319041769,13,1.2836341964551021,False
0.5448840459106804,15,1.5001442302332779,True
0.96693541589460252,12,1.5952863528268222,True
0.96517299973338933,12,1.6793624623455385,True
0.6118758234905749,14,1.5347585151971082,False
0.958157745210103,12,1.6337436398771501,True
0.96852687217220801,12,1.6750170894972829,True
0.5562744852170981,15,1.2713367465750154,False
0.7454146408801261,17,1.6590636434675459,True
0.61414945891725692,16,1.5592814999886535,True
0.65681785778283075,17,1.391461032301988,True
0.73633160589036994,18,1.6270389612728235,True
0.53354302493439187,15,1.4709356082706266,True
0.55323387127428991,14,1.5787399777660895,True
0.95039801877961849,12,1.6047864127741349,True
0.5363788080275933,15,1.2437713376431141,False
0.57930400609001176,15,1.2878475772239955,False
0.95837292819944242,13,1.571059695910578,True
0.69650093771602306,17,1.4939216274139893,True
0.95018448552324486,12,1.4784747165259158,True
0.65056655045287359,15,1.211302903993311,False
0.53178813282639892,14,1.2120634785609306,False
0.56514066437718591,14,1.4652151797668578,True
0.57720814702171985,15,1.3971387198675664,True
0.77443457184711928,19,1.4967682606592696,True
0.50133883158009251,14,1.3911650520065786,False
0.69069607487688922,18,1.5882201324089793,True
0.953368875124462,13,1.5287137321470652,True
0.50156573094244894,14,1.110026613358406,False
0.96027010486538134,12,1.6041389909944175,True
0.57604067166455641,14,1.6117508669025515,True
0.53881536303052435,15,1.4283164789515888,False
0.95456548741757929,11,1.5954726470128722,True
0.58526627609097137,15,1.4140974748084918,True
0.67834489583807234,17,1.5939190888145396,True
0.95255081145668785,11,1.6221750751352424,True
0.62995943686779221,15,1.6343442298062496,True
0.73178525379300896,18,1.6338648810250409,True
0.72480330762609624,18,1.6292116842234063,True
0.56840273692274079,13,1.6462020380705964,True
0.68368514539090719,17,1.568902683733145,True
0.58064846770625056,15,1.5726490247615286,True
0.66868182809923293,16,1.6056873667161007,True
0.96745443317941249,12,1.6700424096873172,True
0.60756791041723046,15,1.4166400242795425,True
0.96364836080587368,13,1.5912173336902973,True
0.8589684476987689,20,1.5607368876566821,True
0.66446981052828102,16,1.4438990176720155,True
0.56246887475833995,13,1.1368535090747067,False
0.95784930418685366,12,1.5750977623595548,True
0.51795071602082554,14,1.5677844805295895,True
0.69277549597934029,17,1.5840948624384057,True
0.59947716255356176,14,1.4313850165196962,False
0.58858142703598104,14,1.5672371121959179,True
0.75461054008287776,16,1.549078885785407,True
0.96117754139833189,11,1.5542683549782226,True
0.60420240729433294,15,1.5254120727050702,True
0.62916036322150126,16,1.5918278778706736,True
0.59734964326077944,15,1.6250696357958578,True
0.52640501070571633,14,1.1973540783037384,False
0.67791386845557444,17,1.4857886143827714,True
0.63469897663762875,16,1.5334266406607266,True
0.58645818308204123,15,1.4966325654252257,False
0.53862880387435008,15,1.3641003738925408,True
0.53157382527160946,14,1.3763313832254918,True
0.86553713611745797,21,1.6334286076111466,True
0.63018930632088332,15,1.5452548608417196,True
0.47748991759035486,15,1.2422468962638435,False
0.54455151530737045,14,1.5294074945548397,False
0.95480367034091851,11,1.6648425957589734,True
0.96178420143013221,13,1.6587865920891423,True
0.57137598952266788,15,1.315337819931919,False
0.59741200640572789,15,1.5118401165571644,True
0.52802084730547583,14,1.2102385231986856,False
0.90126690670615883,21,1.6177958123684406,True
0.784337517890486,18,1.5667316038537937,True
0.54058557613628688,15,1.3211964521976578,False
0.65039893080359124,15,1.6567646512765943,True
0.82254158039196867,19,1.6180636986982755,True
0.59588237761296714,15,1.6504088388437648,True
0.95480510573338961,11,1.5982306976800253,True
0.95718349300092487,12,1.5266967830008202,True
0.95214401488187239,11,1.6268449876047459,True
0.83555001906005288,19,1.5067277540366377,True
0.67243234947308661,16,1.6061268367452692,True
0.95499847242613689,12,1.6787076139249282,True
0.52164887841859231,15,1.6891661474455093,True
0.65131435939152948,15,1.3738704424803687,True
0.95253858560810656,16,1.6641476418084582,True
0.59640467938228636,15,1.3767045453355229,False
0.69944464027452069,16,1.4112748665971788,True
0.61070121004619304,15,1.4807304184142278,True
0.60842054667812184,15,1.5864841952255151,True
0.87400522351795262,21,1.3853198215557365,True
0.56681606292248321,14,1.5674398271944558,True
0.78424131329912083,19,1.6743835516380818,True
0.52009967466646945,14,1.4940627675906748,True
0.96642016680093346,13,1.6436601823116264,True
0.63590279399575067,15,1.6312826450272315,True
0.95195593559429159,14,1.3878180567570462,True
0.54500317908364937,15,1.433223428420052,True
0.56822574366249989,13,1.554332709103897,True
0.50848075389858416,14,1.4482422690307235,False
0.75431680115790845,17,1.4063410590667116,True
0.75029921726292603,17,1.5647764568149436,True
0.57087944845753968,15,1.4880598907738323,True
0.82628840561034678,18,1.6814097572433298,True
0.6114417191279502,14,1.5933975864613177,False
0.75519898395476159,18,1.6787782194035932,True
0.64505466542456713,16,1.4802381598535952,True
0.59213807668441365,14,1.3500349269098146,False
0.81852709344620589,20,1.4516077543000638,True
0.95648888903596507,13,1.5831210049522275,True
0.58093619938288676,16,1.5349019095579119,True
0.87467771150370788,21,1.6774327821984558,True
0.64217468408011047,17,1.6432788860647527,True
0.71728198384975006,17,1.5889121258153729,True
0.54400927247354269,13,1.5164030519423457,True
0.65721368901460087,16,1.6354406664829391,True
0.61194235301908662,16,1.5722051607948715,True
0.602139107532777,18,1.573468466784085,True
0.64915964022975658,15,1.5371467440208237,True
0.56102754856065928,14,1.4475694009474731,False
0.64145024365010328,16,1.5437314940214719,True
0.63790764096502561,15,1.6391617929278628,True
0.72546147734952249,19,1.4284231030496328,True
0.62146871428702888,16,1.4651626036866714,True
0.59034267414541763,14,1.5032555552221356,True
0.95779894446851199,11,1.6499340920351497,True
0.96283195401857058,12,1.5659635687657094,True
0.59140278678442426,15,1.4224367381757907,True
0.65471293809266162,16,1.5802773193924193,True
0.88328893265555519,21,1.528029114856589,True
0.51053562768353888,15,1.501962437657149,True
0.86587264218013982,20,1.6632835654993983,True
0.83161563781152092,19,1.6700265529327267,True
0.69372040044660699,16,1.6458800179385504,True
0.81510830466559536,20,1.3422363033806166,True
0.7416646940214241,17,1.4883149128340973,True
0.97171095604793756,12,1.6936821693326938,True
0.54427628774293213,14,1.456185045046881,True
0.62873828650610364,16,1.5739687857209348,True
0.57086138501547157,15,1.4886498373370036,True
0.66525611363162462,17,1.5589108013346851,True
