0.53193197246313828,16,1.4860373048822686,True
0.52101876564517624,18,1.6906449383412883,True
0.46015812014558072,11,1.6341082158003748,True
0.50834585177492098,17,1.5773350971341191,True
0.57670724556249331,26,1.5993594916382248,True
0.52474249259980754,16,1.6167533176040139,True
0.42732704980451786,16,1.2697142192568092,False
0.54754143439410585,16,1.4345968335191521,True
0.48476946939348031,14,1.4972574864888142,True
0.55276566792307857,26,1.6437165576560431,True
0.52785241886864542,19,1.551349214358112,True
0.45593791100249242,16,1.5634900173001389,True
0.49187382801174795,10,1.6199040302002452,True
0.5357266012717683,23,1.4967117211602645,False
0.45240329227973941,14,1.2674674818863441,False
0.47352088956345317,20,1.6209911574738676,True
0.42411109972544347,9,1.4633871177378883,True
0.48687886408182729,20,1.5394334940564736,True
0.41820775057343901,10,1.3652822282764741,False
0.54007002001461535,19,1.6893794835996832,True
0.50826298101244283,19,1.5301050868021018,True
0.47224828789652867,13,1.6292886426278779,True
0.52901624017352689,13,1.270072414371167,True
0.47508097360483137,10,1.6495494327417519,True
0.46358211441448549,13,1.5262277118226797,True
0.52582462048383372,25,1.5197484915022159,True
0.53085549352573724,21,1.5171534977975065,True
0.52173465240235473,23,1.4291320430893324,True
0.50646489979566645,21,1.6253358524381798,True
0.49018164770205941,19,1.367114056649521,True
0.4659413714560372,10,1.6762314603322506,True
0.4704302465750016,15,1.458568643565251,True
0.518244347986489,20,1.5561138377184831,False
0.50189538916455501,16,1.6438430724403603,True
0.46582947025962212,14,1.4856622846585585,True
0.46970115540394963,16,1.4175539810046884,True
0.51079778026036493,18,1.4780397477345393,True
0.50176806426290255,13,1.5510957170333688,True
0.51105867393380255,21,1.5870067154909899,True
0.46646376454452543,17,1.5150579384938825,True
0.46143662584669781,16,1.4273506906335904,True
0.45734079414955903,12,1.5679902436149715,True
0.50579522597631921,23,1.5187975314342663,False
0.50381129707017835,16,1.6864670872028003,True
0.58452048405467438,30,1.2474149057738915,False
0.512445446100118,17,1.6101626860836395,True
0.49178612457547749,13,1.5130029334648911,True
0.59441863411180007,33,1.522000494861496,True
0.48775970699099547,10,1.6915757318544737,True
0.60743091446366182,35,1.5709429396702868,True
0.49208261277320436,15,1.6475715170922842,True
0.46161320256469279,12,1.5513598042997438,True
0.48908445780480797,14,1.5057838414882538,False
0.46307149420105065,15,1.5012214670267856,True
0.45738120700675888,13,1.4726658034525431,True
0.54541924052453894,26,1.4906469557872553,True
0.51457673298737894,17,1.6952065137270034,True
0.43791803857312511,15,1.4923135977967288,True
0.4519632613409183,12,1.5616206254834051,True
0.47759627264993376,14,1.61692492443816,True
0.46076119909359953,15,1.2654058131014656,False
0.4864777942149428,14,1.6075279114489929,True
0.48477485694164296,17,1.4436934756502966,True
0.44689856429256419,11,1.5254164682609781,True
0.52053415683526572,24,1.364438353738662,True
0.57813211132076725,23,1.3960206016815917,True
0.4429112111607415,15,1.4335402910530777,False
0.43301657307153013,11,1.5105887466462695,True
0.49142000199138852,20,1.597397699664153,True
0.510357922402216,13,1.4731721077476518,True
0.48633402115790925,18,1.5449578606327148,True
0.51005701146356797,14,1.4833977117159616,True
0.52880497450643882,19,1.6142879539733945,True
0.46157509247658329,9,1.6287944830828454,True
0.44976259847048422,9,1.5712603001884831,False
0.45579114572365342,14,1.4747345310518543,False
0.4549400028157114,14,1.5490381704706468,True
0.45925262835040787,17,1.3637374221181688,False
0.47113441362437025,14,1.6744816762803054,True
0.52405104712389272,20,1.5370083891540862,True
0.52454650766719624,26,1.5716759279732981,True
0.46742216408258536,12,1.5566563963156774,True
0.54683291614815699,28,1.2702224353292653,True
0.49549670647452826,18,1.641099122682387,True
0.52102210570910767,17,1.5696761256058627,True
0.47399455167349064,13,1.6368586339654601,True
0.55556874776907861,25,1.170835141950016,False
0.46271350543901396,14,1.4780760627934941,False
0.52517829167195973,24,1.5172213593452912,True
0.47883438043308457,9,1.6271278873507085,True
0.45982608410598813,14,1.572433253667777,True
0.45111022552526497,19,1.302913783027408,True
0.45838916573446459,16,1.3260718951023673,False
0.45596861552136791,16,1.5282315263767106,True
0.47190923136140761,16,1.5083688900245218,False
0.49152175521570579,22,1.5605042631701871,True
0.47165073203243418,11,1.6556293493769694,True
0.50999747787041827,13,1.4441734689966406,True
0.4367572878757699,10,1.6162233342935326,True
0.53003210924137023,19,1.5538610828692632,False
0.46163566374753201,19,1.3837043772123228,False
0.44391743718659171,13,1.5740580371071817,True
0.4735895958894904,16,1.5330078174637651,False
0.48050089444182287,12,1.6618589548299276,True
0.47929938065519012,15,1.5466453930970525,True
0.49961160099060531,18,1.4017360476300382,False
0.53098977733786235,22,1.6462647834183295,True
0.42417298996327674,13,1.2932732501723225,True
0.49114709666449435,13,1.650194650473138,True
0.84977463662671926,68,1.2104619957021334,True
0.52948680543452598,21,1.4884303815184505,True
0.4502424798133533,11,1.6572170373893111,True
0.48367853266857685,11,1.5029135647543395,True
0.5142057491300922,24,1.3678376277268178,True
0.52914471095438687,23,1.5719357808908603,True
0.46998896724419048,13,1.5846818965125111,True
0.48046972672414445,11,1.6359479071501426,True
0.51802288455482148,21,1.5938505680519528,True
0.53326578273649738,26,1.5275335733026445,True
0.49882254897593359,19,1.5214998832756834,True
0.53872968701175517,22,1.4914903640918784,True
0.47977711495832404,19,1.5245080408794052,True
0.41507962292601341,15,1.1648980913784412,False
0.53682945782204106,23,1.4892607138072311,True
0.50910698405894728,18,1.4257222367200475,True
0.4212499122235317,15,1.3191275928989812,False
0.53615388116177476,15,1.615754163342078,True
0.49923799183063616,19,1.5425574000246396,True
0.52270190805722394,25,1.6464371808488993,True
0.5053048339795374,24,1.4151751834791226,False
0.53554693460704583,22,1.5708607521752402,True
0.55001036475426168,22,1.4361272140094816,True
0.48190698177391861,20,1.5792674464484266,True
0.49161326925619581,17,1.4250016134707513,False
0.48572323033229298,13,1.6729201139507111,True
0.52500626339589007,25,1.512606673538172,True
0.50974474606643216,20,1.648526078354184,True
0.45614158503978541,11,1.5868099513927354,True
0.50681975994899686,18,1.2901503528993303,False
0.513169708328996,22,1.4658205499625745,True
0.48181147649047551,16,1.633555175905691,True
0.51646171182290146,19,1.467902816013261,True
0.48212297545440591,22,1.4092009814137703,False
0.45469061849130743,18,1.4322296049061347,True
0.4446323239383459,13,1.4250378344646462,True
0.57517469914684338,30,1.4340184073884656,True
0.46636095221652246,12,1.6333402394969043,True
0.50780478734064527,17,1.4954628209502159,True
0.46217857769147086,14,1.6118054035542975,True
0.47659983373254439,21,1.4898744519231271,True
0.43307360069308382,10,1.3806569982361925,True
0.61506622945857581,27,1.1111293554398265,False
0.47315220593118135,22,1.4551970031194621,False
0.56187050581951692,22,1.3907973548761108,True
0.49851247496882795,17,1.5928316932063113,True
0.45122272718749551,19,1.4045812847245835,False
0.44196293251108942,9,1.4881192064980979,False
0.48964518136466462,14,1.5881249575508012,True
0.47557509613581295,17,1.4619355758873831,True
0.54312686948655153,21,1.3510506631830297,True
0.55743473452188097,29,1.4752665453971843,True
0.50170414911051064,14,1.4813840108760277,True
0.56089237008468662,23,1.5855830692719179,True
0.48472839697383113,16,1.526599998836301,True
0.50877075313942255,14,1.6233105567585357,True
0.55978783586072722,20,1.5445540150170318,True
0.4935728350880586,8,1.6837660034535935,True
0.49100097588500913,19,1.3270818989190243,True
0.47401356830546443,12,1.6259277625379585,True
0.51144320429800483,17,1.5628966308697061,True
0.51308110777377824,20,1.4392773027302983,False
0.43912030091803489,14,1.4881177406103145,True
0.4710973205325622,15,1.62869918694224,True
0.53535353070918723,29,1.2072064422666036,False
0.48205874763112511,17,1.6150868096135655,True
0.51471194889874461,16,1.6713951116133645,True
0.56170760090608707,28,1.2743072214778273,False
0.43792288272255642,14,1.5300465798554865,True
0.46046031557080375,11,1.6747352466742984,True
0.56360556839820974,27,1.4411662228345796,True
0.49494200221352147,18,1.390107428831457,False
0.52685951380953866,17,1.6679457959319299,True
0.51022194304087531,16,1.6588476868950237,True
0.51306667711070586,16,1.5648153691071214,True
0.50112396529711201,8,1.6110058882639344,True
0.51449061904631033,10,1.6255043019831246,True
0.48508145302460293,14,1.4513515061339142,True
0.59203131630846517,26,1.610511345227928,True
0.50925999524363708,18,1.6248470190121338,True
0.4656897457389641,19,1.4612312310604012,True
0.50447279283973112,24,1.5548918137461953,True
0.51689434784681287,15,1.4537443294216559,True
0.49683609166374121,17,1.2456286893298503,False
0.54786697171562926,26,1.5190127445063386,False
0.50565558864180549,19,1.425550121543649,True
0.4755439813584964,17,1.5356473677217417,True
0.42409803049617117,10,1.4415397126301173,True
0.47708813086881663,8,1.6738122087385392,True
0.46235583126796681,11,1.6015230352414194,True
0.50698254966284984,29,1.4413854157728274,True
0.47175342618610966,7,1.6075117831725951,True
0.5125922225450138,22,1.4977301052189476,True
0.47697371117548881,15,1.3124116186860666,False
0.51277080512780404,16,1.6925752454088685,True
0.52679758540850008,25,1.5013916085039303,False
0.51534128799403522,22,1.6574533145092276,True
0.49305332199389473,27,1.5001659370031246,False
0.48880226822222067,13,1.6128928974346537,True
0.53518528285042399,19,1.6401911197612382,True
0.50318670281445244,13,1.669297821387403,True
0.51291549241377921,28,1.5481733330557528,True
0.50324458046769538,13,1.6389352903125418,True
0.53964999919050938,15,1.4843370869070036,False
0.45175983530347724,11,1.1363481558492914,False
0.48150538357532846,16,1.4185852599187256,True
0.46238049856075253,15,1.4409999855053168,True
0.52757506968810275,22,1.5378021387081582,True
0.50315149031831452,15,1.6685406368409264,True
0.51363024446711947,13,1.5407209550534313,True
0.4892088842651432,15,1.5104495201285106,False
0.52570020329222267,18,1.6874725568342683,True
0.43953594017289133,11,1.4432723810190198,False
0.5172234634955154,14,1.3746698843756744,True
0.52592794470791371,17,1.3004435400772094,True
0.46479412870535464,16,1.4819962136914941,True
0.50836566320470533,12,1.6115866159959533,True
0.4847532238090087,13,1.6714709069105251,True
0.47504605903524039,10,1.5949927068463599,True
0.49822072554642016,15,1.6012206972462315,True
0.50149446708775736,18,1.6471159811598521,True
0.62937297526280811,27,1.2888333891020287,True
0.51325232766939388,23,1.4531340096136174,False
0.53072991163063532,24,1.6039148242625449,True
0.5689429101367881,24,1.6097538946233043,True
0.48692632037151334,16,1.657689535562213,True
0.51264258228103632,16,1.59628571717118,True
0.48802103540964142,19,1.6374548605282706,True
0.5341931967714747,19,1.533803815499226,True
0.51127413940821753,15,1.6987923462972299,True
0.44854770470919392,11,1.3009284599553037,False
0.59647987026602545,24,1.5246246650463597,True
0.4533008825039947,14,1.5659573539226863,False
0.50182819114837374,10,1.5895711717111958,True
0.47411802813540549,12,1.6491795985616058,True
0.52050261986919955,18,1.6377835611159475,True
0.51846675426936961,19,1.5766623010460965,True
0.44125887457491453,12,1.4910676314460012,True
0.47695895819641293,23,1.3672199976621107,True
0.47271645168893289,15,1.6096708730856841,True
0.53231722488051625,20,1.4838921852048637,True
0.48454932348730584,16,1.5479539499703636,True
0.54154309739185857,21,1.6559392292491384,True
0.48100233413408233,14,1.5044499940857323,False
0.59666442356537042,24,1.5079958457873168,True
0.45587641265233797,17,1.4580907548848419,True
0.54562949578573039,22,1.1460080217743507,False
0.47228735026154206,19,1.542716649334829,True
0.47809043224620218,16,1.5196577450171367,True
0.47520358103162202,18,1.4570618024545616,False
0.53650144498578278,21,1.4717704869794406,False
0.57122619313013234,20,1.607680631360566,True
0.4758859436609339,13,1.60359352593476,True
0.59225562659948805,33,1.6033868498340074,True
0.46003998782949934,11,1.5462802653183962,True
0.44380945222028073,11,1.5535391468306892,True
0.47385483618365631,17,1.4992983408144769,True
0.51940298919235861,20,1.4694706329735214,False
0.42166942277227126,8,1.5712447786073449,True
0.5131388499414834,14,1.5331985108929245,True
0.52194445224789332,23,1.5208324942033278,True
0.44314666092883104,9,1.4847872726738243,True
0.5208786045205156,20,1.3874444498215956,True
0.49910710995741908,17,1.6265480746563965,True
0.45646173042272481,15,1.569591857700833,True
0.50377417766457244,17,1.5490710337879974,True
0.4833088804163046,18,1.6071737190061961,True
0.46833323272783955,16,1.4393700975827142,False
0.54547010025674825,16,1.5895067634310911,True
0.46762979877027683,21,1.2773023255433444,False
0.50229160565495723,19,1.510022219239963,True
0.48435380291360641,16,1.6663540607143585,True
0.44070038181804161,20,1.2830640955368851,False
0.4862761841093487,13,1.6746325450504815,True
0.5304913540984133,27,1.2631664920258932,False
0.49995647701514284,23,1.0820707243396979,False
0.51482891017490062,21,1.3953476967914078,True
0.41628091720310806,13,1.3758516833115793,False
0.47781651803169994,11,1.64092069881749,True
0.50602886316391515,22,1.2942417808783155,False
0.53605790477293525,17,1.4708957827898941,True
0.46144220746409181,16,1.4549534443991012,False
0.47516648184066124,15,1.4214142612685738,False
0.47787523047339514,21,1.5041521072670301,True
0.51295825838535003,19,1.6860456208899661,True
0.50652692420220002,17,1.3004926024060772,True
0.55633755883193992,21,1.2946057380146361,False
0.49548524074357403,21,1.5651797115005843,True
0.51441114528861354,17,1.6062288687099331,True
0.54611137633701223,20,1.6671945765072924,True
0.41650493573676195,12,1.4394140057093747,True
0.47123697761034961,18,1.4250817425192162,True
0.45800959628173976,12,1.5728661689560537,True
0.52321857957601425,14,1.6958470468277742,True
0.49839356593088202,16,1.6054607679880137,True
0.48612901524578217,24,1.4189852790747142,False
0.49823351268019644,16,1.6232784914574552,True
0.46781262049972588,11,1.56032638055281,True
0.57094089826985084,21,1.481608374005138,True
0.47574641735762763,24,1.5285067653480688,True
0.48841328067368339,14,1.6698984593793003,True
0.4773378697836031,23,1.2899153666324292,False
0.48247895144141317,14,1.4735279592202684,False
0.50507884607321396,22,1.3477006269784251,True
0.50418401486678788,21,1.4792886140935231,True
0.47949065774199162,16,1.6366623775817886,True
0.54166622849619572,27,1.5522338141359224,True
0.50417156079414394,18,1.6140746676649067,True
0.47283172467848977,17,1.3580655985736776,False
0.47418046966170285,12,1.6635192053597043,True
0.47035722698470772,17,1.4177858479040706,True
0.46293917000817003,14,1.5654301491124996,True
0.49293288528883883,22,1.4382303053564309,True
0.461138185993967,12,1.5286189634022889,True
0.54578334377388626,27,1.4778562098069181,True
0.5316831394601288,25,1.3585410483155131,False
0.49823446114115155,18,1.5074708098773386,True
0.5303665200834291,22,1.5599402257699568,True
0.47893806260302185,19,1.4740492923641466,False
0.47687573078880224,19,1.1516522031023477,False
0.52045246170785453,23,1.6048011009222085,True
0.49644327428143969,23,1.1094455394929914,False
0.55762764191994418,25,1.6533016048821363,True
0.48162416121377521,15,1.3986296456628955,False
0.5144705201409363,20,1.6516696649469194,True
0.46923021945667753,11,1.617720012402702,True
0.51136295317422364,21,1.5783471740130763,True
0.45969271305272752,19,1.5945873158276345,True
0.48433351074118497,9,1.675497953689072,True
0.51134146087255405,23,1.4985429171591231,False
0.46477450499810447,13,1.2667925705637872,False
0.49370146670600185,17,1.4278240539782037,True
0.46760991261442963,15,1.5642144109034986,False
0.48536722823018946,13,1.6280616822843703,True
0.5505615883348447,15,1.5856285408045052,True
0.55500937961653596,18,1.538742985015688,True
0.50778133412428395,14,1.642239917587849,True
0.48802525074732223,21,1.3240911600854619,True
0.50738623279485795,18,1.6405149984179557,True
0.46752413567320472,15,1.3389268269396006,False
0.48779352281028199,19,1.6585099521647659,True
0.41164630196309732,12,1.3565371113795037,True
0.49907242663782858,19,1.6346423677521726,True
0.50748080998313072,23,1.5262515276007207,True
0.54551427727064694,24,1.532054923160094,True
0.48142684200577535,14,1.6243921653532574,True
0.48779351765714069,15,1.5642605481750378,True
0.54716200380055147,20,1.5627633327157378,True
0.44796091042834946,17,1.4471812892432205,True
0.50474727083454329,17,1.586739933224081,True
0.60621518689784115,29,1.3520303004734726,True
0.49700234939403659,17,1.6225209260981759,True
0.47917884051194409,12,1.3549614340645104,False
0.47697834426830782,20,1.3830873785140132,True
0.48237992680309733,16,1.4759386046503005,False
0.44930673110799507,11,1.4649699425961527,True
0.49902037880181171,14,1.6735097722835115,True
0.49260288393526286,19,1.5002505023962689,False
0.46886314211825242,20,1.0543601034559305,False
0.4602238326291096,21,1.5606212120222045,True
0.50540990849149592,13,1.5795336339711079,True
0.54007991059471083,17,1.3632661695135651,True
0.44238642404389367,17,1.466272461818197,True
0.46472749654998913,17,1.5736318433334917,True
0.48362486391249082,17,1.5161307210171531,True
0.42592485236868161,20,1.2106644521174985,False
0.50985533637793001,14,1.6024840668128415,True
0.47403336505994692,17,1.4482886392266661,True
0.55614573823136815,24,0.95157730763181925,False
0.51970040342584534,19,1.5123323259324299,True
0.5632616111577895,26,1.6031511404015233,True
0.46631008057209794,19,1.3237737922609902,False
0.45126157166323344,20,1.4667298561003907,True
0.54030583713485514,12,1.4975045216273779,True
0.50747296195219604,25,1.5988386215845598,True
0.52789816628488784,23,1.3819098663158249,True
0.43930650172243779,19,1.5637435095680512,True
0.47705303657144582,21,1.4704357378187327,True
0.45997194499344185,24,1.3316148826978713,False
0.51373583177671567,19,1.6183311225386618,True
0.5443638151073118,19,1.6896865249874269,True
0.52242827702132788,19,1.584924017522702,True
0.52090131473129164,17,1.6860876835431857,True
0.55238194837342414,22,1.4000710734516222,True
0.52911665807351205,16,1.5563378108588961,True
0.5333750990879943,20,1.4315995160228567,True
0.45406394437878828,11,1.6206696766910798,True
0.4733142654519642,15,1.3801027945713547,True
0.55577348796813753,22,1.6718996451525032,True
0.45389607848216534,13,1.5878782073265383,True
0.52506894728747866,18,1.5491804356535628,True
0.53579842617569917,19,1.4826973008081659,True
0.51688577383786349,17,1.6788764929701232,True
0.48751183148463667,16,1.6761318098896334,True
0.60027674524813368,32,1.2708469123468009,False
0.48356692663457101,22,1.524465542918126,True
0.57343707391199994,24,1.6493905200638093,True
0.49434577523277468,15,1.56031692432177,True
0.50324766990477809,23,1.4871090106288585,False
0.51929976159416569,19,1.4131848948420547,False
0.50434025567006602,19,1.1956113671483857,False
0.52115312344471865,18,1.4270404732176514,False
0.58378578977927453,31,1.4922530477970357,True
0.50319784558522274,13,1.6139434348001118,True
0.44056830756876297,12,1.5827739062326307,True
0.42370354564792884,15,1.3435718264858476,True
0.4677513343972366,11,1.6068093520749762,True
0.52638178778496503,24,1.6732263566797132,True
0.50328496684480772,21,1.5628804478314118,True
0.45446472238760766,11,1.5502267173855566,True
0.46484526231970441,17,1.4597202326570955,True
0.51914164776173422,26,1.4628891574805616,False
0.47289766810429557,11,1.6337039504909057,True
0.45970630655119149,12,1.4825073359858991,False
0.47379091894264597,13,1.6186225209126273,True
0.42596226747135807,13,1.3377101177557575,False
0.53784623649079799,25,1.6348752450099098,True
0.52942835586407822,25,1.2160659162196659,False
0.54959336994484875,27,1.5454230518357563,True
0.48235456748418348,15,1.5155325711777416,True
0.50737607205493185,17,1.3038626632402253,False
0.555844840932606,19,1.6206480958775549,True
0.47728588010941575,16,1.3121439046519141,False
0.47511395873039541,16,1.5957321032602518,True
0.5417895699484635,22,1.6976240041809518,True
0.45613863093789692,11,1.5911795479578279,True
0.50161082618497765,24,1.5622884394764363,True
0.4720619033739179,13,1.6248547132149005,True
0.4947180150034956,13,1.6484431047220571,True
0.50439044126122323,20,1.5893832535894115,True
0.46047875499920021,15,1.4997776058229269,True
0.54353883482794429,22,1.6957803694278939,True
0.52469502914748301,23,1.3299769132169652,False
0.48874182766190344,15,1.6196112467292898,True
0.52274126747211191,12,1.5739583833924147,True
0.53460527798255764,16,1.5433639812125306,True
0.48641841494749616,21,1.0891360912652621,False
0.44482144873143509,11,1.3725465095501213,False
0.50240412464973838,16,1.5336815726681645,True
0.47723197632595821,18,1.4837014103846975,True
0.52091400773526964,20,1.6266764744134563,True
0.49364130599440836,11,1.5792111074345845,True
0.53858116307978054,27,1.5598584595881404,True
0.47042921574564639,20,1.3489390542254187,True
0.50414191745218107,20,1.5252099773967152,True
0.47626499276020406,16,1.4020680002516044,True
0.43783061260733969,7,1.6147186948516157,True
0.50435673423808292,18,1.5525776941374971,True
0.48991696692748599,9,1.5590831720476825,True
0.53746158936099175,16,1.6585971188812931,True
0.43767989269756041,11,1.529857810471879,False
0.50656529217358637,23,1.4057875670068609,True
0.41186994799606302,20,1.1130030058888079,False
0.49256079754597898,14,1.579686598632108,True
0.55878662179557714,23,1.6396266628795868,True
0.54442585243125297,21,1.3339587873633105,False
0.46303037252411383,11,1.6561144590715717,True
0.55042421278328069,14,1.6518441279534324,True
0.45071200939764416,12,1.5389155277584867,True
0.48448641630867045,16,1.4966478635157705,False
0.51421190837345576,18,1.4291964694870911,True
0.49178939900633262,8,1.6692845032248635,True
0.39893137854322752,11,1.3820523106072344,True
0.44450172112635261,16,1.5182769048069436,False
0.56230808988273406,24,1.2187753139962842,False
0.55583089287907472,22,1.6373123900816973,True
0.40736579473758899,19,1.4148519580191032,True
0.45601204795175643,13,1.3007799994876379,False
0.5007366558413705,17,1.2268561522448644,True
0.42926846841172284,12,1.3344660463056113,False
0.48345073101278874,16,1.4691166339282729,False
0.49961821558971786,16,1.4545875021208781,True
0.51492961793519743,23,1.5966706741515291,True
0.50190259765407286,25,1.4707359427119564,False
0.47409933153229966,22,1.3162540378318459,False
0.47740759096031848,18,1.4275573977123379,True
0.49031182972155352,17,1.1804620111731328,False
0.45287448897855531,19,1.3928175811811681,True
0.44619130829906994,17,1.3974023321031117,False
0.52215821874119428,17,1.4855551230225716,False
0.44796925516861019,13,1.6055134844794967,True
0.48514968780570267,17,1.5629438408676701,True
0.51816090336241882,20,1.6335677533761181,True
0.47124261823305152,24,1.3885277712848478,True
0.50199427580216127,13,1.656133841308727,True
0.4926080958152963,26,1.3776483480126211,True
0.51942860155365045,16,1.6106648193223259,True
0.47082074313196437,15,1.5323267648301881,True
0.53017462041859653,20,1.6652507039653939,True
0.43835020886670562,16,1.3865871414587798,True
0.54427625069423702,22,1.6096174502141989,True
0.51883413289531877,22,1.6463365714147704,True
0.44681228878019924,23,1.1256269880726459,False
0.55578591426084023,20,1.5529521203566197,True
0.48834137944672673,16,1.3030207742140196,False
0.49859089293131559,11,1.6759195753901814,True
0.50898918777237379,16,1.4036595072942977,True
0.47720299721849396,16,1.5388761396104358,True
0.54190417587510153,23,1.6573374355099888,True
0.46877016358893131,12,1.5577570359866286,True
0.50639303536975744,16,1.5220816694327646,True
0.44879809000205889,17,1.3624816829445821,False
0.43781537399749287,13,1.4634152018766049,True
0.50207908800330192,15,1.6355440596290303,True
0.48671499050778783,13,1.4972743342385804,True
0.46834588758723233,12,1.5080907356998119,False
0.44522416423980904,15,1.5306139015085249,True
0.51065514852883265,11,1.5738725577135488,True
0.50255536187450445,16,1.5516169878516874,True
0.47226687864374778,16,1.1510828847044903,False
0.45291557111306296,18,1.2985558131342005,False
0.4692060377085126,9,1.6517345928120821,True
0.45500007133134018,18,1.3914209750893973,False
0.5275877445988032,16,1.6283544005186832,True
0.47615287054045591,17,1.5772895254269532,True
0.46144611941123581,14,1.3174558732533674,False
0.49496613267740647,17,1.6275025219598833,True
0.5132757963064305,18,1.669166984565418,True
0.48696888173120589,16,1.6032620067255794,True
0.51190675028755817,26,1.5200991484305066,True
0.48997261392270136,17,1.6228829078901703,True
0.46404466394692673,19,1.498469700481031,True
0.57064870883057861,22,1.5256641711230348,True
0.47184214336181846,14,1.6472286428723248,True
0.4705556404834243,18,1.4443946157942766,True
0.50662085188863004,19,1.4703695133176016,False
0.49090842466510864,12,1.5784150187166888,True
0.55745120116286639,30,1.1031045292453638,False
0.53634359102461882,30,1.4419267045994775,False
0.45037643432595281,12,1.3693406899113785,False
0.52207794273511487,17,1.6029556479866136,True
0.45247121170779153,17,1.5031220021046106,False
0.49652971611248164,20,1.4235875683282055,False
0.50191793262886431,20,1.608595009436772,True
0.50314847971433752,18,1.5211430529450618,True
0.5288385137833731,14,1.6077962073666521,True
0.45785434252510593,11,1.5010756701667725,True
0.519239828119479,19,1.5697386121613024,True
0.47219925257978956,16,1.4129588305675924,False
0.48020676456404926,17,1.5756756714241678,True
0.50894459968475325,19,1.6012553065846276,True
0.51216421548300084,15,1.6413953602233717,True
0.47232281706335943,15,1.5800121269631509,True
0.45534189038443151,17,1.4988832844999418,False
0.47871923717325504,14,1.6535672878948142,True
0.51556786868642612,17,1.6795107564507086,True
0.46611113330852916,11,1.5180486128246951,True
0.55692605301762665,26,1.5932269844409739,True
0.47879543338082198,11,1.5619315529465638,True
0.4791017602858178,12,1.5715176112284606,True
0.43727096861430392,16,1.4376869211846413,False
0.53632415754129803,22,1.5334576157930453,True
0.47122747520626296,19,1.5168084404486561,True
0.53435854999871757,22,1.3113412713222035,False
0.46850165296504531,16,1.5645267089891859,True
0.4658153518265834,20,1.4061097554213653,True
0.52061979543084491,26,1.5599734520592914,True
0.51934478076470991,24,1.3971752749256983,False
0.54245995265262659,20,1.5250696214073971,True
0.55878974749893595,18,1.6177886933757151,True
0.47163328989570791,19,1.5858260720589827,True
0.46375829844350192,11,1.61828915627322,True
0.51782659747893423,16,1.4658413424933365,True
0.46881127465492561,16,1.2300055003518506,False
0.54289179436909507,23,1.5049113740523916,True
0.4715460981202414,12,1.5731086759000097,True
0.56284787077231968,24,1.5977229258046817,True
0.5101180896465356,12,1.669294390481596,True
0.48034470879747448,15,1.6179529937420796,True
0.50033349595137944,15,1.6133994400041758,True
0.49786555849039332,20,1.5335583866595113,True
0.49025751614798679,13,1.7030827626517748,True
0.4948981985633143,11,1.5955372882169567,True
0.53595049875569711,16,1.6322182590881604,True
0.50193690020552428,23,1.4747389301897025,True
0.45513525481461481,13,1.6309491591542231,True
0.51907760434630013,20,1.4132975699412194,False
0.5137647598633811,14,1.4745338977063334,False
0.48611157914730635,19,1.5873683227148048,True
0.44798909196474002,12,1.5932714012766249,True
0.48128372717785217,14,1.6271345773079522,True
0.4885960743779913,15,1.6236716601036263,True
0.46074077151861753,16,1.3857987026580798,False
0.47612224321027757,14,1.504584449712381,True
0.48337600227053845,16,1.5010407506595411,True
0.52039672929118852,21,1.4498894034996082,True
0.52915915753130083,19,1.4277312988622031,True
0.50695785323692388,15,1.6265682633415894,True
0.50183504462139306,17,1.5470181726049341,True
0.53404817924040859,20,1.6413854382207755,True
0.51051312032810126,20,1.3506591803553398,True
0.52652670784322775,18,1.5622402370203705,True
0.46255020619912218,25,1.1499447268665057,False
0.49384430806019181,18,1.5624587356442374,True
0.51935016498235176,14,1.5232507786981664,True
0.4463293740991176,15,1.3917566964896191,False
0.458991062094467,9,1.6650140512594087,True
0.53307657972551892,17,1.3852452531907211,True
0.50574441682968896,15,1.6365995348160558,True
0.44212442340036506,14,1.4613807029857491,False
0.53408285094360586,20,1.5896411346807111,True
0.54051655867470427,21,1.4978354479221843,True
0.49128968346471724,17,1.4834001744027758,True
0.51127210119679034,34,1.3978218198143284,True
0.43336506841275069,13,1.420241877351065,True
0.44806002766669928,15,1.5026043480015223,True
0.53900056213746306,20,1.5451518990673625,True
0.4877124833344999,17,1.4297444935216554,True
0.43643526871482025,16,1.467995285568275,True
0.49397500827582136,22,1.4697313138204973,True
0.45528473012568815,12,1.5737306131200559,True
0.50440438540652033,20,1.4934316277660344,True
0.41182671162622247,13,1.2161458029224994,False
0.48951933023777844,18,1.4059517196652793,True
0.49798694289548839,14,1.6594333320371928,True
0.47161370763306371,16,1.5924004507313536,True
0.51101016145699774,24,1.3969608296840914,True
0.46558372517028646,16,1.4736924607286852,True
0.5207239253814635,11,1.6326399371954317,True
0.53400073604048914,20,1.5886292662586505,True
0.52283376916352198,17,1.6160053412011033,True
0.52251111130709149,18,1.660538676468333,True
0.48210268494274178,14,1.6046068511112874,True
0.47083095138047387,19,1.2107022017441789,False
0.50006055877044941,16,1.4580650882970412,True
0.59834040130658783,39,1.2939958193036309,False
0.5639146810478618,16,1.5680508525670862,True
0.46977459587838483,17,1.4890707798003453,False
0.48530645038677145,12,1.5615574205243483,True
0.47908775281553018,16,1.5840985049739709,True
0.50589421826109549,25,1.4001369364120761,False
0.46299865626342207,15,1.5883221966425443,True
0.4546600532931459,14,1.5335119972446949,True
0.50794557780808081,14,1.6672856091521917,True
0.46008299244219353,10,1.6459607824223637,True
0.52009877183452025,18,1.5403458167060236,True
0.49738054092325151,23,1.487266796936713,True
0.52573244262652896,13,1.6404180024489734,True
0.49431390831284211,16,1.6067572963655898,True
0.46280255944605586,11,1.6734623066701479,True
0.53924868284023086,14,1.5354413234792115,True
0.458190248150671,18,1.4753034503165259,False
0.51828150168533893,19,1.6293235394245507,True
0.46522826036266546,14,1.5390340655729857,True
0.53510320677156509,22,1.6629330389008645,True
0.43658695190499525,10,1.5156153869258264,True
0.52442285198138494,18,1.5801032663564585,True
0.47094728964895372,15,1.5938289342854965,True
0.52340619489300177,11,1.6377605183287578,True
0.46079909787307261,13,1.5958194927621023,True
0.5461030831775977,32,1.3956596838600805,True
0.48023475541232002,17,1.4198388428875142,False
0.50755140695477607,18,1.5633736882172804,True
0.5129444050100771,13,1.5470728218750947,True
0.47311570754737065,16,1.4170185712429992,False
0.48659905446295587,20,1.6677043400568521,True
0.54736577613226289,19,1.6809800046981394,True
0.49853595583345611,25,1.3506137039675321,False
0.46058742919315454,12,1.5766255280365569,True
0.47057659706839361,18,1.4715586278618977,True
0.42658927790567513,10,1.5084057785800442,True
0.48540671950015385,10,1.6842390082854202,True
0.49150718302024499,14,1.530357774983067,True
0.49765002595918312,23,1.6377507330925336,True
0.46603712741126085,19,1.5393134456927495,True
0.45385825902060523,12,1.5513684829224639,True
0.49679379644784327,16,1.6099568386330048,True
0.49523369555940322,17,1.2303801469739066,True
0.5308045203315328,19,1.6078972352714405,True
0.43948272742404632,17,1.3735295652111761,True
0.48294169376635637,26,1.4292715429666674,True
0.50468692506069635,17,1.650786448815226,True
0.49127699920100648,16,1.6204311472617758,True
0.46134181129443685,14,1.5046195324225258,True
0.49858936321291336,16,1.5213103406644504,True
0.47211912303972292,15,1.4939270099271504,True
0.46310650375663232,17,1.5400728548512785,True
0.48696423403909972,12,1.608440626133532,True
0.4594234056976359,12,1.4107830734398197,True
0.52476059893546056,19,1.3895638034514948,True
0.52670888575947761,15,1.653831529521842,True
0.4612017389841952,12,1.5828370387127724,True
0.5438308368147492,19,1.6671973012440835,True
0.52893641524694102,14,1.3398704508335848,True
0.4987079980078713,16,1.2871829171109073,False
0.4829097943545636,13,1.4789404662810512,True
0.53261774086487246,14,1.4474467975528411,False
0.50071818422563041,18,1.6313723888161318,True
0.49212058075684739,20,1.5656239237116842,True
0.47543201951051939,13,1.5245322720124781,True
0.47575691832122252,14,1.551206556690484,True
0.54457659181028573,22,1.6847962868443542,True
0.52735168368227403,22,1.5969282133059843,True
0.50254233559734696,18,1.5732257939325538,True
0.56647705931263037,25,1.5948236089821854,True
0.52018751491821991,18,1.6353177735961919,True
0.51488933205991405,18,1.2664444521757281,True
0.45814530907673212,17,1.3623489619964702,False
0.45053792184227859,13,1.5128982251532288,True
0.51078721662515769,21,1.5230603221317329,True
0.4540518764187908,16,1.5575962551728988,True
0.48430399358063814,18,1.5450275614112858,False
0.448445798745022,14,1.5621157653061879,True
0.45007610352186894,15,1.2036894550929735,False
0.47454989078647813,16,1.4761134072154796,True
0.62836786396550959,36,1.5871424477819631,True
0.47053305235903048,18,1.3175135931911723,True
0.50779835672463769,27,1.3604125641894342,False
0.41182374138751676,14,1.3683010418599502,True
0.41349380212443704,10,1.4354336229059195,True
0.51532097278447098,16,1.5317854177083754,True
0.54278134074647022,23,1.6760505701725454,True
0.53352309018950361,26,1.5432779761229207,True
0.51469351598795765,16,1.6782166049166041,True
0.5714809685043708,16,1.434666447112483,True
0.45165223188141285,13,1.5565921286192634,True
0.51099681897295046,27,1.4252317871488214,False
0.53184912718002808,21,1.4606043598398351,True
0.49352797308580515,17,1.6041461682965092,True
0.54439018166626518,25,1.408713203790287,True
0.51337456112316238,14,1.4274469440203339,True
0.48745803858066616,12,1.6388259930604565,True
0.42081199786919388,16,1.3622423061225353,True
0.58531597743761143,29,1.4869799561203669,True
0.49023298979890151,16,1.6531651908178755,True
0.47329313432152975,12,1.4900082664840786,False
0.51858627396244672,14,1.6288849675388652,True
0.55539487071875804,24,1.4968323709916496,False
0.53011815705637833,20,1.5993562047428669,True
0.49183024230459105,14,1.3440379392379,True
0.44833637600941467,15,1.439886003818643,True
0.52022163651606113,18,1.5368278655267422,True
0.4200643741577596,11,1.3562948155451042,False
0.47793047759834867,17,1.5088606964725513,True
0.51828169370946586,18,1.6070243536025433,True
0.50310179267531485,15,1.6737367956754337,True
0.50586703846112713,20,1.3786543052427445,False
0.48309844503723981,14,1.5938858996459726,True
0.46910822985564915,9,1.6237030439557174,True
0.53078855391743796,21,1.5427024335228616,True
0.55918304568655108,24,1.3054789463124794,True
0.52144925479107795,19,1.5847278917273144,True
0.52790219407270156,19,1.5973383542162489,True
0.49737506029829237,19,1.6280520857063947,True
0.49680084046133433,18,1.6590239889842233,True
0.46499462612290066,12,1.5194062858430806,True
0.41783762202477309,25,1.0473229299776914,False
0.49436264845290095,18,1.5591163365268943,True
0.5343054950976136,16,1.7114695197352692,True
0.49485300664169229,13,1.5515951281390392,True
0.47450101093962249,14,1.6519158105012814,True
0.5336218227109788,14,1.4523306506709934,True
0.4599800001479103,13,1.4517074628580897,True
0.48514626381053794,22,1.4949152812839013,True
0.53290470389088873,15,1.6430995682498719,True
0.52684232831681399,19,1.5765595632246545,True
0.4668952913650507,12,1.5349312728439746,True
0.57025720801219848,29,1.4678819787787005,True
0.45612050962128042,10,1.619520843129906,True
0.55428779993655575,19,1.5687195715380098,True
0.52128367443057766,18,1.6014100841017997,True
0.47930310907953461,15,1.6275236149697259,True
0.51743583878295341,17,1.5906747178375531,True
0.50944767910773181,17,1.5022194291632609,False
0.51292838235611349,23,1.4916721848400938,True
0.55488433818058669,25,1.5700555715788049,True
0.47229519818669635,11,1.4853715599999111,True
0.50621356550582608,18,1.5869095714283321,True
0.47984936352308266,12,1.5965346168765795,True
0.55888727345673084,25,1.273951138703787,False
0.48521146836926354,15,1.5556043888006903,True
0.44776612332079258,16,1.5590285467235365,True
0.52257033950112297,13,1.6467155914523999,True
0.465050805945737,10,1.6503854428544025,True
0.49825021491974442,15,1.6209790276143534,True
0.55622424479231958,21,1.4006414844979236,True
0.50727166045574867,17,1.6373234845311169,True
0.55783129096871142,20,1.6270797953558183,True
0.52109477159376949,15,1.6050469192751191,True
0.48492396361384793,13,1.5863362166083828,True
0.48831108763289188,22,1.485763196473552,True
0.4723909697547547,17,1.4601125450304526,False
0.47348006314172592,24,1.6002202899568017,True
0.50745735796005553,17,1.5297336331879345,True
0.50009668809412,15,1.4876859462289258,True
0.49768763605979777,17,1.608272616007191,True
0.48427371056087032,21,1.4600754042108488,True
0.53510870421299295,20,1.6707492842412548,True
0.47269861903997773,13,1.5861454247619828,True
0.49361992036635688,23,1.5267339492316718,True
0.47281375722313174,17,1.4363742702215587,False
0.52263024874372399,24,1.4054928784832963,False
0.56095387010999853,32,1.3714325490594808,False
0.49363944141637306,18,1.4757843727964943,True
0.5023194935899673,20,1.4690573411099159,False
0.53989953843246852,21,1.2053032830719201,False
0.47109034678489625,15,1.5763217607674471,True
0.49227804698525729,15,1.5459863547258368,True
0.51958556055987526,15,1.2018904908335883,True
0.49937948153992823,11,1.6787037544326502,True
0.49832954946366986,15,1.5209573749957164,True
0.45333974612689654,10,1.6175631692669907,True
0.49793921070744551,11,1.4379448728279405,True
0.49348177734517307,17,1.646335929166767,True
0.54347637582563968,22,1.5742918864132289,True
0.46824096320443004,16,1.5367885115375999,True
0.41425045082046291,8,1.4432536848874991,True
0.45035888456120232,11,1.6096742841559835,True
0.49259642009935461,19,1.5694774217807772,False
0.54510461825770662,15,1.3318998378052174,False
0.48186537966067888,15,1.645939176785123,True
0.50227855214273431,13,1.6201282483535666,True
0.43671369526186804,11,1.5913755599643262,True
0.50218942847921622,16,1.5712697515801741,True
0.53000815162945203,17,1.5985095585193465,True
0.48014077623845669,15,1.4461159305388784,True
0.48865973256521045,11,1.6226206030582739,True
0.5721503323628746,18,1.3284348075211114,True
0.48778934132171875,17,1.5999731831759678,True
0.47882175233946211,14,1.598765835773776,True
0.47519013995637305,15,1.6177860902464798,True
0.50063697043420374,15,1.451673433324842,True
0.5534471739803386,20,1.373312443271868,True
0.4751742727471257,17,1.5869191592014624,False
0.46391249120326655,17,1.4516468894656227,False
0.49656614921028919,16,1.5763265622527503,True
0.48931016930368576,17,1.5821085315299195,True
0.56193670248743111,27,1.3715822778838598,True
0.45095315922747792,13,1.5632581558450587,True
0.44657149958292269,16,1.1732179544272834,False
0.45753826498724037,15,1.5031074919224943,True
0.45776218316125961,9,1.6072940337522719,True
0.45289136049901474,16,1.3197075837928789,False
0.46859066825419116,21,1.4887105960716045,True
0.49588009301132824,15,1.6208106481522635,True
0.50519086205103958,21,1.1367021689754946,False
0.49026630813927813,15,1.5792891100117132,True
0.54170990691930954,17,1.5371868239088571,True
0.49629732862372183,17,1.5464523855337839,True
0.49843302539248296,19,1.3583697961939896,False
0.41470575728873871,14,1.4002942871684747,False
0.5039255234672454,13,1.6021902755213766,True
0.53030557765274033,20,1.4373577991904145,True
0.51754853665209266,17,1.5199106571196523,True
0.45320264701888724,13,1.4040597358008258,True
0.50789513862951263,21,1.2006022436249355,False
0.6146210340619388,35,1.5251801551735544,True
0.53533174404833961,26,1.5846105363283893,True
0.49919931544238927,15,1.4301284275298713,True
0.52768689422724957,21,1.6461269666776759,True
0.52387482857063217,21,1.4956913855560694,True
0.50715330516635782,18,1.3465199806275421,False
0.48129898756342726,17,1.3856371114941644,False
0.47614183990313441,15,1.5330765312094765,True
0.50501270161603473,23,1.5826897978557963,True
0.59663069363835641,30,1.4579775619518709,True
0.43643105701082868,18,1.4208455450020572,False
0.47256876498896017,19,1.4148136520721868,False
0.50180138845940425,18,1.4195747977619615,True
0.49868049777391299,14,1.6797338597885685,True
0.49192531459876215,18,1.6789770693017114,True
0.48166545144262396,13,1.629210272935621,True
0.48464277507835229,16,1.6299555619079498,True
0.4813275279550846,21,1.3594142802518481,False
0.43898009065504884,17,1.4656116750178723,False
0.6103138726114048,35,1.6685314036247336,True
0.54500007648548565,19,1.6876059753826547,True
0.50475852580537872,24,1.4609245875806016,False
0.47714257302244756,13,1.3781491778148072,True
0.51947157821668088,12,1.6627103561865204,True
0.46645966048118809,8,1.6473819969856105,True
0.49132792044433027,14,1.6772281481274263,True
0.51458041197520088,21,1.299121762838001,False
0.48219295910880688,11,1.5994292431420649,True
0.48939654905509433,16,1.5620533869456077,True
0.43694649135959579,23,1.3496474785163601,True
0.45285622801992376,14,1.5800883394982053,True
0.45855142402598775,14,1.5479913567751904,True
0.5186205907604734,13,1.6973506775927429,True
0.44484673349634019,18,1.1509510223772421,False
0.44240325491186222,20,1.2955164193691244,False
0.49380990264044217,18,1.5451524650755721,True
0.45601966121908888,14,1.4671155875078059,False
0.53658319179909986,29,1.5377120246623392,True
0.53612118231966421,22,1.5195519213733444,True
0.56412059572539908,29,1.1924198670986066,False
0.47278403635234834,15,1.5772430987834014,True
0.5117582643538946,20,1.5437982452547923,True
0.45809765243337724,16,1.4437264236950802,True
0.46622495842780504,11,1.37201529276996,False
0.45590882284069129,13,1.4416789731280804,False
0.44436602674490006,23,1.0161138446403155,False
0.51006000779274763,18,1.5185475230907852,True
0.52029752238730753,16,1.5255421138570315,True
0.46143244345719653,12,1.6400255413601219,True
0.47617696274444199,16,1.6117078092039325,True
0.46440468231999626,11,1.6409296593577327,True
0.53030675896137869,23,1.4095039986951132,True
0.48731922280857698,13,1.4542296455973811,True
0.53014870188519814,21,1.3671978536073028,False
0.53074955008453373,25,1.4416290146562873,True
0.49179558546920088,18,1.2819658551936346,False
0.52601426882492064,21,1.6082532292845815,True
0.47181761081067591,16,1.6120972967785538,True
0.50142698922280982,15,1.6650467637681639,True
0.49645322026171801,14,1.6048192267373189,True
0.48991962700989133,16,1.4475393686873155,True
0.53550991059218345,16,1.6981119930282473,True
0.45593832635524556,12,1.5187089790820278,True
0.4476271198331308,13,1.4593576629963798,True
0.4521829605083742,11,1.3172227194060833,False
0.49203147510961504,16,1.3446260961143988,True
0.51971916825007769,18,1.6499580860958838,True
0.53614875797779449,14,1.5957092713011718,True
0.58963185972694099,36,1.6166945497128502,True
0.58430903584400629,27,1.6137914756641558,True
0.5236681523951775,24,1.517034084533653,True
0.43870659959796621,13,1.3417494406205037,False
0.52320568601567974,14,1.6796593904334776,True
0.46548881441295303,14,1.5546232378335836,True
0.52308929712633478,16,1.3879606145014101,True
0.51757338359578853,21,1.62075862643664,True
0.39575306799519083,12,1.3434627710456446,False
0.4694760754732501,14,1.5479245017264052,False
0.42732578171031693,10,1.4729025636052229,True
0.56069116271581287,32,1.3904053775426135,False
0.52124899650220125,27,1.5153685535030452,True
0.53386990693481451,17,1.6967892661880595,True
0.48428495535097377,17,1.4069225492484676,True
0.52635422040752267,24,1.6097578314185321,True
0.48009114033271461,17,1.470573890644443,True
0.49355309625162885,14,1.5105995167914039,False
0.45121591128526872,14,1.4733358496947655,False
0.4546060193338971,12,1.5393803692562336,True
0.52430298330621716,14,1.5761341765338888,True
0.51818862516108133,17,1.4732472928563658,True
0.53874083174277088,19,1.5455577842476846,True
0.51692725789818184,21,1.5101624538061116,False
0.41886275113977456,15,1.3794661649069864,True
0.50565732891074711,14,1.5519025833938447,True
0.54772357496496427,28,1.5616891069450556,True
0.5207079076572918,14,1.5001755263572218,True
0.50220972186136026,26,1.4901507728137906,False
0.51077707994732502,19,1.4956109683699472,True
0.51171215253954161,18,1.406051678885305,True
0.54884431692057545,17,1.5302678618698962,True
0.56518121081720463,18,1.6449835767548413,True
0.4701464199924637,21,1.5277460321599616,True
0.49801039246311707,19,1.532560787934222,True
0.48986142208311678,18,1.6328423394005382,True
0.528835052200196,20,1.4311657753066476,True
0.5227626703338738,17,1.5873033254219824,True
0.48264942557178414,17,1.5418678749979917,True
0.5273001457437354,22,1.533489178085669,True
0.51052385861977112,14,1.6790128322978319,True
0.52580090719470618,18,1.5349427864416239,True
0.52007106701676453,19,1.6325003327026235,True
0.49874675593407131,20,1.5609400993300684,True
0.489666715813456,14,1.5644056025474959,True
0.46987603834383823,9,1.6818888177791198,True
0.51555410074204144,16,1.5591697046976318,True
0.45277511511252827,12,1.5226001920399357,False
0.53662854577269758,23,1.3857596916966854,True
0.48209513132159643,14,1.5931116223085411,True
0.49438872838134063,14,1.5687687779032586,True
0.54731804536753037,17,1.387211575473325,True
0.44839676731037342,10,1.3160351556906018,False
0.46095054666737156,10,1.6513331842076058,True
0.49519507239332805,15,1.5413152378500983,True
0.47112097109915879,12,1.606886220487574,True
0.45743194217760663,12,1.6051912071132739,True
0.52897684267719625,23,1.3464340056112551,True
0.4665042542729313,17,1.3691005235832008,False
0.53291788490879866,14,1.672946735254685,True
0.54316197372523567,21,1.5288422479321231,True
0.50072734612454572,16,1.5711637133922336,True
0.50046994643750187,19,1.5150523258239692,True
0.53813905278896701,23,1.6685685963064423,True
0.48846785796077058,16,1.5308660572814516,True
0.490212878750523,22,1.4631097285611427,True
0.44990355213626493,17,1.2262210565942231,False
0.52163251554844103,20,1.5882265098639146,True
0.48648081056250325,10,1.660852356218554,True
0.52062264372188116,21,1.4677888140117277,True
0.48861384424919679,15,1.6092357497685517,True
0.46394507585438738,15,1.515909036487499,True
0.49684203831270407,17,1.5945519795888328,True
0.46274145497275532,13,1.5230499019562578,False
0.53133848331095201,20,1.6068247522563897,True
0.50056705110405131,17,1.5753533370550672,True
0.52007761544035047,17,1.5272693495196048,True
0.44368897987854572,10,1.5852887827419433,True
0.53541633856678805,34,1.2067302427624238,False
0.47924672604662188,16,1.5166912605158418,True
0.53242555619543108,22,1.64292922839787,True
0.4469767890760119,15,1.2128225541364173,False
0.46066461542130643,9,1.6850312934317666,True
0.53002291448016015,23,1.5406242945963224,False
0.48233822812293875,12,1.6623504763813006,True
0.45533838711375851,14,1.5522558180894088,True
0.548178666217086,29,1.3897382885208625,True
0.52722380184205664,20,1.1013911295271646,False
0.45713177260595139,12,1.3932864439312118,True
0.4860841399693821,17,1.2793680179067555,False
0.52230311575329857,7,1.593949685281292,True
0.45148259107376815,13,1.5788799750654134,True
0.53453400921695093,23,1.5362913426659204,True
0.43887790422717976,18,1.4762811783379761,True
0.53203804386824149,18,1.519404866263083,True
0.5380342397370127,13,1.6289805013876171,True
0.44543907778815006,15,1.4883847211351224,True
0.54609970756828963,23,1.5181058491321311,True
0.55019713910365597,19,1.6601244267581567,True
0.55077324273307626,23,1.3860332167807179,True
0.53601239595505334,18,1.6966308686903548,True
0.46775532974088901,18,1.5505604249991289,True
0.45296108602375612,15,1.3649303659336274,False
0.57120929922455754,28,1.567628505143827,True
0.51609746601556461,15,1.5712933981881103,True
0.53698766924155117,20,1.3782567316919327,True
0.46641887061754361,11,1.6465638237954785,True
0.47945219346054196,14,1.596339310508224,True
0.39153099234025446,13,1.2659850250878475,False
0.43855795844356732,19,1.3853567394799586,True
0.58304956837738375,21,1.5409630016389977,True
0.52409947285593017,22,1.5214655330368494,True
0.4796196506247154,16,1.3044999116851117,False
0.53052954970376742,29,1.2934174750409149,False
0.51639331481957373,19,1.6243430432133286,True
0.47104066429288322,13,1.608186055660576,True
0.47791493386712969,15,1.6313212503001482,True
0.48578705210371265,14,1.656318009187683,True
0.50673214589567495,15,1.6390045085666076,True
0.55557999697668181,27,1.4300024747342788,True
0.4828469767597986,16,1.5926000863473986,True
0.45441327994575942,13,1.5816770998407963,True
0.50295164543849391,20,1.2908076716926415,True
0.48617933935666013,23,1.5065124676284563,True
0.53181624201242061,16,1.6358429230917058,True
0.51408006504605297,21,1.649092814310037,True
0.54510154079429329,22,1.6145490988646458,True
0.53103891053021735,21,1.2799386117935807,False
0.50477542946860088,17,1.6196677145735436,True
0.52043232899138403,23,1.434412921800533,True
0.47058669717713802,15,1.5043666033590999,False
0.50638020972995434,19,1.582091441068594,True
0.46538463420237475,11,1.5620751572515497,True
0.4628970347259288,21,1.4802815153503022,True
0.4954068107438106,20,1.5643727870063495,True
0.47774746949213137,15,1.5060642100445665,True
0.48413172487358641,23,1.6093874851148799,True
0.48224420271803597,18,1.424322820063233,True
0.4297628330921579,14,1.4223610799812285,False
0.5588069741931504,29,1.5850910271752785,True
0.51966729318998062,20,1.6654654170275904,True
0.50921598362422626,23,1.4048951465763748,False
0.44478055690068163,13,1.3441000362507203,True
0.57120717828541379,22,1.6853381800176437,True
0.47579593018856875,18,1.3131649259592435,False
0.47594497832291627,17,1.5115760614328808,False
0.486974836635229,13,1.5871214797624684,True
0.52474800173433689,27,1.4959114094788715,True
0.47479695126673815,10,1.5956141136694575,True
0.576276609773957,20,1.426234932274077,True
0.53854199196196006,27,1.52957643790544,True
0.46656788406797689,20,1.451225458901034,False
0.49405108559386124,18,1.5020078848806599,True
0.52087418457274604,13,1.6597835655055349,True
0.52038473172144784,22,1.2582494996885123,False
0.47935822195917438,13,1.6047024747272502,True
0.55563911032340751,20,1.6756842797011173,True
0.49366740462078335,14,1.6306155872160149,True
0.55388145466213967,18,1.6217653921606083,True
0.49221078455689254,17,1.6619801076756557,True
0.51827440793973767,21,1.6306486838743424,True
0.55453862546437194,24,1.3905391261114273,True
0.48671405868801532,18,1.4790649769398594,False
0.57764865585115843,22,1.4785426134611106,True
0.52807423770651074,19,1.5217594238496865,True
0.51734992857143614,17,1.5274231816131651,True
0.52535294689882528,20,1.5219698850826051,True
0.44807163217562274,14,1.5948568613797183,True
0.54318070687094988,22,1.3575129288083438,False
0.49154173902802945,12,1.6602672830977794,True
0.4916018703362206,14,1.5044284379662638,True
0.53041409584684862,18,1.6199139225925074,True
0.45447644772369328,13,1.4713514029423613,False
0.44566227838573524,7,1.4502291467528541,True
0.51031326750774375,18,1.5076742877998015,True
0.47328611703878737,8,1.6148989739690263,True
0.47931601695880527,22,1.5431310513671914,True
0.52243697160416569,16,1.5161181065588187,True
0.46933927912358531,14,1.5704525524336101,True
0.36802723374065432,13,1.0934367981122901,False
0.46895646488706771,21,1.1303039229953384,False
0.49092150571238302,15,1.4555803548692201,False
0.63491856509813516,35,1.2968241718947731,False
0.48818250249962047,12,1.6276026841125426,True
0.4969357294900057,17,1.5937965974742074,True
0.51726959108923298,19,1.5256978836035862,True
0.50412741289914054,14,1.5193289271543589,True
0.56046686777195431,29,1.3033917115261289,False
0.50626951820728217,14,1.5887162695597921,True
0.53362495533012932,21,1.6398853630501991,True
0.49251994436403135,15,1.6574046159509455,True
0.51721462909079108,11,1.3894697651008021,True
0.5311243802906882,22,1.6493114084516451,True
0.50790499741116102,18,1.6223485424614195,True
0.46491682014836178,13,1.5629493943201171,True
0.51028278633275248,23,1.2934320200581095,False
0.46459326398819795,14,1.6113264855871203,True
0.45962528986748241,16,1.4892754555410639,True
0.58980685985338399,22,1.4486106129737732,True
0.50652826114758953,27,1.5903326047044186,True
0.43967029030842919,10,1.6116421713770648,True
0.45007564652807591,13,1.5405339407503094,True
0.46406710682841817,14,1.4017529560981545,False
0.48127601434884298,12,1.3776961885692565,False
0.56598926555271345,29,1.4782673132010768,True
0.4686954894303626,16,1.6302895853160069,True
0.46445554486184321,11,1.5653021765710025,True
0.52033443938342816,15,1.6447687636123745,True
0.52852975466482377,21,1.4561913187731019,True
0.55658410047646334,15,1.6214108651830499,True
0.53754888275777479,18,1.698696904693656,True
0.46277153677327537,15,1.4686905649659987,True
0.47919712456219637,18,1.4980159137652269,True
0.56402183167479547,29,1.5535406426780487,True
0.49060870653480271,12,1.6688198963340755,True
0.58887414088326973,25,1.4353027049261757,True
0.52438784142605444,17,1.2282118200945282,False
0.45217019866732322,10,1.5475796404494884,True
0.47912923740847679,16,1.4674901403867848,True
0.39880569882975608,11,1.406746903691523,True
0.46408957719508021,19,1.4352024681251956,True
0.55513180375010529,20,1.6299376556971286,True
0.52251646582019196,23,1.5825585335454952,True
0.47020059435735495,22,1.5253598729485764,True
0.53602548809354977,24,1.6398505252918836,True
0.48478935431794096,15,1.6284674845483469,True
0.52610136615132452,15,1.6727017476703296,True
0.50986093598362792,19,1.6281472767777911,True
0.49440057847846325,15,1.589974252408453,True
0.46896303678357187,17,1.5285643745975417,True
0.51889867933053591,15,1.6266418274917915,True
0.47775974396992626,10,1.6220011898073412,True
0.50142796612016816,16,1.670224449505521,True
0.55389895529867272,16,1.4093039749670333,True
0.4793450605461852,16,1.5966974592385426,True
0.49332441298302943,14,1.3633405296485723,True
0.51939421601159164,15,1.5626294719352172,True
0.50373047376753399,15,1.4796328113669484,True
0.50516086632127744,18,1.5873833872890486,True
0.52840319507688216,18,1.6801671714857305,True
0.47760559974009603,17,1.5160844049876772,True
0.5357723412925206,22,1.3341790958372874,False
0.42708186655951391,11,1.3585222987304608,False
0.51927100497811163,20,1.5952622010513395,True
0.52269630527870026,19,1.5289581955635949,True
0.48735713348942278,17,1.4433060974611853,True
0.51255148839800402,26,1.568092569004603,True
0.59337497896065861,26,1.6575895750616623,True
0.56905058315131851,22,1.4082351083685796,True
0.50575455836064465,24,1.4041542066320798,True
0.43857171080936336,15,1.4621085687810806,False
0.45620007463033874,17,1.4192417163463225,False
0.51433151375586317,14,1.6124405788298937,True
0.46362618048019444,12,1.6299828746322014,True
0.5450625006483244,15,1.5185465284660173,True
0.50674956815935779,18,1.6139076446040665,True
0.41052000723440391,10,1.4117781891206198,True
0.49950275855129855,18,1.6321142285502632,True
0.47657773113044216,14,1.6082507839646722,True
0.48555029477077277,14,1.6846223460055751,True
0.44361376732580216,15,1.4103073659783549,False
0.52335108655060103,10,1.3850055347007224,True
0.447492765838224,17,1.2977028566620088,False
0.48822416155108761,10,1.6439002468578992,True
0.46032734742568521,11,1.6234027037533878,True
0.50226029424213703,15,1.594204035987415,True
0.55287731067268764,30,1.4340163213849004,True
0.53474891292089344,19,1.6324758569554614,True
0.50691486781758088,17,1.6808864405752399,True
0.52536465179636249,17,1.7048010536776281,True
0.54719902180481961,25,1.5260495698379439,False
0.58002271669428429,18,1.2881189869637077,True
0.49511662800178619,19,1.4155953488022284,True
0.43882060633809816,13,1.5229944503668114,True
0.50462026979247521,12,1.6745563526917475,True
0.53007192248464607,22,1.6280315619516488,True
0.50243896091665874,14,1.6104262958748388,True
0.47962859481182735,13,1.5456640755382014,True
0.4494406842079498,21,1.1833059853514547,False
0.5304152959266597,24,1.4379056863524038,True
0.46773864862304376,18,1.5062463975236704,True
0.5011573353406229,19,1.4164915184521634,True
0.48962082957785913,15,1.5758549343202677,True
0.46525772223060302,18,1.4351568826283012,True
0.48876724144688333,12,1.5146671521920581,True
0.51484460208737481,18,1.5503830086238199,True
0.42615956219851275,14,1.472507201448807,False
0.49672094574695774,21,1.6322089155675779,True
0.48795684754193974,16,1.5450571771831858,True
0.49630332521826065,15,1.669485245728962,True
0.5667963330239979,24,1.2723755076048702,False
0.52029843367963768,18,1.4236756898914331,True
0.51292258563362259,18,1.3765821775160458,False
0.61016340365500699,28,1.7177818659216266,True
0.56839464144299257,18,1.5787354763929768,True
0.49279434114870296,17,1.6200861674263918,True
0.45457347304949419,18,1.3676542231587792,True
0.50581324451697995,24,1.4746707621063824,True
0.51842466194896042,22,1.6084609865706154,True
0.47652991102713477,16,1.4578785050423835,False
0.48580951505521591,18,1.2639017882876624,False
0.52838606424367596,14,1.6517516194319994,True
0.5343565996922186,18,1.5876238062558679,True
0.45653664764061425,19,1.3696270767547003,True
0.51103626748125208,17,1.5879800114881542,True
0.51548624567132084,23,1.380917873003247,True
0.49876543168190818,19,1.5366030475135646,True
0.49964799850924568,15,1.3988617977785629,True
0.45402508406154668,13,1.62540100562843,True
0.41175538440976633,14,1.3379460807820387,False
0.54100425133635321,20,1.6097000346783141,True
0.49361903312971522,18,1.2610624291034729,True
0.50882083984066329,20,1.6043162492153846,True
0.45713006294640468,12,1.559545767712248,False
0.52636041927814581,12,1.646150976075957,True
0.51774265973695044,19,1.6577356468653965,True
0.52358980669727573,20,1.5774618439980648,True
0.51727983164406388,17,1.6594815820520028,True
0.48264739185869904,19,1.478428299902995,True
0.44530422602358394,10,1.5367683916638333,True
0.5666412377558665,22,1.6233567798058977,True
0.47044031302718614,8,1.467375740988395,True
0.55265370785948154,22,1.3308484978470758,True
0.47553637176050506,19,1.4914345567895717,True
0.48470155728182662,13,1.6237234672237975,True
0.44675908723614882,16,1.451298557392033,True
0.51778664380105577,18,1.4416981246214713,False
0.52761964948485918,22,1.4560417773902752,True
0.4765389223088039,16,1.6636567166784424,True
0.45868046704375226,15,1.492212640562639,False
0.4836428684010845,12,1.5869797695736019,True
0.50570309645599965,14,1.6320840694638097,True
0.55002599720751655,18,1.5130114151479102,True
0.53579836774605094,28,1.2879592588227184,False
0.49247261806362552,15,1.4591920081726042,True
0.53523117971895018,15,1.6735085454583434,True
0.50219957182661423,19,1.4624787650435376,True
0.48739464906476226,16,1.4028341989029243,False
0.44727019528123685,16,1.4408170155492226,True
0.52802588126931371,21,1.4401490171822968,True
0.54479232871162842,26,1.5639536337684914,True
0.50773922972980012,19,1.5175894865509096,False
0.51649642791623795,21,1.5180711012293422,True
0.46798591633713948,13,1.4068246958803201,True
0.48320798188379649,19,1.5684252095987514,True
0.46310743013361971,19,1.4643315731438848,True
0.42986501443505026,11,1.360627568055176,False
0.52435605051179168,19,1.5381804780460919,True
0.49670274952554966,19,1.4289383831789104,True
0.44664394926612117,18,1.3471285219298903,False
0.51785899474947461,11,1.6341097682912966,True
0.47422959870831999,17,1.5798902364164076,True
0.5740064866069855,18,1.6467593935616769,True
0.40048140049535552,17,1.1621878842015343,False
0.48027575636964431,18,1.3695188665724916,True
0.46058570439443652,14,1.4195717847429112,False
0.46504080422955724,14,1.5578822883230907,True
0.47316789289178418,13,1.3168358003247398,False
0.48729020411479029,15,1.5530515069187354,True
0.56951396577554547,28,1.5461940231328373,True
0.4751802489612213,18,1.5041736933656304,True
0.49785800635944261,14,1.6797776801358388,True
0.51868718838946748,19,1.5127053460189612,True
0.50688302093933491,22,1.5172698487597214,True
0.46641352956599724,15,1.5702834587355348,True
0.48988364996833683,11,1.5326000621583351,True
0.47501482936683437,14,1.6175831906457288,True
0.44458627386282024,8,1.6546930812377532,True
0.51040554993149045,13,1.6272268042873281,True
0.51001085666575019,14,1.6815792051835419,True
0.49261544671666491,16,1.2644648322219489,False
0.43280346309204598,15,1.5606605192623659,True
0.43641520444024579,13,1.4799776878531459,True
0.46671364947410099,14,1.5291392788675813,True
0.48678124415396112,17,1.642855724931322,True
0.57291735722625303,22,1.5101146708865947,True
0.45337105556457996,16,1.3786924802893767,False
0.53288029253469649,14,1.5587595028602732,True
0.44881494485415296,14,1.4650546128711186,False
0.45890823994434088,17,1.4150700670730343,False
0.46675383296432477,9,1.6897538741606641,True
0.47852628376748252,22,1.4309828591962814,False
0.51249596376147721,15,1.6594685818620996,True
0.46613863620472468,17,1.5276498271462247,True
0.55532068298251125,17,1.6279133526895091,True
0.50086307248276185,24,1.3562137904434244,True
0.53703118218185542,19,1.4001546240545959,False
0.49386035936443945,16,1.4616581263588677,True
0.48632285140044623,10,1.6804085362711203,True
0.50790374502155855,15,1.5104426714496071,True
0.52433464550079001,16,1.5764419260974163,True
0.53135575210493657,24,1.5275917017584082,True
0.45351175590164017,19,1.2995726582177631,False
0.47608131595366571,17,1.5059179862282885,True
0.53936259873321146,21,1.3605415784504153,False
0.44841221126689007,14,1.4279462078599863,True
0.44938096441701852,11,1.5254449276448554,True
0.46735599277648393,14,1.3411545875596327,False
0.50525561335759084,19,1.5409806688969685,False
0.51818718215424608,22,1.543983955652146,True
0.46251332737378459,9,1.522335526167321,True
0.47836089825655725,15,1.5636990577573184,True
0.49590265761814245,21,1.3164958013515755,False
0.44947141837731014,20,1.3017117362557349,False
0.45298968115546545,13,1.5091398206159365,True
0.46708654294739527,9,1.5693144925525448,True
0.49380877657511552,17,1.5671247803620254,True
0.58910418229754313,28,1.4299266443327556,True
0.48061700652702299,14,1.6523772696407841,True
0.46626672690050686,12,1.6482610689102144,True
0.5248206929832081,21,1.5175275530622703,False
0.5172802801956583,15,1.6961001813307155,True
0.51794918675980517,15,1.4905170954032858,True
0.53536434220102613,21,1.6409645581157841,True
0.48584700055059798,11,1.6656581497021181,True
0.43994861389793649,13,1.4390673371884675,True
0.5551738215363472,20,1.4361817027514889,True
0.51446921431225312,17,1.5888720268130669,True
0.55278315730611649,27,1.4561768636502879,True
0.54117288951373665,22,1.461312688529236,True
0.523399796702119,20,1.669067068815985,True
0.46616575675041244,15,1.6006159289336592,True
0.51769413460680336,16,1.5725882928837933,True
0.53174753968109245,18,1.6912791442973978,True
0.44032984617309007,12,1.3614652443019195,False
0.59221948074806874,31,1.1952484064719464,False
0.53812529760151706,25,1.279571063410601,False
0.61786531576130754,35,1.4993225081900545,False
0.53688108064403028,20,1.5090248295044406,True
0.46374906522061665,10,1.5597619435767127,True
0.59785138102493618,39,1.2940394496014775,False
0.48198126496792626,12,1.6526947692796938,True
0.42985885863043044,18,1.4235989416881356,True
0.51081946606413797,24,1.486838528676707,True
0.49137021278610948,15,1.4823041977034423,True
0.46814320546126031,16,1.5885878725666758,True
0.48216049516746073,14,1.6079967736781677,True
0.51344796780292101,16,1.3261434977252253,False
0.55137586432949182,20,1.4040740763647153,True
0.48177806289414621,20,1.4437998056464589,True
0.53648159181102906,19,1.5677763329220489,True
0.55325695610799108,19,1.5851113075515213,True
0.56101934035908463,20,1.6370379587512449,True
0.47346633287045542,14,1.3480122201490177,True
0.45790523370915681,12,1.5171307351366516,False
0.49971674180687742,20,1.553817841209991,True
0.52235727452058089,20,1.6747963801831136,True
0.55059685539520886,16,1.6326042959509919,True
0.48135116187395532,15,1.622897363212142,True
0.53417999742927724,20,1.3394209606777978,True
0.57121907294423802,26,1.2751815950589624,False
0.51138364337518216,14,1.5688280701746926,True
0.4918808322328016,14,1.6335820584499878,True
0.5257382988765239,22,1.6434278319679565,True
0.49405455559074185,15,1.6063170130875748,True
0.52043089564477485,21,1.4377857149065474,False
0.42505442431955831,16,1.4496966718746567,True
0.46664371756867273,12,1.6130877678270814,True
0.59430380431650687,27,1.4345002219512695,True
0.44301962562421648,14,1.5243952609873335,True
0.55722832524000465,29,1.6084575516714892,True
0.55570023922934852,29,1.5471588554497926,True
0.4447011561191957,13,1.6354629442522834,True
0.5308539888141981,23,1.6319119868698246,True
0.43533982988421704,20,1.2787158348827097,True
0.48488322055869959,21,1.474735266214382,True
0.45340244122199358,15,1.4379005576432411,True
0.44329303475756238,14,1.3342563846194126,False
0.52700759977959999,19,1.6828128475659367,True
0.4739364017339987,22,1.0447321284112157,False
0.45515985693456723,13,1.5299640544558728,True
0.48608377519284518,19,1.4832578894773005,True
0.49059704852940417,12,1.6607798357602752,True
0.49770597050683257,14,1.5923724169026072,True
0.47957912447024026,14,1.4716811927958655,True
0.48327439870356936,17,1.5385237980118274,True
0.5594275090770312,25,1.3625397941766029,True
0.48515581331430296,24,1.3452083422842389,False
0.49451460140252645,11,1.6409309305038726,True
0.46562821356922141,11,1.6620194640089339,True
0.52777852490258659,32,1.6239098876855811,True
0.48151683667135453,23,0.98515033070468661,False
0.45817431747419868,16,1.5232630970749597,True
0.52115134357209381,30,1.395930698917339,False
0.48088935314359033,15,1.6804121823141802,True
0.52398863425592557,15,1.4603824149708156,True
0.50335106227651016,12,1.6306448483243026,True
0.47595373924135237,13,1.5466686430519303,True
0.52522260574477875,14,1.66802057263523,True
0.47830465566846403,12,1.6374989701466947,True
0.52187605782672408,17,1.5840493088420902,True
0.60028312426840691,31,1.2915673620266879,True
0.44383334556385617,19,1.3320732234173613,False
0.41114379424545694,13,1.4101937647485947,False
0.5100191028767338,14,1.5293584368597282,True
0.5239761563383134,20,1.5676441828428733,True
0.46539151905951692,19,1.397014866733425,True
0.54340872355684899,25,1.5344260555326117,True
0.46677629797035419,15,1.5677834686926262,True
0.48707874757296482,20,1.4107575197138356,False
0.50770995472819069,15,1.6162852655417419,True
0.47675799661854174,16,1.483898088313395,False
0.49350342635438754,10,1.6729188377398474,True
0.57517745841691337,22,1.5321186702835339,True
0.46105193051409021,16,1.4189881769554487,True
0.46153799537649792,15,1.5386227003489217,True
0.51318597143842182,13,1.6858959583482349,True
0.43498900640248911,15,1.4721602137900587,True
0.49729021657800032,9,1.6765807578631688,True
0.50106775986397056,22,1.6060150921029468,True
0.53504391761442327,27,1.4956766852366985,True
0.54028050299731267,19,1.5923912864834708,True
0.52343726885125952,20,1.6041255450889116,True
0.4847665432206919,12,1.6047126185117961,True
0.46467274252596197,12,1.5426415092046948,True
0.49144044821681676,11,1.6156089594433778,True
0.45784474667133629,13,1.5015480794145182,True
0.43921655348582422,16,1.5608405731223483,True
0.45705270619291671,12,1.1214161038545449,False
0.50952340562433618,28,1.1296621272937675,False
0.43887195648315513,10,1.5094570033125421,False
0.45767996886457712,16,1.5843727433508115,True
0.51608642788006831,14,1.6509381129649148,True
0.47582743447857762,10,1.5571106068838492,True
0.51590930120704015,22,1.5659035131752763,False
0.47319825171912194,17,1.4296428476077154,False
0.53801116759374945,19,1.5108540823054366,True
0.52244405834075003,25,1.2034453481092529,False
0.42733841529239758,7,1.566419475185465,True
0.44796263296723743,19,1.4380788833391771,False
0.49622245436980811,26,1.4770955072584315,True
0.49811497193442683,22,1.5186254203772054,True
0.53300092361277962,23,1.5166167330671518,True
0.5093009114538315,19,1.5718323877613654,True
0.46888719096292647,16,1.4538630595579261,True
0.46223487476650621,11,1.6515845355072944,True
0.53573878906598604,15,1.6926435708671612,True
0.52760556784295687,15,1.6461824637911968,True
0.44851650809996968,15,1.4052937745118903,False
0.56321739547997163,30,1.5671787293993491,True
0.54570346715041274,19,1.4850292398580527,True
0.52742744545476372,16,1.7073125205358926,True
0.55880815831086827,21,1.635553890280238,True
0.48879900930898029,11,1.5719999825935627,True
0.49883002999790094,14,1.6337200657991189,True
0.59747649190785612,29,1.4567729340350799,True
0.47747910036031249,20,1.5616419728513335,True
0.44766699045903219,14,1.4678818982633424,False
0.47013776908722943,17,1.2241926167482815,False
0.50978863331331781,14,1.6060350147552132,True
0.48740759849256254,13,1.6469244721694474,True
0.4705371207283498,13,1.4774021148083369,True
0.50543162311871426,13,1.6732482790023606,True
0.44239446687933642,14,1.4854177972086373,True
0.53179810270454364,11,1.5733507171268959,True
0.44398931764765237,16,1.4894673890705141,True
0.52089482132414255,18,1.3630689970151586,False
0.48735739465693001,19,1.3896211432556849,False
0.50980929061731051,17,1.5645987086086659,True
0.5697807404886549,30,1.430484038691056,True
0.49883646772580587,20,1.5016415075284517,True
0.53288984720411803,19,1.5669523577057785,True
0.54354912235848019,21,1.4785000237239687,False
0.47624973212964478,14,1.6292591426519385,True
0.46088759865228301,14,1.4412506886452743,True
0.46648435522574477,16,1.5185249114390835,False
0.45834848938931333,16,1.3769059362929801,True
0.49058602761920572,22,1.633321801332281,True
0.54837080272599137,24,1.4558852087200203,True
0.4417750458818373,13,1.5241430496436341,True
0.46561347658006924,12,1.6022179240397594,True
0.47505309478501073,16,1.5214823382794287,True
0.52002915242774084,33,1.3239670338342311,False
0.49711156739516221,14,1.6164573414184349,True
0.46258530466618586,17,1.5533533225848066,True
0.50868655963999099,16,1.5487924815915193,True
0.50192898188814261,26,1.4773263943381605,False
0.43900214597336407,15,1.398231462329675,True
0.44777824675599542,15,1.439342532035236,False
0.48530766803780268,17,1.5423585939871045,True
0.46931167747141206,15,1.4886312095382654,False
0.46761983272261337,17,1.5514216921439372,True
0.54182373227954406,31,1.3670662151077084,True
0.4927874340398668,15,1.645940863002072,True
0.48579611055124328,21,1.2428053228094573,False
0.50262145514389756,16,1.5756067411944936,True
0.44348966506120707,12,1.5244715356087575,True
0.51085914103831753,22,1.6351446635804439,True
0.4630075548843896,17,1.5264023679807981,True
0.50907240389405117,18,1.3451444824721794,True
0.46202198188339982,10,1.6447338768964879,True
0.54898631687007537,25,1.3713216409666908,False
0.58047997824404973,25,1.486467588956129,True
0.48470970529290114,13,1.6483027551521952,True
0.44328551574262515,10,1.405830716321897,True
0.51502915790244297,21,1.4540677159694591,False
0.49954175889782715,19,1.3281407060678527,False
0.48314205605605237,18,1.4975257966057867,True
0.5173652656636607,19,1.5983928889813619,True
0.52965023282559354,19,1.3477417411622084,True
0.51129458730348731,13,1.6863662525414449,True
0.52106857298562692,24,1.6289193055493552,True
0.52798528615929152,18,1.6885440490069348,True
0.47634175961796432,14,1.6415801398075884,True
0.48558902447811625,24,1.4477412751169312,False
0.51593058525781998,14,1.6059109561029699,True
0.50792007280983198,18,1.6256880807895733,True
0.53640125069235012,25,1.4021917672921793,True
0.55833553263973423,18,1.4523388480721569,True
0.46474789992438137,17,1.4333141699531675,False
0.53300054611713021,24,1.4228000620538948,True
0.49205814609909027,16,1.5602972218192324,True
0.53327278684516044,22,1.343489678485241,False
0.479365096460247,11,1.5790246014031883,True
0.47332140309186194,17,1.4662175957252175,False
0.4781614612884969,18,1.3722956380727931,False
0.49782406077601998,18,1.5612017422764848,True
0.45762077955628794,16,1.3632990191350571,False
0.48455167612366434,15,1.5591163392470853,True
0.44786702410704965,12,1.4515410671386018,False
0.58888856480885521,26,1.4536192040472788,True
0.49067697033005386,23,1.4944689875422208,True
0.47686332690744382,16,1.3823454957764738,True
0.49090046746870097,22,1.2092482729050302,False
0.47447197701651184,15,1.6075273390797393,True
0.56901711642092867,22,1.6082654469599227,True
0.48214686652320865,16,1.605924000310746,True
0.51785647169729343,16,1.4503627508186168,True
0.56379866470268136,25,1.5870690971802683,True
0.52472510707662301,21,1.5333547695062952,True
0.44735536876380949,14,1.3916182772648045,False
0.43977318200511045,12,1.5085735139114076,True
0.43795058096749551,21,1.0779164787577269,False
0.41807923300616084,11,1.4356563915665204,True
0.51352671815844952,18,1.6018970249979512,True
0.5098270351071259,14,1.5601702480793267,True
0.50089611416177304,16,1.6909241932552224,True
0.44546064427050902,12,1.5511201221677116,False
0.51200282036019251,22,1.5064443398518319,True
0.4867889992424137,16,1.5596127285120198,True
0.48424848446844121,19,1.5166399178463368,True
0.47772356769302032,20,1.4475533590985856,True
0.438517470628628,13,1.5387005053142047,True
0.47020553748565275,18,1.4907392454315023,True
0.52867981255979191,18,1.46480861688061,True
0.49351415179476787,16,1.5528360343425738,True
0.46962940021598548,15,1.5598486945738534,True
0.5127828495203216,18,1.5348318853866449,True
0.53446351179374485,22,1.6005025792643863,True
0.50825310216498698,16,1.6541170210734966,True
0.48968012690508239,9,1.5992376343928414,True
0.48211234568397321,14,1.6024830831662766,True
0.43691193378528953,10,1.4659786287857182,True
0.46230744229801035,15,1.5575520922191799,True
0.47883843536415588,17,1.4710524001530052,True
0.47426302659846786,13,1.562484342378941,True
0.47851441735690237,15,1.6343405374139399,True
0.47355392425495546,18,1.3028629714675657,False
0.48383951877670939,16,1.6270419794028432,True
0.48490098891344297,19,1.4192513496004018,False
0.47456470876853601,16,1.3338844690125304,True
0.49136251291401117,16,1.5866972229442613,True
0.56555494713025112,26,1.5814927841033339,True
0.53055839396059545,25,1.4541687705957622,True
0.43715762830419913,13,1.4857427864680706,True
0.43059913538847311,12,1.4025770520993295,True
0.51046031291772165,15,1.5995679358022843,True
0.53005216908506947,22,1.4827286310439278,True
0.474156173384638,12,1.6320815112116753,True
0.45633643967208132,16,1.587554154397113,True
0.49954976240782217,13,1.6951830942351978,True
0.48201699189591901,14,1.3488535871201741,False
0.44551739946773788,9,1.5683179321204006,True
0.42338761373035222,20,1.3045693515717998,False
0.57017115453350076,23,1.5126797429249856,True
0.54435349530156663,23,1.6633581763686152,True
0.49994161021389938,20,1.5317181252012964,True
0.49034464612714251,20,1.574997101803379,True
0.46680480268738422,20,1.2973110360696622,False
0.5022517958667535,20,1.4014964522290516,True
0.50119454860566093,17,1.3968673335658506,True
0.46706868528301149,16,1.4874322785940839,True
0.54048145527520564,14,1.5955049225565334,True
0.50171065598042175,15,1.5745697352415493,True
0.46649842787173373,26,1.4900053406857445,True
0.57095467878765471,34,1.5182971886924639,False
0.48053543175080987,18,1.4435466547833149,True
0.50443912541309688,15,1.6477593753081317,True
0.5151416007838181,23,1.5809966673796509,True
0.43601801611641244,15,1.4181946905449154,True
0.50919911043939503,16,1.6319006355220496,True
0.50862911556218326,24,1.4752183829533232,True
0.52837813308280757,15,1.6764162054194753,True
0.57883164048591029,22,1.5689966549516843,True
0.52419571552325561,20,1.4921677812089373,True
0.53821664871013142,22,1.5886772346940004,True
0.49939630002939289,22,1.1834657835061493,False
0.45321055018571793,11,1.4830784923945701,False
0.5342048672161237,20,1.4527539216986329,True
0.50633339355482221,18,1.5324674332077775,True
0.4551197812027275,21,1.4140630518407233,True
0.55247129945624429,20,1.6511529448046685,True
0.52671873193323437,20,1.6107017848902019,True
0.48255594055841688,14,1.6073733348831962,True
0.42191862424383136,13,1.3923234439686714,False
0.48423720978196477,15,1.5583833886866247,True
0.48530192596185495,10,1.652499508984383,True
0.45726262888651908,12,1.6205103602808073,True
0.50202020205876841,18,1.5360043934623815,True
0.49211073752157164,16,1.549174449659843,True
0.4326647594305435,12,1.5269312684503364,True
0.48668752529055859,17,1.4083675449396615,False
0.47544798541787953,9,1.3721779144659834,True
0.44396408951766431,15,1.5180983743064818,True
0.46099366544145892,12,1.5953859524461507,True
0.50214048860642713,18,1.6439596646430152,True
0.46526623900556774,20,1.3431798091347502,False
0.49733314389162681,17,1.6400631988123524,True
0.52347258622376058,19,1.4726323701304276,True
0.43845879004040894,15,1.4805510441168015,True
0.51341933869607681,16,1.6324702019606623,True
0.49758163329082417,16,1.5051437038617357,True
0.5280500352079901,21,1.5235793615711215,False
0.51405488353036577,19,1.5021992505302588,False
0.52747067576188456,23,1.2867267258006267,False
0.48921314550914508,14,1.6777916806690822,True
0.54497501416818916,25,1.5009417376363861,True
0.42541759941270385,9,1.5340925733852704,True
0.52008908505699925,19,1.669382619022691,True
0.62380764121178411,27,1.455354896830239,True
0.50550450747683628,23,1.406046555492046,False
0.53971460453231468,18,1.3777610061976924,False
0.504571183778181,21,1.6201482509080261,True
0.47289064247921009,18,1.4135663656498791,False
0.52706237190487404,21,1.5725737813965093,True
0.4968974658584584,16,1.6148883624483941,True
0.52816261730628311,26,1.3696777273844742,False
0.54650296623219674,26,1.3807831324396982,True
0.51217460619863153,20,1.3109918014171575,True
0.54915981207426612,20,1.2490623935479463,False
0.57079213366642834,26,1.6616852479662545,True
0.57967597879443067,23,1.3945541533978352,True
0.47917493603463812,14,1.6242880766382057,True
0.45055684297111603,14,1.5718326008169385,True
0.54319905066418861,19,1.7020291346797081,True
0.58176477314901331,19,1.5974842537569913,True
0.48411596322058031,13,1.6716999968031152,True
0.4995557474172263,20,1.5749200287155327,True
0.59800680952306717,32,1.2215696162337126,False
0.47218367156647117,13,1.6493796900904543,True
0.49647071746390858,15,1.5438190315820248,True
0.49271710737390534,15,1.4460759576459317,True
0.52800515116502844,14,1.6988453376232659,True
0.44604854878107209,9,1.5274912094562005,True
0.55759206989459187,26,1.4537989736976145,True
0.48184994132252662,14,1.622709304783573,True
0.5855698007150747,20,1.4475668836165245,True
0.48309797169033958,16,1.5404334096279249,True
0.52515345729659935,17,1.6642717649321381,True
0.50094825370061602,8,1.562001060433474,True
0.47082174524626641,16,1.5035919282471208,True
0.50556135343900654,23,1.3488514603030968,False
0.52336004956196558,25,1.3267403772381301,True
0.50027302488764092,16,1.5738331267617551,True
0.49125730319859512,14,1.5973480649616385,True
0.4758575956818959,12,1.5370702758534873,True
0.42639509764821198,9,1.5859139118109562,True
0.54566082867863952,30,1.5551499390660939,False
0.48546885290724595,15,1.600179966276269,True
0.49782781541732779,21,1.5976731953756524,True
0.46515987893382721,11,1.5211151850574427,True
0.47098922525658488,16,1.6169239723786561,True
0.43864964331547601,17,1.352573682725712,False
0.54821692890973406,17,1.4911156241814563,True
0.51706919259543105,19,1.6175116960389802,True
0.54864648716049502,20,1.5764620892302257,True
0.51129978223837136,18,1.6268923301225764,True
0.50592035994952333,17,1.4779538514107562,False
0.4571535177701439,14,1.5003323427666253,True
0.53549590537144121,20,1.431732832586516,True
0.48898974362443132,22,1.4803018275457707,False
0.48088161227799991,15,1.5489936506872564,True
0.48463540819906853,16,1.6472725071900203,True
0.4469786931473867,13,1.5191748369663083,False
0.53474486364208862,22,1.568327044741314,True
0.45168623206858338,18,1.3028076576411212,False
0.49507785255910763,14,1.6825594524269343,True
0.40660200470153063,19,1.359226960707915,True
0.51234685854961903,13,1.6835229870660422,True
0.45447042355633133,13,1.6094176924697987,True
0.45705206629905865,11,1.5437181932455786,False
0.44422519964317325,13,1.3956266181331782,False
0.51685602595067737,11,1.5812226100308768,True
0.56704767368106734,22,1.5858544672863897,True
0.44952823747873344,13,1.4374439459626407,True
0.52779641337691752,17,1.7027303797001903,True
0.4463271663079616,11,1.5876658996392874,True
0.48838916984370989,20,1.506923536463068,True
0.49782859795654449,17,1.6659078959747158,True
0.5036478086453825,18,1.6686378693562034,True
0.46286365576129068,16,1.5498384286507476,True
0.52639587446364944,21,1.6562087330470461,True
0.55613234493211061,12,1.5774284986822191,True
0.55283652800901806,27,1.6267954053056075,True
0.46275002101418317,17,1.478047168974683,True
0.4552626076688544,12,1.6182949707503009,True
0.54301102442686011,19,1.6629590298853865,True
0.50792254155848537,10,1.5218509680112016,True
0.59128375840456071,24,1.6932930857774873,True
0.49816316881308231,25,1.3058030781831229,False
0.47300845495496335,17,1.3588116103482735,False
0.52291916249094916,21,1.5153189367225792,False
0.56023742336156002,22,1.3893671996580179,False
0.46882560953194929,15,1.6019973776971905,True
0.5375576897680866,25,1.4076472355912217,True
0.39316607715433277,7,1.372642415601588,True
0.53559063745126145,20,1.6974408998867681,True
0.51625815088957361,18,1.3013834569030589,False
0.52036166061421041,22,1.5712846117493606,True
0.52962051559003875,20,1.5129104842694829,True
0.43959888466109509,9,1.4575700679862684,True
0.41448861291486055,12,1.2953486101904181,True
0.47781068789230285,12,1.6334981850384553,True
0.48722167796750221,16,1.4147876993857365,False
0.49546876766662362,21,1.5366269741668026,True
0.49334710716152103,16,1.6450797370377699,True
0.55967612425136892,21,1.4927351944533338,True
0.54845994699596146,21,1.6123074081519484,True
0.45731531935595077,13,1.5806460286194117,True
0.4566268534498098,14,1.5706493105315007,True
0.47473274341229305,14,1.5682627452448572,True
0.46190218875007666,18,1.3468042940235512,False
0.52486970417549195,18,1.6357941324123229,True
0.43872010515978643,17,1.3949509464135927,True
0.53289358612905302,21,1.4865617924798171,True
0.51882898659845977,27,1.356438869599937,False
0.43166023702787321,13,1.4882302772319911,True
0.51660221038926413,15,1.682784123453329,True
0.50223252088903136,14,1.5758875135560582,True
0.49724517683249853,13,1.6106257700023201,True
0.45778642229826527,11,1.6008643891916876,True
0.50344133465419882,21,1.6397822232543477,True
0.53697123974472638,15,1.3649546505633194,True
0.46539372110632238,10,1.5849430411929395,True
0.42506230814828949,11,1.4100894676420133,False
0.49395856559521356,21,1.3449841013039117,False
0.52201076975451532,21,1.474199831905846,True
0.46339031552100907,10,1.6225576207733676,True
0.47224063138770489,18,1.4481134734840924,False
0.43264145329383263,17,1.2028340933703592,False
0.53732241632444355,19,1.5698401381326252,True
0.48777003474000763,14,1.646131494770686,True
0.51135039081124611,14,1.5375661662824951,True
0.47896724463204926,16,1.5893092884217452,True
0.53909846444706488,16,1.4765467223363546,True
0.48519353373171814,19,1.4440095607359837,True
0.46889928036578515,8,1.6175403855200381,True
0.51647583343529191,17,1.6501513041992704,True
0.48802963492897761,17,1.5325401084628933,True
0.47479705701858876,18,1.4504543531451857,True
0.46921236115115178,11,1.5547824525367187,False
0.50069640138546589,17,1.5140907173681355,True
0.56471476370981966,27,1.5915126123149372,True
0.54461280563354497,23,1.6409437711466259,True
0.43496409868503083,16,1.4691458548836516,True
0.523902214901799,17,1.620050225186032,True
0.55957632854309958,18,1.6235349732154956,True
0.49444850948700286,17,1.6451875685757462,True
0.48608719493927083,15,1.620196603567273,True
0.46130751123710656,13,1.6076989399589423,True
0.5090685767961417,11,1.5642404829813579,True
0.58106934393127785,32,1.3706912780849663,True
0.5960664808891043,33,1.5726984954374406,True
0.49055781094331058,9,1.3817251121313734,True
0.46864187183819916,15,1.4854693558436725,True
0.51782792422382717,11,1.5755753519105613,True
0.51234893146138594,19,1.6328859441436363,True
0.49969176829411649,17,1.6689012923792803,True
0.45155283661731505,17,1.3900292504505185,False
0.46701931011326819,12,1.4912110055143966,True
0.48630457911968417,20,1.5503810927188466,True
0.50921252062439004,13,1.6820576105595213,True
0.43217136631233083,10,1.5567768756445513,True
0.51710393996929682,13,1.7063794112712929,True
0.56758393351872982,23,1.6614631307018319,True
0.43224809033987704,13,1.3510329015779885,False
0.4836076636355176,18,1.5522874219205347,True
0.47003913356008803,16,1.4350098289390911,False
0.50484327534949003,17,1.635186591221327,True
0.52823799782142677,22,1.5889437417815937,True
0.54955019394452098,20,1.5320447695973045,True
0.4556422585236079,9,1.6580443341947757,True
0.51673377174970481,18,1.5125195577630659,True
0.54792466513398885,17,1.6328815655271673,True
0.50553649637274889,13,1.7043100551774872,True
0.56275491188786597,31,1.5756605775534127,True
0.51549831931363477,15,1.6232846712391491,True
0.4896382890030313,16,1.5236508432216207,True
0.53739736676987371,17,1.4829592732454118,True
0.42286474711441507,16,1.2264489508200231,False
0.48068171443645119,11,1.5206198164269602,True
0.51641988585085641,15,1.6708052897631467,True
0.5931286925180429,29,1.5818902115911242,True
0.55506132165599309,26,1.5699822332700379,True
0.48556480170638838,16,1.5267501534934644,False
0.51881308293005035,24,1.5072753061337929,True
0.45186328519161845,17,1.4924579746102207,True
0.48713327792379701,18,1.6112356366303595,True
0.50041488869492878,13,1.6723717599185535,True
0.44992152254099543,16,1.5263593571606153,True
0.5302488321706833,16,1.4378454749625014,True
0.52567729255555895,21,1.5527447047377418,True
0.50471676096755003,21,1.5764983960106409,True
0.48402061495725618,11,1.4432732251976539,True
0.49133108869313202,13,1.3666480301706898,False
0.50401824296737097,19,1.4462402940133361,False
0.47310526674619258,21,1.5436253393790111,True
0.47701193027451394,17,1.6244144425229148,True
0.510264233978454,19,1.4611089587403689,True
0.44443135501694081,11,1.6042015655516568,True
0.51380740951384873,21,1.6371461802197504,True
0.55045238350834569,28,1.5792309547965155,True
0.47580836056099962,19,1.4085732763241481,False
0.44832063636151304,14,1.5754455197889323,True
0.45368582103216554,14,1.3652130237486302,False
0.4572342420376091,11,1.5309922911596496,True
0.50746072031522294,12,1.6419559529707179,True
0.52076156794614392,17,1.5847910325982326,True
0.55076045217608038,25,1.4884696930758994,False
0.49848914390354876,12,1.5831848873125387,True
0.51120102068957995,21,1.5216061210845777,False
0.57034839899838008,20,1.6331032789917654,True
0.46636315951302054,13,1.5996002001944154,True
0.4769925109148162,12,1.5445323777337601,True
0.49653708720292333,24,1.535440917212979,True
0.51584710383530008,23,1.5824537540023949,False
0.55475554728236032,20,1.6631381011591388,True
0.52064603447240498,19,1.3676754816796397,False
0.45291973598548002,14,1.3437186683607172,False
0.58312944006712231,25,1.5359932467919861,True
0.48403965635758817,16,1.5814952513809744,True
0.53046455735025511,16,1.5866557142901927,True
0.45614731848720252,16,1.4587723373230845,True
0.47137196517245977,17,1.6151320538185052,True
0.51574003569339788,16,1.6803070346221058,True
0.51632723708979655,24,1.4980813913952222,False
0.44919066373451194,20,1.4147700813914454,True
0.48792847442561327,12,1.6916946080252091,True
0.48724420580432937,13,1.4957655700251884,True
0.46818357856952436,19,1.5585432814536422,True
0.44875233661204561,16,1.5116869070880341,False
0.43301896451429278,16,1.4859141396970303,True
0.49140321715604712,12,1.5818722095776141,True
0.47815719442412885,12,1.5860055910782778,True
0.5176049988511463,17,1.6337682598333361,True
0.51614119722462082,25,1.3654507179042583,True
0.52120345825062986,25,1.4387790009141823,True
0.42199083493296208,15,1.4892806929295015,True
0.57690930287733388,24,1.4692878176096686,True
0.55510949692557054,29,1.6046891531919292,True
0.45410941280073003,12,1.5757583128098989,True
0.52806620396466064,18,1.583712075286988,True
0.49836150286985331,19,1.4891295010963697,True
0.46666574294532376,17,1.4904402382394333,True
0.48492280719287467,19,1.5779772113160782,True
0.53646981070897326,26,1.6175360311389024,True
0.4856515689344939,15,1.2924363982844644,False
0.46682970601926377,12,1.5784518970921457,True
0.55186225680429546,17,1.6333621063434742,True
0.45993925841226996,12,1.6093841250451189,True
0.45368684254178437,21,1.5035627416672039,False
0.47845103476155942,13,1.5516002086880105,False
0.51994849024479983,16,1.411748909272597,False
0.46604446653098663,14,1.5987784355499861,True
0.53399541138912798,20,1.5821085967975073,True
0.45225846527579111,12,1.5574087733543482,True
0.52254377725573231,22,1.3911904369631318,False
0.49942224907629174,15,1.642990109861264,True
0.46870651518717366,16,1.5624199573677873,True
0.54315339721795919,19,1.675846204744627,True
0.4527434307498045,20,1.1546328491435069,False
0.49044280667292023,15,1.4867690498090675,False
0.47799672706693047,12,1.6597480458867848,True
0.5072902473088684,15,1.6768389125718055,True
0.54810845135823605,17,1.6473680044352246,True
0.52046385000980899,18,1.39164609862959,False
0.5330460906228579,15,1.6811618336805689,True
0.46503006655405416,18,1.3894932770443,False
0.43244384781141304,11,1.4484512857130731,False
0.4661682016609579,17,1.558701289075529,True
0.51956555011277894,21,1.5269532474420457,True
0.57296020601739694,21,1.5573173300039604,True
0.49543652546266226,10,1.6349146407120423,True
0.49131803885118513,10,1.6337506761009974,True
0.47984175587184463,12,1.5730943439331055,True
0.47678414140396602,18,1.441148457171924,True
0.54044539206614917,28,1.4811599198857976,True
0.50890452487078885,14,1.687688411469799,True
0.42989077763131811,12,1.330355253104782,True
0.55684446759669537,24,1.4983730339736041,True
0.53483859475538509,25,1.5215066685592322,True
0.4818022023308407,13,1.584981507163608,False
0.51178632958754811,20,1.2633756681207597,False
0.47959404273850315,14,1.6133731447806239,True
0.45438066675150712,10,1.5816297322938113,True
0.51161247149177358,15,1.6830613899262958,True
0.55077490369465709,16,1.5581541966453676,True
0.50133626383147534,16,1.5499813091619172,True
0.54234370940419829,30,1.5772376255083445,True
0.55429491311763801,20,1.4850129745032608,True
0.45606507172169303,14,1.4554547735436605,False
0.47932343578054859,17,1.5073090678341285,True
0.51794934257228753,16,1.6994779752672284,True
0.4886837318508146,14,1.6474123777961922,True
0.51441668648628758,19,1.5998237112412685,True
0.534582374090112,16,1.5532359657765498,True
0.45729992194958924,10,1.5482627389085197,True
0.52635802904460316,19,1.5675636587693655,True
0.48992532296901542,15,1.6471728542241364,True
0.50069573271111678,15,1.6842321631717576,True
0.4260647051247442,9,1.4120382201207564,True
0.45540255399600432,14,1.5438106815895587,True
0.54551915821025876,23,1.5999149487196711,True
0.49055796618322489,17,1.2020322570349842,False
0.47238532016085416,12,1.5619242816533396,True
0.49415373400056978,23,1.3880308151369742,True
0.42502140956781714,13,1.3050186206906904,False
0.50522370423490026,15,1.6645368805800258,True
0.48799253477501936,17,1.4952475688711238,True
0.47345749112378266,14,1.5504832194178875,True
0.56236634636073535,21,1.6092781070258544,True
0.49383689996310037,16,1.6570828299273179,True
0.50437423213900157,23,1.3852009910922018,False
0.43054422560471262,15,1.2487326304150073,False
0.48462340986941371,17,1.5584543373640534,True
0.47409803770547598,20,1.2456930158764203,False
0.50051117982601834,20,1.6134376162375768,True
0.51190576175561175,18,1.6599499675937015,True
0.47648664470596652,13,1.6708664652206213,True
0.51525073653809705,17,1.5439646615294129,True
0.4712259878690534,14,1.6131641375748005,True
0.4845648366544929,17,1.5278461730576576,True
0.4686323571653313,15,1.4861994406329839,False
0.45859459464114094,19,1.5122159686385159,True
0.45489656767234127,17,1.3325812654677764,False
0.4820500511056971,23,1.425112913410004,True
0.4855671037551455,29,1.2444137433791556,False
0.49252243391804518,16,1.4629987148388697,True
0.49696561024237723,16,1.4863504375500771,True
0.41502385859648039,8,1.5003465057057133,True
0.51649880726139885,13,1.6562904939670138,True
0.50788197725548656,14,1.6197971742409092,True
0.40217593219821574,11,1.4240543259332532,True
0.46141648806726665,12,1.5444345646396225,False
0.50100465371485314,16,1.5939652675331695,True
0.52957223989866731,15,1.6419070528602238,True
0.51941503117240106,17,1.498866390847081,True
0.48154493022547701,15,1.464335861546421,True
0.55042392005862983,17,1.1926553534778317,True
0.43851910970113062,13,1.4785275526310464,True
0.47355466578232236,14,1.6742391842402289,True
0.49495195745456272,21,1.5685338645840614,True
0.51205049234976352,18,1.6256339115007781,True
0.47737480092888146,18,1.2648814747251766,False
0.4952882285904382,24,1.1825179783766138,False
0.48000211388246122,10,1.6882962875180958,True
0.45185337889607285,13,1.4719205606921228,True
0.48065203434110587,17,1.5916414345382142,True
0.59020741915098873,34,1.3692464724088202,True
0.49775569935435571,17,1.6429748338117329,True
0.52695714934730331,21,1.647587345742346,True
0.43963990034232203,17,1.3771271986980771,True
0.46245030851697044,13,1.622928860614153,True
0.49579751399044236,21,1.3797923960038463,False
0.54645914968555731,22,1.2499769323859091,True
0.49766949774508262,15,1.5787193389995642,True
0.50522165753649084,20,1.4495300165506826,False
