0.58030447195758861,10,1.5909324773426163,True
0.619749362376528,11,1.5594152861193682,True
0.57363755506780056,9,1.4315558451969919,False
0.52024225903069776,9,1.4831021124814501,True
0.58534429196227178,10,1.6046764053923772,True
0.60950498239756179,11,1.4607415007863456,True
0.62620453550442345,10,1.64589795678201,True
0.59892737440426358,10,1.4683340334676833,True
0.53745358988719172,10,1.2226475137474924,False
0.61074346849270134,10,1.5645291963104995,True
0.52166493324093577,9,1.4552228177783626,True
0.5125775740624523,9,1.5125812883512804,False
0.51014821892894735,9,1.5196670344325927,True
0.62926741548929488,10,1.6494536276702771,True
0.66179296155092349,11,1.6591847257786696,True
0.68436929907049948,11,1.5849463820184222,True
0.54079033277603206,10,1.3160560107469088,False
0.64240085196367724,11,1.5669161590930081,True
0.64786037312513844,11,1.4382408381760579,True
0.56874201447476869,10,1.5086121309683793,False
0.64620515366329212,11,1.5676564064870666,True
0.48110087375218474,10,1.4733405662032668,False
0.52391092508412551,10,1.4585233303889886,False
0.5754902108989095,11,1.5054263875663887,True
0.60896048929324886,10,1.6569364627860905,True
0.53184370124252978,10,1.3464227775496513,False
0.53474799222202485,9,1.3441909522728288,True
0.65336356346749858,11,1.6791553738156031,True
0.63391108236935134,11,1.5554499387257559,True
0.63482006028783133,11,1.6558837386526133,True
0.61298392134952484,10,1.4230167691700457,True
0.5394040698424698,10,1.220134965862619,False
0.60454080992452219,10,1.583315047607684,True
0.58633531718622289,10,1.6233225240322433,True
0.58086597475038038,10,1.5654915703887105,True
0.56776917445559016,10,1.4881203308819111,True
0.58402212180174951,10,1.6028635118206855,True
0.51976304893882885,9,1.3546348219155426,False
0.67948648394392608,11,1.6465398680062391,True
0.60224404428712697,11,1.6541311414923128,True
0.52424644774211948,10,1.3025279074921847,False
0.54638352922007738,11,1.5590338798368006,True
0.5942088764509007,10,1.6461977788287578,True
0.55410205249687339,9,1.4449191867748843,True
0.63544757050849465,11,1.6617179573791458,True
0.62022692946085889,10,1.6601843243412229,True
0.53662413176720991,9,1.676420463297235,True
0.57653575746717833,10,1.5639536110646162,True
0.58256583424747366,10,1.5610502611827655,True
0.59072980423385935,10,1.5629189803949342,True
0.61724875613213326,10,1.6372319284174224,True
0.57211474502964743,10,1.3834340762168162,False
0.55236195959978729,9,1.4971775294297163,True
0.63389949818125835,10,1.6087904219191873,True
0.61929023384648807,11,1.6833483502817546,True
0.58120852966212355,10,1.5436147946384999,True
0.6135342573726924,11,1.5277315286088509,True
0.61044536196452792,10,1.3744472445433951,True
0.5863327420220662,10,1.4483154751582008,True
0.59078316850764379,10,1.4893761458405499,True
0.61073387476254215,10,1.4841047241909999,True
0.63344008651596895,11,1.6199629004169582,True
0.64153124703380848,10,1.5747116212639993,True
0.53740634452453417,10,1.3448911849603731,False
0.61714905550781129,10,1.5006147166171555,False
0.60415773055945232,10,1.6763349653888175,True
0.59954760294487108,10,1.6769754906900689,True
0.52790388475529892,10,1.4757078702925741,False
0.56326617589204853,10,1.5749416595725756,True
0.61181152680043904,10,1.5739976464003358,True
0.66692969666779733,11,1.6645472061809385,True
0.60298324817867333,10,1.6444580068432151,True
0.59048462692939752,10,1.529484241907167,True
0.66317043498952077,11,1.5694202032420568,True
0.51501661163570689,10,1.2980495795903799,False
0.56546460664233,10,1.6010147951326859,True
0.55897742749290358,10,1.4520558226943245,True
0.66923520044096285,11,1.5360845418252618,True
0.45081635082236388,9,1.1628221687047207,False
0.51989015934061589,9,1.4418458940416838,True
0.62808322384883142,11,1.6364580735861194,True
0.61812176838301347,10,1.6556110963855475,True
0.57320465570518286,10,1.6710583219451658,True
0.58749371436709164,10,1.559371389034689,True
0.62197418704735896,11,1.4566743754972542,False
0.63816229806652636,11,1.647976655446318,True
0.61640400199357004,10,1.5966568634795766,True
0.53340748454811171,9,1.3680685138116639,True
0.56189142796036406,10,1.3994821986521311,True
0.51459178222750968,10,1.4641066909768978,True
0.54637911768555147,10,1.4122235992162695,False
0.60232826460836764,10,1.5085824796562588,True
0.52176151689568517,9,1.5920537587622994,True
0.56085406399184712,10,1.5721092282660833,True
0.66955322860587685,11,1.5114700978292541,True
0.54115294400300995,10,1.3222088718500304,False
0.47920858536933897,9,1.2704862314150482,False
0.60244564446665394,10,1.5926034592665648,True
0.54435631962468378,10,1.3996567427616637,False
0.57560966976558547,9,1.3144230825465435,False
0.51927792176365761,10,1.437402676647096,False
0.5893721457314256,10,1.6978288963613917,True
0.59632207270604576,10,1.579061892062527,True
0.6298072426012038,10,1.5464144654081426,True
0.53422273802515197,9,1.5282903181890797,True
0.53786673454248835,10,1.6344593913901595,True
0.58548305365108522,11,1.5611001370583601,True
0.59162908311440943,9,1.1818171330611413,False
0.58869859709290351,10,1.6137618608491426,True
0.62569642378134049,11,1.5432963815286658,True
0.57352662364264728,10,1.3151379007624371,True
0.55454272914539771,10,1.3858757759999081,False
0.57428758696318405,10,1.4576869892004951,False
0.56523625610563333,10,1.5794025900289528,True
0.54328273456103726,9,1.5921290136455841,False
0.60747858263082144,10,1.6627601100669684,True
0.66315113503730616,11,1.6866621553471424,True
0.54685878788887232,10,1.615229485714734,True
0.67191683626489551,11,1.5474506414181819,True
0.54633028306283116,10,1.5252422089297129,True
0.63415115790081544,11,1.5353890374956312,True
0.53277573875089757,9,1.077892437846607,False
0.57294324814552888,10,1.6093259565998932,True
0.58758978513241145,10,1.5146795489683109,True
0.62287006349997065,10,1.654585866726338,True
0.64282379229696029,11,1.4833426345940199,True
0.61597551313760901,10,1.4374841311675741,True
0.59115173754741113,10,1.31743053595975,True
0.57194090556826449,10,1.1749967471900669,False
0.60926325105007828,10,1.376504874771681,True
0.56008339838779542,9,1.1825666655004743,False
0.64193758298005243,11,1.5977731283080048,True
0.61408615539802158,11,1.4514934231923737,True
0.56451376644051143,10,1.656885363706037,True
0.56472650045223027,10,1.6114622720593006,True
0.51708543590552714,10,1.4986122864970002,False
0.5673496390515077,10,1.3136941141383403,False
0.58596654416887806,10,1.4268567705052488,True
0.53097759224050056,10,1.3257733493313715,False
0.57812831121207098,10,1.5517112146745231,False
0.66723940602538967,11,1.6097060517559396,True
0.59303217818454212,10,1.4069873045328158,True
0.64061592215331664,11,1.540889214159074,True
0.61258436372399538,11,1.4920129965632385,True
0.57127664471264605,10,1.4163354272423134,False
0.54706703254257871,10,1.4446409228256412,True
0.54950705641006248,10,1.6171398869120908,True
0.54043452215975829,10,1.5795498935345733,True
0.5807356882833562,10,1.627215277731453,True
0.48988891968767861,9,1.2324932199929373,False
0.56433161515024433,10,1.3794545517822048,True
0.67581505928253738,11,1.6203552334269549,True
0.54924630888538173,10,1.5731042712338317,True
0.57449179961779639,10,1.375830137861999,False
0.61702878171463005,10,1.2464229050377766,False
0.56849566551491248,10,1.4108548010000634,True
0.54906352464354002,9,1.4512795962700191,False
0.52078328832338883,10,1.4800832088802451,False
0.62949175992034645,11,1.6520405238336136,True
0.64299168068133439,11,1.5195597516934976,False
0.5657185893092963,10,1.4949012913236281,True
0.64149951697210383,11,1.4501582232088492,True
0.5597424796661864,10,1.5118457958762295,True
0.62542692467958239,11,1.5701346949380657,True
0.55049493889397649,9,1.4110912136873666,True
0.57136260217992896,10,1.5651026782242483,False
0.53720390102940818,9,1.5655796308252459,True
0.59592588813543645,10,1.6800298760665384,True
0.61863305410547076,10,1.6403292288215243,True
0.66039363416930852,11,1.5301496806922068,True
0.64028330606904582,11,1.567249044047536,True
0.54847727131917445,10,1.4284279611106481,False
0.61610310984078231,11,1.5646578978293002,True
0.67513941994383631,11,1.5532194591607913,True
0.54782662485048483,10,1.396038254117429,False
0.61779709261917759,10,1.5808000413729777,True
0.53992774096657781,10,1.4745885379308024,False
0.57287541347773863,10,1.6872314502792907,True
0.58532049975567002,10,1.4975005187364301,True
0.55976889634285143,9,1.4972975818667758,False
0.55102045412655642,9,1.5011956854830326,True
0.6260719236939476,10,1.5834804787329226,True
0.4894840007091395,10,1.3605014552199739,False
0.5554777976414017,9,1.358056052601371,False
0.63367665989525379,11,1.4480919776968535,True
0.57037727959159124,10,1.3130456650699509,False
0.60509200745649205,10,1.5176093453603294,True
0.5583267502421484,10,1.4942513435883173,True
0.60109703103060685,10,1.624366955688193,True
0.66072109692407388,11,1.4271999150042405,True
0.60973099115420759,10,1.5742917226967101,True
0.6144394143622649,11,1.6436446350609617,True
0.67260969866998099,11,1.6637267920503243,True
0.57309790531174687,9,1.5852196006682027,True
0.60608412977467696,10,1.5122334642925628,True
0.54044224993016066,10,1.6421416899751149,True
0.58446150486110515,9,1.4084773871662386,False
0.58473116491757426,10,1.6597871626853222,True
0.64705232726758566,11,1.6529513838685084,True
0.64421872484629894,11,1.5847487505556406,True
0.65089688830008186,11,1.6875501788354372,True
0.62153097814277902,11,1.6649653084832907,True
0.60378949916383051,10,1.6786003323659429,True
0.56723918617753455,10,1.5908175043844466,True
0.5564147209919974,9,1.162410727944087,False
0.62161571210836508,11,1.6872703935142406,True
0.51536266896009086,9,1.5773940638234234,False
0.63736490476991015,10,1.6711705339936982,True
0.60854456413669289,10,1.5108164525462782,True
0.59069419840362603,10,1.6142531118744854,True
0.67513371656384269,11,1.60773516017369,True
0.63361205066631121,11,1.6656752222718005,True
0.5630206805547725,10,1.5479425704009953,True
0.58303201016826833,10,1.6134932530970711,True
0.67326617864752458,11,1.6679656235948477,True
0.55855024770207706,10,1.5149529633048719,True
0.57608377847467407,10,1.5435425818685706,True
0.67130558288033837,11,1.6246633250501465,True
0.49485227906720053,10,1.2672836858516991,False
0.60412697215624311,10,1.6781761645422715,True
0.58599913622505184,10,1.5756807024621202,True
0.45586758703654057,10,1.2398675986496304,False
0.54038605999671396,10,1.5863916718024926,True
0.55832532424516224,10,1.4268113933806303,False
0.61011975093760284,10,1.6520281600765054,True
0.59541817988361878,10,1.4502584814603456,True
0.61638060650713133,10,1.6146724788272198,True
0.58661236771375835,10,1.5997006577174406,True
0.65487233281796586,11,1.5191581668001959,True
0.59324830609292845,10,1.5754777214939677,True
0.69402256993477573,11,1.4215615028851449,True
0.5176728288365946,9,1.5889027953025106,True
0.59612852836736974,10,1.5751294821206916,True
0.68036052148894166,11,1.6693757298438732,True
0.61951752069441202,10,1.6410614453655559,True
0.60064582452626392,10,1.3890327121408934,False
0.56061229913117128,9,1.4600858625222337,False
0.60258289119668884,12,1.6078433893642483,True
0.58992283307601157,10,1.457739689690942,True
0.51257151517898358,10,1.5533530206566806,False
0.60619323869041219,10,1.6196132184506238,True
0.66870879387544757,11,1.6497282333335546,True
0.6210402141614414,10,1.495296277132957,True
0.54344121746670726,10,1.3263625707287665,False
0.6311720221854058,11,1.6350414432959406,True
0.5616104333638684,10,1.5953256464190202,True
0.6025685156180024,11,1.3738542544683008,False
0.56322485986797632,9,1.0870160676626266,False
0.68322525015933078,11,1.653651836989172,True
0.48271414909203958,9,1.3657165336646979,False
0.52232955873416087,10,1.4918139526041336,True
0.58285501391190708,10,1.4936152886809715,False
0.59573515169399882,11,1.403924349141781,False
0.65624192919148616,11,1.5602470556883952,True
0.60756319965751882,10,1.6740944127457122,True
0.5599642189947579,10,1.2930455928549434,False
0.60796762557111594,11,1.425488384016514,True
0.59422780620715043,10,1.5706006712333609,True
0.62497025042087984,10,1.4232379854814543,True
0.59200405564416436,10,1.6620157385434036,True
0.53968454093868257,10,1.4762118844996477,True
0.64363730432009014,11,1.5878431302121507,True
0.54079022315763414,9,1.3558915940511835,False
0.58700655490617693,10,1.560874424857573,False
0.52016281422300981,9,1.4927841290207633,True
0.6291989329647043,11,1.6818230283595521,True
0.59741599031937265,10,1.6212674187914722,True
0.67762027573027706,11,1.6483508421890058,True
0.56217675830090386,9,1.5255172023617871,True
0.57931449015485126,10,1.493119746449781,False
0.47050492682953343,10,1.3814085981092241,False
0.63403010608750687,11,1.5596294621140134,True
0.61995187071303226,10,1.5775416892884355,True
0.68220242906616102,11,1.5658394458708209,True
0.57387289414874498,11,1.521771156821601,True
0.570104306649726,9,1.5194118399427621,False
0.47169910610355298,10,1.0592099036899418,False
0.53664446464727,10,1.5698692179120601,True
0.57109544258525646,11,1.5768949268533106,True
0.54253044788364146,9,1.6399235555551062,True
0.57906318256409006,9,1.6009086307219029,True
0.5428949846288762,10,1.5667863974735285,True
0.52903460563871585,10,1.2835989241260017,False
0.6644220153859911,11,1.4203075501477265,True
0.63854005804175373,11,1.6695368608089984,True
0.67722777651553601,11,1.573719913641487,True
0.60301988010251784,10,1.6423280885219655,True
0.61338095781508106,11,1.6012917783557701,True
0.63561421255720563,11,1.4469302078993751,True
0.67742396277259409,11,1.6849641501945682,True
0.57301288814404272,10,1.5095171584550746,True
0.47199926701033718,9,1.3781380623955639,False
0.65426171036700209,11,1.6109021691701055,True
0.62481594590936596,11,1.5385493759751048,True
0.64965746224914123,11,1.687205960672705,True
0.63826315203997708,11,1.6186256860770629,True
0.54954973875061752,10,1.5347505134488073,False
0.52635771674356591,9,1.4514396573350967,True
0.58354795971212303,9,1.5713578382924001,True
0.51062660506700142,9,1.5079719755730214,True
0.58697342660673113,10,1.5106031691790034,True
0.61561789217821095,10,1.6375148066342426,True
0.60968101135888664,11,1.6096953843806738,True
0.50785603603068652,10,1.5538668115857919,True
0.57711153555607819,10,1.3135902285460168,True
0.54472086157784527,10,1.5039554092803522,True
0.58043216710300438,10,1.4765296265114971,True
0.54360984057056394,10,1.2964417851376888,False
0.62453671958656765,11,1.5225250159131838,True
0.65144596809996969,11,1.5782445336547875,True
0.62272774293227495,11,1.5271508123186692,True
0.54736803291229785,10,1.4625496551992503,True
0.54086947371721128,10,1.4882347874963109,True
0.68075368462795438,11,1.5977595699574583,True
0.58859004400826354,10,1.5745677032712608,True
0.62952079139437267,11,1.6361849183971344,True
0.60478690437388172,10,1.6905072566987975,True
0.51534179076519615,9,1.4393030926912187,True
0.61593660213498846,11,1.4571375619580809,True
0.67167144793111455,11,1.5795111799245292,True
0.56916848044652479,10,1.6027714801987274,True
0.53678376606095612,9,1.4976081297420814,True
0.59291254389606063,10,1.5282978042622553,True
0.51052587589838772,9,1.2448954123317952,False
0.52126699731585391,10,1.4665742140621414,False
0.5583307162619997,10,1.6207779833878284,True
0.59466199960966548,10,1.6843956827569289,True
0.57417057052504317,10,1.4447021725750337,True
0.54767527080562106,11,1.6663509512952848,True
0.59628940862198321,10,1.5828391753494193,True
0.61601483963170911,10,1.6277079399596792,True
0.59989221275036875,10,1.6099940217695139,True
0.57121783298199391,10,1.4442947582317549,True
0.63660362290753814,11,1.5791237787550756,True
0.62347363030750302,10,1.5712638192617827,True
0.65735474031783758,11,1.681261174323512,True
0.50442532201858703,9,1.2998274362166724,False
0.64156187799653219,11,1.5875554028405368,True
0.52432533558354755,9,1.5156002430948068,True
0.58973471161562951,10,1.3788149535724967,True
0.61195753836297073,10,1.5272222597012579,True
0.53592886396585637,9,1.5812491469709653,True
0.5476304612440267,10,1.554882534066248,True
0.59198209781737665,10,1.412645225467049,True
0.61428784551698923,10,1.598133367828271,True
0.5883970605724721,10,1.6711099823880406,True
0.58244816498594898,10,1.5688492602514124,True
0.54977471883854223,10,1.3613795776021711,True
0.64933845454458305,11,1.6207144958024051,True
0.57356404629677327,9,1.5540341422779145,True
0.5665582552248607,10,1.6095812284269992,True
0.54490344534559543,10,1.5105303124978837,True
0.58095260195500098,10,1.5763835892169766,True
0.60430648385402086,10,1.6902336985171535,True
0.55150407788637013,10,1.2657670531369669,True
0.62822663360834441,10,1.6516373575253362,True
0.63549839353934123,11,1.6845236006505635,True
0.6418295171537185,11,1.4899631512398734,True
0.51776814171860119,10,1.143464985423815,False
0.58218338267100866,11,1.5343819522414381,True
0.61716002279832083,10,1.4827461768638341,True
0.53810780260839131,9,1.1534837261016722,False
0.56112079932003267,9,1.4527558884612395,False
0.59649075786731143,10,1.4954753397523639,True
0.60110396209373274,10,1.4855346630597015,True
0.49757992591425432,9,1.3299204470506005,False
0.58971380081616698,10,1.2665824287836263,True
0.57265074098706714,10,1.4040076631096599,True
0.57841771337161252,10,1.6386533281885765,True
0.60902471118054458,10,1.4956961503251829,True
0.57811528786751198,10,1.5979879046331469,True
0.60933660966839476,10,1.4603855657565208,True
0.62159452927409675,10,1.5454401600373233,True
0.55654712145541041,10,1.6792529141104713,True
0.52617643620337895,10,1.6191956934059055,True
0.5700243899129912,10,1.5723866727084899,False
0.62457472442629447,10,1.5221997994918595,True
0.52193770002199946,9,1.3675553532569773,False
0.45911747299564437,10,1.1804891517796927,False
0.51766503234146022,9,1.4677997911361458,False
0.58030119738058195,10,1.4905092133601945,True
0.56027810489633378,10,1.4735767312639287,True
0.61529910336397831,10,1.5400531213291573,True
0.53942089205684218,10,1.4821914077275242,True
0.65858958700855408,11,1.6016239344075198,True
0.50558477578187011,10,1.3306099071800543,False
0.53572276679559727,9,1.6182838720059403,True
0.60939016884862596,10,1.6663629198700562,True
0.51219860579506349,9,1.3814282531336719,True
0.52384343207504624,9,1.4012900802135684,False
0.60807931009314953,10,1.6345378112633813,True
0.65135623378472196,11,1.6939376671732318,True
0.57819050598273092,10,1.5104217483485671,True
0.5062657064427043,10,1.4099981830263457,False
0.54987048669473815,10,1.5790987076567597,True
0.57725340302301376,9,1.5459576366456675,False
0.55790620964509063,10,1.4244708612608965,True
0.57641016878325013,10,1.5032732488882374,False
0.66285425692113553,11,1.5893566115927362,True
0.62304804680404891,10,1.6367211088030851,True
0.5319719502039002,9,1.4218087845235232,False
0.58095550071333713,10,1.6204651770208507,True
0.58940423692688304,10,1.5845077318180645,True
0.57714289366899263,10,1.6855257988761601,True
0.58210765460416869,9,1.6726918469645928,True
0.57960354884252341,10,1.4706758448849513,True
0.52667684267895065,10,1.2459929896924324,False
0.66178644688057142,11,1.6503914941211453,True
0.55245465244120529,9,1.287618284278448,False
0.51983959925114975,10,1.4318538846888014,False
0.56874907271369057,10,1.5983561575628207,True
0.67071492673550837,11,1.6600952232216912,True
0.60857385156123467,11,1.4951020053099657,True
0.60675672146439152,10,1.5251639369991254,True
0.62173544890096777,10,1.3664933782670983,True
0.61744820529901401,11,1.4584482040647442,True
0.57529841292975192,10,1.4024786983890825,True
0.50394407468796465,10,1.461295737431392,False
0.62083755263002116,11,1.5263463764858776,True
0.58905967471310983,10,1.6390180117869921,True
0.52390953833413301,10,1.3346008352792842,False
0.58712012999892138,10,1.5038485844915446,True
0.57476100908090477,10,1.4658623869429215,True
0.57647831322076748,10,1.2545910491488015,False
0.49329922113628721,10,1.3622388095119484,False
0.54392734700623779,9,1.6422347495458287,True
0.64970428286079884,10,1.6863035748102622,True
0.66966867004405062,12,1.6406537814667492,True
0.69422983621662071,11,1.5876259862078435,True
0.5406439733898315,9,1.4798590972490082,True
0.60605162407329793,10,1.6540546879605516,True
0.55028585654312601,10,1.5237888815814935,True
0.62571333190026424,10,1.6731085869179936,True
0.56797577622248741,10,1.49592917745645,True
0.63467983028573904,11,1.4670644342967896,True
0.53770655798159217,10,1.5529048538536732,True
0.58687219372912891,9,1.5689033603935651,True
0.53795804691777516,9,1.2264555621131481,False
0.61501933533604691,10,1.6505011848840274,True
0.55782969829335283,9,1.4993317892937919,True
0.47925774865797494,10,1.285318443175347,False
0.67944686401957222,11,1.6439745909809791,True
0.66433077558904385,11,1.5826063333709341,True
0.5166716685885363,9,1.6439875076914854,True
0.60031321780980229,10,1.5813876111718141,True
0.64299222133002976,11,1.6506670636332204,True
0.61412527260652805,10,1.5808014768427974,True
0.60708442665197637,10,1.6812455414081595,True
0.53786133569195449,9,1.450030306665371,False
0.59660310542693251,10,1.6476280746501961,True
0.51993920420022677,9,1.4192638068313832,True
0.56015286286823074,10,1.4586222734967473,True
0.60671699545526359,10,1.4786494994343857,True
0.67231342647235881,11,1.5880321704767943,True
0.50992588579694731,9,1.342000721573825,True
0.57197803425206972,10,1.6178426472541465,True
0.53644908928733503,9,1.4201158404962149,False
0.58480792561221606,10,1.5009232525396694,True
0.63250343294590727,10,1.4545725408965355,True
0.64119187022433954,11,1.6217697038590615,True
0.5819519269211868,10,1.6236677313695764,True
0.61536762890864238,11,1.6311381728556413,True
0.56382711530902674,10,1.6569541561147998,True
0.62818117295643827,11,1.6239574990165131,True
0.60567340459157826,11,1.6090262576325973,True
0.64522174633989904,11,1.3848072381231651,True
0.62309633244258456,10,1.4420936240318585,True
0.65701314771097452,11,1.5209970466581912,True
0.59840342594323237,11,1.5479649899969865,True
0.61643915351704004,10,1.3596404790031222,True
0.51952486580775248,9,1.3733573392535563,True
0.57417343034930346,10,1.3601199152793706,False
0.51583588946470837,9,1.3570876061043944,False
0.55711950101078489,10,1.5194088748088299,True
0.67192571382614497,11,1.6817961095947536,True
0.52452457499305871,10,1.5998145217742454,True
0.62641389412848891,10,1.5472617693728341,True
0.67192456932787969,11,1.6252353813523652,True
0.51309568860680677,10,1.2903553123588725,False
0.51796509885396003,9,1.5510556796053887,False
0.58092812132482807,9,1.4237759279532118,True
0.55913813047472005,10,1.5907844503316171,True
0.51177043591901739,9,1.4451021055724393,True
0.57584218655613251,10,1.5504354911673874,True
0.54904179000959363,10,1.6446437529990843,True
0.58991571460390702,10,1.5793858428893253,True
0.67520372217319713,11,1.6774313394015659,True
0.61481920795350975,10,1.5166369684964593,True
0.59405576806773608,10,1.560315060124756,True
0.6287583790163781,10,1.6791249467369807,True
0.61312912990097435,10,1.5572411606072172,True
0.57976792587573123,10,1.6487557148875971,True
0.62332033560743316,10,1.6821900327291035,True
0.61608812080462927,10,1.5886433409260876,True
0.52377617737813098,9,1.5200704307261435,True
0.57911886540755775,9,1.6647290578832417,True
0.58822459525199489,10,1.5988988385928689,True
0.55618401959051156,10,1.5534421913906606,True
0.58015176769025756,10,1.6421951232518546,True
0.59244988388327113,10,1.6291482934148263,True
0.56772487651071979,10,1.5022904316514134,True
0.62845680490941669,11,1.6441277555204865,True
0.67222096353215288,11,1.6604418947739141,True
0.58421273998977252,10,1.6673646861687559,True
0.61182995361865067,10,1.5879308828208902,True
0.51824490318523808,10,1.6119878970964887,True
0.68606425978331209,11,1.6005488793540523,True
0.54824418562864108,10,1.3945670542854278,False
0.5315972779127669,9,1.6000616226146089,True
0.67403291132126097,11,1.620214419384775,True
0.62096320630586099,10,1.677444829560776,True
0.57149874198662742,10,1.4725558125408753,True
0.60573836771259049,10,1.567226560875586,True
0.67509537885364157,11,1.447555414372041,True
0.5671475689004154,9,1.5953114120288936,True
0.58646691472301482,10,1.5318663994606905,True
0.57238501563705124,11,1.6410947570818719,True
0.58812469266884027,10,1.5210645470181674,True
0.50723532514643876,9,1.3324773106770114,True
0.58834230093572215,10,1.5742060495336163,True
0.68714290473509021,11,1.6099549671361704,True
0.58309706337064759,10,1.5952268814460493,True
0.52795025922051986,9,1.3823309228960534,False
0.60421600660212516,10,1.4852290817375655,False
0.63834345440176055,10,1.6943617773958923,True
0.52939474323142022,9,1.5969661921620435,True
0.53986899900447283,9,1.6364599012008048,True
0.61078576785979521,10,1.7030403053417489,True
0.57621107424506812,9,1.4651362950041507,True
0.66356063142530219,11,1.5311491354061124,True
0.677071802792795,11,1.6089078501111413,True
0.52608736554665714,9,1.3624035591883565,True
0.56780975778975273,10,1.2671189708034374,False
0.56411180913523629,10,1.5419334220010301,False
0.58502589657878068,10,1.6909052206543846,True
0.65859995392931259,11,1.5597516080389533,True
0.50993642246845228,10,1.5167549612461919,False
0.53265831767744243,9,1.3011726878136536,False
0.68230238996433956,11,1.4275177776344445,True
0.61344926215875051,10,1.6296792942680745,True
0.59924634752799366,10,1.4647264509014304,True
0.63719590317325614,10,1.513680720568954,True
0.66860839346512191,11,1.6390932726616882,True
0.56289837370548013,10,1.5929101996137396,True
0.59944559322865409,10,1.5168178623761928,True
0.62740732168740532,11,1.7120883262359621,True
0.67227039911424735,11,1.6004303030135825,True
0.60504266430060094,11,1.6659361863377089,True
0.53534869409446695,9,1.5396106109248608,True
0.57583352043211178,10,1.6052467408829036,True
0.61836490052382598,11,1.5372195927206029,True
0.60680440325601315,10,1.5354094537510454,True
0.57669314070026156,9,1.6241078218318825,True
0.50055360816520389,9,1.1580285114291722,False
0.60365253234624694,10,1.5528763258051816,True
0.60447747503922089,10,1.6203933913587767,True
0.53837062704769967,9,1.3855521999838987,False
0.51954367773647725,9,1.5265506843922636,True
0.56428480096040845,10,1.4438009573300474,False
0.51199941618838585,10,1.4229982947000959,True
0.58765353328469505,10,1.5125722236902481,True
0.5520491805472163,10,1.3798105171874495,True
0.56573124788110729,10,1.5211048947240446,True
0.57473135533440423,10,1.5823219425512551,True
0.58589719091275272,10,1.5094683638466131,True
0.56350768405936602,10,1.5033555005289574,True
0.56767319624181378,10,1.6667551584170508,True
0.64542608208467755,11,1.5495402056722805,True
0.59689326905548934,10,1.5427755502996925,True
0.58083317433658399,10,1.2003933329681842,False
0.55926579695864176,10,1.3407555967781726,False
0.52431894180801197,10,1.5442558511771418,True
0.53675914601319819,9,1.5761652227075962,True
0.62992461195743998,11,1.6776098111038888,True
0.52215848757722727,9,1.2235260184942023,False
0.55879155835144456,10,1.4231552708268524,True
0.58663371731938607,10,1.6800615187375885,True
0.56077201102380969,9,1.5307656305249266,True
0.54458669832105711,10,1.325935763839281,True
0.58020721249637464,9,1.3561850422310433,True
0.61697494657865204,11,1.6192448776225246,True
0.56579437293588497,10,1.2315414495923394,True
0.60940018590953982,10,1.5983744671371491,True
0.60895663212153883,11,1.53517292099083,True
0.63403869261782875,10,1.6079559891137252,True
0.63020389330846083,11,1.5659141816196041,True
0.63005899515149422,10,1.51556115450898,True
0.63835327161554734,10,1.6721395246640267,True
0.65819337078644768,11,1.6099347700414657,True
0.58503637200523939,10,1.6196197305312987,True
0.55966985493526411,10,1.5243457504441236,True
0.51314340557670568,9,1.4379700360242247,True
0.6713528997043795,11,1.6052485771763976,True
0.66474098617424193,11,1.6084020902224938,True
0.45150344504632933,10,1.162089619612626,False
0.4835552523051061,10,1.2981978219179726,False
0.59049678418226015,11,1.5750514906963053,True
0.58740208073204558,10,1.5361752933166688,True
0.58306691437787628,10,1.5343959050084246,True
0.61284920452038705,10,1.2106694555277584,False
0.62839740646322584,11,1.6664168732597466,True
0.53015740094338815,9,1.5085489132118242,True
0.59554029586118196,10,1.6913292654464891,True
0.59361210306063439,11,1.6365325395056618,True
0.5374096372771846,10,1.510876761582105,True
0.59967872355752039,10,1.6566087654304851,True
0.53955722217904312,9,1.6396792056866452,True
0.61216548063902831,10,1.6501451730632775,True
0.65142765034608141,11,1.6619676157694876,True
0.56136452006619686,10,1.4900385081934351,False
0.51979900076270169,10,1.4404306119023942,True
0.60932607959886953,10,1.6212606125112703,True
0.62519412762390925,11,1.5000558825539692,True
0.62428473915065696,10,1.6762459758113784,True
0.48553751518956678,9,1.1836089563949308,False
0.5375198544451707,10,1.2210715596194175,False
0.61092494932254271,10,1.5310688079999901,True
0.57486946324728017,10,1.3553389893822632,True
0.52641263477619638,9,1.5325371085006085,True
0.62800179783346088,11,1.6136440655059354,True
0.56188689056483587,9,1.4731297816411575,True
0.57355573574815077,9,1.6763292017207019,True
0.55278786776153721,10,1.5678695200662436,True
0.58994945460997328,10,1.6334193216766066,True
0.60174022806185079,10,1.3348283576561131,True
0.61735180387496891,10,1.6568399811525811,True
0.53338074423231852,10,1.4626686358271017,False
0.5261739459307534,10,1.438766746184416,False
0.60641380367325404,10,1.6222057706539343,True
0.62944109515742508,10,1.5759973061094517,True
0.61819482541381521,10,1.5731300953719385,True
0.53550334222505647,9,1.3801986720648578,False
0.66495425184063783,11,1.5590961553417588,True
0.55455477759478555,10,1.344664331342432,True
0.56509047867618045,10,1.5448959227657471,True
0.61787743698108066,10,1.6352389314382643,True
0.67056219005373341,11,1.649461677066647,True
0.56918452951538301,10,1.4140373784341891,True
0.60321475161737903,10,1.5839409879287916,True
0.64226869890765159,11,1.711678792684721,True
0.52362005973961467,10,1.5420007292044926,False
0.55410579008208316,10,1.235585512810603,False
0.61679629182161133,10,1.5708198032315872,True
0.51897563925251222,9,1.5921251740314717,True
0.5329825548606093,10,1.6089442263375797,True
0.57863443199815967,11,1.5972165494716029,True
0.6232594043664661,11,1.533457524659098,True
0.56253271534490557,10,1.3850788787917496,False
0.60142621101277982,10,1.5037812183628783,True
0.57122629581994844,10,1.4546713482374736,True
0.66642912181280889,11,1.4149370039896505,True
0.54251713551494396,10,1.4498976985901162,True
0.65661017206141159,11,1.532928723293262,True
0.5991500441832005,10,1.4682665962417654,False
0.64150948998186541,11,1.5727209724353914,True
0.62380692394258042,11,1.7041872109449412,True
0.51354917655565979,10,1.2314091019686089,False
0.52103298124111685,9,1.4979107338546707,True
0.55891504135366221,10,1.1864954543108657,False
0.58439738584088397,10,1.5360517339585178,False
0.6933303453654327,11,1.6049156063245518,True
0.53868956185690409,10,1.6229741215464515,True
0.53259068293074008,10,1.3655818687735455,False
0.58812987699083563,10,1.2249357726980337,False
0.57625150275116976,11,1.6474140596766669,True
0.59763684440660769,10,1.5248142120338706,True
0.5681723540411131,10,1.2376639549284825,False
0.59234778652778508,10,1.6774331109784213,True
0.50475220564588696,10,1.3899390249636718,False
0.60718799599735196,11,1.6523421811678702,True
0.63721067588543834,11,1.6170674029298273,True
0.53323608609312878,10,1.3990383832015947,False
0.54058185002374082,9,1.3616203198508312,False
0.61465567516791964,10,1.5202142455980789,True
0.60486772814985168,10,1.5975435080242439,True
0.61631820104056267,10,1.6897301354409267,True
0.64013793169945021,12,1.484873203129583,True
0.57885520222152187,10,1.6138269248617862,True
0.66812490809153569,11,1.6513791010787877,True
0.64552241052023851,11,1.6167541205719471,True
0.61788202572132633,11,1.6335640768761324,True
0.55355908941613807,10,1.5003222630439943,False
0.63135216390427185,11,1.6262468972397264,True
0.64585097827250137,11,1.5229040988146179,True
0.56035585671882537,10,1.462367471374735,True
0.51480332513719396,9,1.5179429331248775,True
0.64278646746358292,10,1.6450011896495966,True
0.66026693062891684,11,1.6534878227314163,True
0.55884414928744841,10,1.6455884899484801,True
0.5269748034694598,10,1.6167542557802268,True
0.57448889229035316,10,1.4664577246559753,True
0.5721388367668635,10,1.600061372159191,True
0.5174046770365418,10,1.3147066828233747,False
0.665146237190124,11,1.6796726716949084,True
0.56748877718630419,9,1.5636757546875846,True
0.61214205856899839,11,1.583777707243275,True
0.67229033654847115,12,1.596743233571168,True
0.63440549706604421,11,1.6679086486185122,True
0.56458803906021182,10,1.6931328059095541,True
0.58970153063014474,10,1.6208078824495507,True
0.57225210424521766,10,1.5886819873287319,True
0.59001657565872767,10,1.533509628147063,True
0.59926473975597938,10,1.4914850346058077,False
0.58419899453861757,10,1.6434830674659988,True
0.48633071385048349,9,1.3158300383021537,False
0.58691141844961114,10,1.5686706487553317,True
0.50587835183740748,9,1.6291033378018651,True
0.58368117380708984,10,1.581360314841701,True
0.55612027268199749,9,1.2988713883899441,False
0.51493160395828597,10,1.3409358011369119,False
0.57522084176450949,10,1.5317861939215693,True
0.51294938204002372,10,1.4941718782783966,False
0.58450593865823663,10,1.5966381374069745,True
0.62567959931375705,11,1.5516526414945726,True
0.5305152143497891,10,1.4537619772355612,True
0.59655033494110332,11,1.5660201779282017,True
0.62011526799647898,11,1.6300199057511224,True
0.53120355238663275,10,1.5628821300892444,True
0.66985710094164885,11,1.6226015887827159,True
0.53706755274362772,9,1.604420947524116,True
0.5630147156058869,10,1.622392288861443,True
0.58271128013917128,11,1.5123754449040512,True
0.61323569492905905,10,1.6325884488036264,True
0.65235467941683478,11,1.6330429602026442,True
0.64791035226691018,11,1.3961420444324923,False
0.63381547687343875,11,1.6463384715958571,True
0.57706728048771705,9,1.5482342441605157,True
0.56920905197747484,10,1.4913385050797785,True
0.6352685096593873,11,1.5566251892648126,True
0.5473155419675193,10,1.3664405711344956,True
0.58505314230917338,10,1.467949987432289,True
0.54820652139977299,9,1.6540911624870152,True
0.56609346071629951,9,1.3594862260250282,False
0.57295080183746405,10,1.5214788345988464,True
0.65024653565243384,11,1.5204507014892588,True
0.51151468277166512,10,1.3536297864266837,False
0.6054053406757447,11,1.5965572223240718,True
0.55348686142053194,9,1.4140982357068892,False
0.67296226908756973,11,1.6413219886283248,True
0.56142994427677295,10,1.4564613030546221,True
0.59709750489983227,10,1.6373887868337145,True
0.5425766895809202,9,1.6603050732638798,True
0.68465785660868472,11,1.645687919451257,True
0.53276895373810562,10,1.4527669380902435,True
0.62398338879006565,10,1.6701887180399948,True
0.62532683798403377,10,1.4449341128539925,True
0.57731044781968066,10,1.6451464669049523,True
0.56904527107566394,10,1.3908894031901273,True
0.58693392832079194,10,1.4585406954819813,True
0.61128912821276005,10,1.6194298465037384,True
0.57184350700734055,10,1.4232053845804504,False
0.51433374279832089,9,1.6448062763659601,True
0.54042182259199278,10,1.5371141919233184,True
0.58370371262535714,10,1.5963239722278628,True
0.58760905687986742,10,1.4504798922262416,False
0.52335771824270283,9,1.4727477958915525,True
0.56729171734090278,10,1.694409222657971,True
0.57716047283280814,10,1.1404048197686649,False
0.60270480090477585,10,1.567039246923897,True
0.65516930159116404,11,1.5383827248822137,True
0.610609253121423,10,1.2678763401579829,True
0.63701188023741051,11,1.5300148152850621,True
0.55410293889623119,9,1.6315006028980858,False
0.63596237676771294,11,1.5658455134587637,True
0.54909886669768881,10,1.3630344912975707,False
0.50336385165717201,10,1.2648410714851368,False
0.5641165409514719,10,1.4555189578683132,True
0.55720593712272548,9,1.6014528977097626,True
0.59988133423500312,10,1.366848646585817,False
0.55846353379230096,10,1.5668279917720336,True
0.59699709748291407,10,1.3421767261145678,True
0.56633752257928094,10,1.5709896091837388,True
0.59723797380362476,10,1.6652868269879375,True
0.61422784733076474,10,1.5536806853287328,True
0.56948193976292494,10,1.2748494857195383,False
0.56354494138405753,10,1.474533135609823,False
0.61662034156259027,10,1.6551729631333887,True
0.50053250902098079,10,1.3402462954000101,False
0.5418234977474734,10,1.4755433774719722,False
0.62355057074007025,11,1.6870316512341932,True
0.62330327486688697,11,1.5785366029641441,True
0.55375388479355092,9,1.6353187390228763,True
0.52495265322806328,9,1.5781934142307714,True
0.54442838917766689,10,1.7007863598591877,True
0.62183958487242263,10,1.6542903966074545,True
0.60373318231407902,10,1.5759395083860832,True
0.60668138343734812,10,1.4787626556167608,True
0.58394165062781866,10,1.5474732384922112,True
0.59200603178841293,10,1.6127157287771812,True
0.6216427323548106,11,1.4396827694519021,True
0.55148726160064887,9,1.4440141784950469,True
0.59534274445302227,10,1.6238250742549489,True
0.56530772570034293,10,1.4526747947085872,True
0.60280028622257364,10,1.6238684390987417,True
0.53479344292727327,10,1.4480318096541582,True
0.5593409299035349,10,1.5778985259755294,True
0.63148689548661985,11,1.5911644651280774,True
0.59716011974551164,10,1.5204763991575116,True
0.53822814495074434,10,1.6773718865414002,True
0.57258627779933491,10,1.6550698776534378,True
0.51954570421730328,9,1.588780702608249,True
0.58787478780831304,10,1.6360665817201481,True
0.51391298387732187,9,1.3039677508325038,False
0.60884318309983754,10,1.3859330901158855,True
0.52954569982869271,9,1.4382441998620437,True
0.61137046051947774,10,1.6268378231001708,True
0.54187523727136377,10,1.4191699862151381,True
0.55123239674239843,9,1.4657967461172476,True
0.51231025301048783,9,1.3772040808956449,False
0.58946364833868992,11,1.57077008091451,True
0.61902475679507329,11,1.5394544189318398,True
0.52611404799705097,9,1.6316541788725576,True
0.63191928117162965,11,1.6072610492357111,True
0.66683990284846939,11,1.6182582254561071,True
0.5359948795173437,9,1.4113722218186304,True
0.66233405350185515,11,1.5845643323013201,True
0.6212282584595944,10,1.6914737523638275,True
0.56563003695333514,10,1.5700798937245035,True
0.56023222556054675,10,1.5391744088851873,True
0.58245197620760536,10,1.5670482916134163,True
0.53933531792841571,9,1.5838480031623043,True
0.49590188042664352,9,1.3449260655549529,False
0.55993529079770643,9,1.499547121117258,True
0.59713384074002585,10,1.6207968355199966,True
0.61298248342387718,10,1.6922357300569877,True
0.5976178847411685,10,1.6054932055021065,True
0.66429611345675021,11,1.5263553787587147,True
0.58204093711735161,10,1.5725375572140801,False
0.67698243700752536,11,1.601224336948444,True
0.67955883834712694,11,1.5048008546011715,True
0.4694935921915111,9,1.2802106106840232,False
0.50855497115294213,10,1.4869884914301439,False
0.59865786648007002,10,1.5446818245325646,True
0.5836332751967116,10,1.565471893139643,True
0.65253237316963997,11,1.5327039547395616,True
0.56007819395274405,10,1.4032741186031283,True
0.54869324564337807,9,1.33991695508986,False
0.5438117683413789,10,1.4401564066375128,True
0.56214389281108479,10,1.5036504883372044,False
0.58329543999853806,10,1.5767863648567151,True
0.57628580915323691,10,1.4581044098756952,True
0.59647585254051316,10,1.4734787205684483,True
0.55343815338781133,9,1.5976642873663709,True
0.55575480625014562,10,1.4265004998323645,False
0.57647811786487158,10,1.6687402819011845,True
0.64030964857876405,10,1.2888283500267101,True
0.53071462349113541,9,1.6386114776860903,True
0.54612633536932442,10,1.468274081240458,True
0.63291773967172715,11,1.6364586170632918,True
0.60127605136866502,10,1.6762802652366644,True
0.57500584914276986,10,1.404825778605624,True
0.58912344499790148,10,1.627191979814381,True
0.60015068006118133,10,1.556051309241602,True
0.50756595653339154,9,1.4919940445971724,True
0.57719055773290784,10,1.312849120803125,False
0.58110460170326916,10,1.5302044265015857,True
0.61105534180650334,11,1.5985743420971792,True
0.55424665946875673,9,1.6011641082414096,True
0.5416504018486783,9,1.5629280565847508,True
0.59726608813351212,10,1.5933774215181877,True
0.54163513390506635,9,1.6725573809781236,True
0.58267043346359526,10,1.5620955049382572,True
0.60231581461060557,10,1.533525547248465,True
0.57728503823482857,10,1.6092944342360302,True
0.68334968161783327,11,1.5682199443194018,True
0.62604724506694243,10,1.5834631589218389,True
0.48617246437445716,9,1.5289766664038158,False
0.68888922644065009,11,1.5443512171369207,True
0.55897978830933048,10,1.4457859361296819,True
0.58186785316237744,10,1.450933354899764,True
0.55800674308258413,10,1.6659742849807484,True
0.50821108201961662,10,1.4016667262461593,False
0.578742535680281,10,1.403794543273821,False
0.59589855839317596,10,1.6561420853234095,True
0.60466413686392184,10,1.6482301177738088,True
0.61198343342720685,10,1.4256665738051131,True
0.67009794009074164,11,1.5121636826673504,True
0.55294937828447011,10,1.531031633747989,True
0.65227955701406115,11,1.5504874594276816,True
0.66157617780270284,11,1.3526342276811736,True
0.59978880728838113,10,1.6688777498049185,True
0.59251720915099393,10,1.5736240925602241,True
0.55652048010917388,9,1.4430932177254625,False
0.54868844459771315,9,1.1117971597822174,False
0.56498702252647759,10,1.5535960657421344,True
0.5654439706072153,10,1.4738574219326503,True
0.57468274217588389,10,1.4842125078761153,True
0.54400680650646449,9,1.5722695933599218,True
0.56399183184806334,10,1.6472943543900997,True
0.52998455661806543,10,1.4932323074196252,True
0.62483860821397053,10,1.4337576561232497,False
0.58563586297045611,10,1.6175504357055925,True
0.50270868904339905,11,1.2473247617881493,False
0.58739976029280694,10,1.6414264167270334,True
0.55948545689699836,10,1.4557924762280656,True
0.55204097557394727,9,1.4684078213399785,False
0.63412057774606367,11,1.354999112792715,True
0.61244267082649728,12,1.5856633008993226,True
0.59405744994116305,9,1.6582814053865542,True
0.57447640593368832,10,1.6767833977355031,True
0.57459168569946217,10,1.5453287446453554,True
0.55420808795640253,9,1.6270753462982539,True
0.62754903477811164,11,1.5993147915749073,True
0.61887863466495674,11,1.6647836218442023,True
0.51800037393454734,10,1.4165109559584999,False
0.6165032575785262,11,1.6681955576954859,True
0.53303260821519893,10,1.3949373051497627,False
0.6148030097222803,10,1.5840401388479035,True
0.54649373029756021,10,1.3479125336561446,False
0.56342646261774398,9,1.3492706653044602,False
0.57981761658494613,10,1.5918486385309307,True
0.61904574440847515,10,1.5396268462030087,True
0.59132377973963446,10,1.6250335048682154,True
0.49575087984667326,9,1.5549000442279644,False
0.59860224703726006,10,1.4909593525388727,True
0.56676528731749543,10,1.2704814541673388,False
0.58377790388432538,10,1.506459007140442,True
0.57248880940775093,10,1.3900183689599017,True
0.57382289659159025,9,1.5126207829664262,True
0.59256227563207708,10,1.644471038626413,True
0.56035256599187744,10,1.6015262083757307,True
0.61475565706575019,11,1.6242393185732504,True
0.57437304262433875,9,1.449718038509286,True
0.55004719797112167,9,1.4588184044202064,False
0.59423177292854457,10,1.4607604813543797,False
0.58045820466687326,10,1.4639708781053677,True
0.53725999242808486,10,1.2201861073743823,False
0.56423196212148419,9,1.4711025764350918,True
0.56219294050752699,10,1.4086071739020514,False
0.55814631347814847,9,1.5029499053598481,False
0.53538951176469973,9,1.4967236002636315,False
0.61172111163151577,11,1.5254647944272866,True
0.60583021230892231,10,1.6439059505543396,True
0.4912408323564354,9,1.0555716226873839,False
0.58821542715091568,10,1.4746487402106911,True
0.58827809854871471,10,1.6036351579610337,True
0.52120157178182913,9,1.3945156148905908,False
0.57441531768324394,10,1.6045650550518449,True
0.67544315451784931,11,1.5951059649907215,True
0.57002959331381386,10,1.4288940159817842,True
0.67224803439650105,11,1.6751012736505768,True
0.56474981903734167,10,1.3757696578305518,True
0.5243453490866945,10,1.481975258166349,True
0.57893120814854426,9,1.5539945539130475,False
0.64160843904331566,10,1.5858286067826486,True
0.62435630657754959,10,1.6442441293886427,True
0.51622125938030206,9,1.6520767090488673,True
0.58177217632346045,10,1.6372214880490781,True
0.54352892016956633,10,1.553010472116495,True
0.60587760546440372,10,1.6044383175978942,True
0.57896731051897588,10,0.99109084167820882,False
0.61446615951644756,11,1.5625071410051743,True
0.58960303123080637,10,1.543289096874918,True
0.58120255045476887,10,1.6592851114377476,True
0.53713058169264638,9,1.4431592999470224,True
0.60971599743652893,10,1.6372129373665369,True
0.55620523784213083,10,1.6464893388219,True
0.64589677288509217,11,1.463706791977097,True
0.58085956237302683,10,1.3493807426253455,True
0.66603805476317546,11,1.5838611464352823,True
0.61687681767635305,11,1.675406829699309,True
0.57006076961297247,10,1.4402998092900106,False
0.56308508814264557,10,1.495548386748383,False
0.53712768775374331,10,1.388604644224299,False
0.60773760048049597,10,1.6878800725587098,True
0.63379215010720591,11,1.5928185664358503,True
0.55515749213509724,9,1.4217916376058297,False
0.6592969228948875,11,1.6256070439220716,True
0.5666006012026884,10,1.3564734611680456,False
0.62006870252385027,10,1.5412464459259003,True
0.55792085379064138,10,1.4113834565458954,True
0.47412726870286653,10,1.3639334737852478,False
0.63047635127344104,11,1.6462023465652651,True
0.59935882055592726,10,1.527748921918143,True
0.55926956696129182,10,1.6162444503895488,True
0.59920911164696289,10,1.6802689268495254,True
0.49674736381716089,10,1.1911866429168021,False
0.56356971398826317,9,1.3653906670426486,True
0.59272729372453337,10,1.686534189943065,True
0.45359285986344927,9,1.1120458903004218,False
0.60611124147713535,10,1.696861548870487,True
0.58667701405836936,10,1.4245984261061826,False
0.63365201987318376,11,1.5776550495700892,True
0.53597103764220755,9,1.4318844499132755,True
0.58409342943378451,10,1.6414172494803192,True
0.58264307799249559,10,1.5819526860355584,True
0.61283823427776984,11,1.618888516511664,True
0.58109995695316163,10,1.7001743614144886,True
0.59488913696654244,10,1.5013737225796995,True
0.60693151639343235,10,1.4931742283129552,True
0.56777585005165476,10,1.3241644568598907,True
0.62096420895870508,11,1.5035361124639017,True
0.49362166248350697,9,1.4134925668858771,False
0.542377191574408,9,1.4711127142443985,True
0.54767471518417721,9,1.4567888182656139,False
0.67555617077041186,11,1.6823453098921164,True
0.51770959988585219,10,1.5341711605812556,False
0.65048386587288842,11,1.6438062165986582,True
0.60942813261725937,10,1.3724475063547363,False
0.54193181047137862,10,1.3958068052364134,True
0.64741604110151729,11,1.5089300544151678,True
0.65051596626349395,11,1.5448916017715071,True
0.53863108010043204,10,1.0551342918375233,False
0.58551858747011143,10,1.5828092628365573,True
0.68452928148204029,11,1.6867974892091808,True
0.53402758002106265,10,1.3795412682293331,False
0.59651336279214273,10,1.5307303127929788,True
0.6211294573206898,10,1.6537574656449061,True
0.51595313360175754,10,1.4823324818981038,True
0.60883636892832238,10,1.5288596788166791,True
0.64672430869222197,11,1.5745201916439682,True
0.53212633094566641,10,1.5844084567774976,True
0.56486968369579815,10,1.5079177236641657,False
0.57487908766448403,10,1.6978589514052775,True
0.59622524273689914,10,1.6144989663313127,True
0.56285794588708893,11,1.6324599366617298,True
0.50596706405788572,10,1.0697173049763726,False
0.62628201326552491,10,1.5603258738765937,True
0.63504639589435607,11,1.5218704622863346,True
0.62038854416351674,11,1.5203696446072688,True
0.53867255743380105,10,1.4939091307604764,True
0.66228822676011512,11,1.4788324228538401,True
0.59891086853814801,10,1.5741147043278141,True
0.57869968165860985,10,1.4210840249653844,True
0.57709331737905278,9,1.6207342372588298,True
0.62203905904064183,10,1.6252604791158944,True
0.57330863247301667,10,1.584773811997094,True
0.5605728015616892,9,1.4387652484583136,False
0.58864124691174147,10,1.5387630404204473,True
0.53126403146024415,10,1.4626386055960325,True
0.58630727636289603,10,1.5738408560077668,True
0.56209577544969325,10,1.5710831993432128,True
0.60572049778756509,10,1.6728095506630738,True
0.59548420105198729,10,1.5763759164740214,True
0.56882174493467474,10,1.4495476888697314,True
0.60125776196754033,10,1.501317996318599,True
0.61032676114599171,11,1.5277273337769672,True
0.57002066458882028,9,1.5279438756261519,True
0.60838124265865812,10,1.6351527239924548,True
0.59617193306495941,10,1.6372452051981852,True
0.56744455248927184,10,1.531073803692196,True
0.6189117104856352,10,1.3227107552719517,False
0.56921507282103956,9,1.5704183052413416,False
0.55988979678518069,10,1.4452878756890248,True
0.60799736097185664,10,1.6492307043632624,True
0.59909606707130314,10,1.4976821941833693,True
0.70295728132090163,12,1.607342061943025,True
0.56392888515626416,10,1.3555288942619668,False
0.50473750951545437,9,1.3853443926863878,False
0.48553139055148037,9,1.5101505450499277,False
0.57344415384550596,10,1.1857056449008521,False
0.62285491878185339,11,1.4786344192061127,True
0.69090842076877357,11,1.5795405199948758,True
0.60214937488911502,11,1.6138680634541747,True
0.52549914829306998,9,1.6260104979072101,True
0.52663662421565782,9,1.4210041557086592,True
0.57836852087529567,10,1.6274879027416183,True
0.53498796100376,10,1.559469138083833,True
0.54843360629435578,10,1.481405414716898,True
0.59384788850917669,10,1.5890528040948693,True
0.56473799400370117,9,1.4399766874507371,True
0.55932597664539641,9,1.2030866453006661,False
0.57999463466933421,10,1.4627491918845947,True
0.53592476561652591,10,1.5437296935801266,True
0.65511843342339082,11,1.6289961530957966,True
0.5474919152514105,9,1.6174648243690977,True
0.58774745036708531,10,1.5225332949010792,True
0.61306995168757583,10,1.5612390224485722,True
0.57280915089783113,10,1.5226988288920744,False
0.5858850909265787,10,1.4638089839869808,True
0.61438947950570233,11,1.653554935049961,True
0.55213849987289176,10,1.5268411157504598,False
0.51783690955299333,10,1.3023623358639596,False
0.68431456774722688,11,1.5952288993247206,True
0.66897249937836245,11,1.6654169875323923,True
0.56407009287044685,10,1.5174625120112353,True
0.66230657127260029,11,1.7032922912225343,True
0.60218814988739333,10,1.6345519586648976,True
0.66110210926450519,11,1.5341862231579682,True
0.53288741151096808,9,1.5583313655027144,True
0.59065131735995091,10,1.6561993217685034,True
0.54174655654167825,10,1.4228324121746985,False
0.57538072259640205,10,1.6298242675320316,True
0.63432965128553043,11,1.5067955670799986,True
0.67213256860810311,11,1.4814432402110844,True
0.61050613903661777,10,1.6106102660356025,True
0.51534395356723217,9,1.3142155433433462,False
0.65533222565614091,11,1.4906069230386847,True
0.6155538628304682,10,1.5578750752997106,True
0.62261868357118977,11,1.522010258078208,True
0.62008307035093269,10,1.5638467931226934,True
0.59769457386274383,11,1.6149773358320485,True
0.56699896105799419,10,1.6532406401419786,True
0.58921224899569724,10,1.7054190929159687,True
0.66482567426145478,11,1.6162495291878638,True
0.60289959949435379,10,1.6757827774603868,True
0.60917070517297467,10,1.623765874441051,True
0.54110016225196045,9,1.3186124943040534,False
0.54680410635642174,10,1.1168498008879535,False
0.61786047482143203,10,1.6315889294751109,True
0.57087209295771746,10,1.6608255075119394,True
0.59400067619182961,10,1.46636853851677,True
0.59276689024868789,10,1.626551585669223,True
0.52994912597952981,10,1.6203158366087034,True
0.53823216282220809,10,1.5019642523900625,True
0.55657354004369186,9,1.5219173572872162,True
0.51141964132256823,10,1.4495964257564458,False
0.66605237916612547,11,1.6482363274020979,True
0.61158991236563753,10,1.6642689558420576,True
0.57040443861543888,10,1.3329245894273962,False
0.61330273068180541,10,1.5906366720048959,True
0.60372289517245536,10,1.6810128520365364,True
0.52167438864574933,9,1.2019193804450341,False
0.58777676309644888,10,1.5602182108260669,True
0.55431061098133916,11,1.5622855871535026,True
0.62942331754240477,10,1.6513568558631353,True
0.57205370989923643,10,1.6053726193996327,True
0.51836140569548284,10,1.222398051517263,False
0.54228070193464162,9,1.4222461323903597,False
0.60112617319748662,10,1.6097232291866592,True
0.52092251469122008,9,1.4021254586885494,False
0.54863191718415627,10,1.263178474020241,False
0.5643361542126033,10,1.6479014570564654,True
0.53714638492515554,9,1.3881325579406885,True
0.60574638435711392,10,1.6455209044388495,True
0.55670749468345215,10,1.666260618329048,True
0.6666056408551343,11,1.4947615761625135,True
0.62214473637898715,10,1.4413118182843863,True
0.58102632831501333,10,1.4811746421927872,True
0.57918677241273642,10,1.4995309610551619,True
0.54861392629912786,11,1.6065475768734379,True
0.53517986704764553,9,1.4829075991395402,True
0.54855501879773094,10,1.5952867605053695,True
0.64691308064840536,11,1.4012198911305369,False
0.60073956404202566,10,1.3975867306668677,True
0.62495553094969236,10,1.3700807822870049,True
0.62400002268805144,11,1.6821605717930184,True
0.66988539899088884,11,1.7032506421609235,True
0.63192798378821258,11,1.3885531045013919,False
0.63147063559405381,11,1.5124716466827663,True
0.57076186756976899,10,1.5485012247799959,True
0.55969504305326656,10,1.3981258030619221,False
0.51217856776989834,9,1.2414408910450667,False
0.50607976240515118,9,1.2922380208406887,False
0.54571789986614538,10,1.5054371442739141,True
0.55092407196374005,10,1.3025659364064159,True
0.61114020666276003,10,1.6855585584366057,True
0.58796431629198254,9,1.4684020038112395,True
0.55457576526572405,10,1.3782093661752797,False
0.54753904877516457,10,1.2613569500676278,False
0.50289143788963342,9,1.3697018956257043,True
0.57636792409260618,10,1.5207752353665427,True
0.56363641704673006,10,1.2400188900628852,False
0.56371106472642407,10,1.4553913794049651,False
0.66355635241756328,11,1.5622452762883809,True
0.53312921985114103,10,1.4896523204975871,True
0.55437560484192483,9,1.2741217097201876,False
0.5092727439236473,9,1.312836096559618,False
0.55563141440919006,9,1.4209279658127592,False
0.61158361733215871,10,1.6601646747028591,True
0.52639200558504629,10,1.4835876388511531,False
0.5758156863172873,10,1.0350409082122474,False
0.58476668012412714,10,1.6617464188172852,True
0.64435580522714075,11,1.6591346301971166,True
0.57864663160016339,10,1.3215320441545491,False
0.5901744479504285,10,1.6075547341572467,True
0.53545038230161224,10,1.6382185864694065,True
0.57217994558463636,10,1.3804002624477862,False
0.57424961027664179,10,1.5191242698381093,True
0.60876943471823286,10,1.5806338308206058,True
0.59618175112294258,10,1.4643905293787849,True
0.64257976855072485,11,1.5429596451409042,True
0.54965510182857469,10,1.2935713775083715,False
0.62210346857615029,11,1.5066739828877007,True
0.51101418426069356,10,1.3838963860333684,False
0.56470688419394499,10,1.5517686320699826,True
0.52129510711243243,9,1.3902057186814243,True
0.60949198951879657,10,1.6301150664516482,True
0.50353973210369041,9,1.4044543812706882,False
0.55533524829418357,10,1.6303096002181818,True
0.59957121359332921,10,1.4783519473138069,True
0.5332016242462021,10,1.5422774116177325,True
0.57087250682072233,10,1.4953064039762334,False
0.62297088022725666,11,1.5952300153525818,True
0.64076603998044834,11,1.4308486141770964,True
0.55944761958113154,10,1.3372431778068441,False
0.60120768204988473,10,1.6606463186409288,True
0.54044837889890129,10,1.5629563130580808,False
0.56478074465435324,10,1.614766969560667,True
0.58876774899787809,10,1.6124915842401268,True
0.57079578465829639,10,1.428524149162943,True
0.6609883769645748,11,1.6776478177054821,True
0.56840279399648652,11,1.5353796257755692,True
0.63785710379934002,11,1.6396053619511912,True
0.61594717788684827,11,1.4883408497728741,True
0.60174551537948495,11,1.4609369426260148,True
0.64280911289685683,11,1.6193997654143997,True
0.53490854388442421,9,1.5756289547894076,True
0.55275453930441276,10,1.5069962120738742,True
0.64135485323591368,11,1.6159556818725045,True
0.65596053754482986,11,1.6834734568604075,True
0.50652317850589312,9,1.4401713696807408,False
0.59262727989981789,10,1.5796707799700844,True
0.6779366778841931,11,1.6742229998691758,True
0.65896074762232848,11,1.4976008566067587,False
0.59675175571048078,10,1.4539660764845197,True
0.56795865217016583,10,1.5172439178833852,True
0.58535530994119289,10,1.5669748542510589,True
0.55010142386537264,9,1.6070164409950014,True
0.57336348328794284,10,1.5154996551677553,False
0.5920816595208882,10,1.464298824289735,True
0.52336332526707496,9,1.339469737003196,True
0.58479610037524798,10,1.6149186697227504,True
0.56136938347073451,10,1.4480764397876003,True
0.55882738620788097,10,1.6461385281284511,True
0.58038185047138646,10,1.5123951048063793,True
0.54879973833025797,10,1.3916508581647922,False
0.56154832589766035,10,1.4042145991600574,False
0.54123109992872576,9,1.4549363859224633,True
0.62449385081598641,11,1.4305532188443693,True
0.63362425131808253,11,1.6159671820527055,True
0.58317398382876784,10,1.689519418541336,True
0.67586914849094104,11,1.5841658160662575,True
0.62496260505266388,11,1.6309656511585675,True
0.47174064708297403,9,1.3635355482572642,False
0.56744668758697936,10,1.5998326916619887,True
0.55662443205605894,10,1.5318828215305327,False
0.52743023897905572,9,1.3172419252886618,False
0.58608242712098435,10,1.6529049048528202,True
0.66128230283155964,11,1.5644955362155208,True
0.56894213636724,10,1.5482413412901106,True
0.61407289554527344,11,1.5318671734332017,True
0.67960063568530493,11,1.6129005129855654,True
0.658195927179972,11,1.4783721284721481,True
0.58318495677183269,10,1.6403544072010274,True
0.53507879049346829,10,1.6357998488119938,True
0.52041952411992898,10,1.40794676886109,False
0.61933921768133005,11,1.592450490492656,True
0.56852930429047666,10,1.6729462455294863,True
0.57359735319108274,10,1.4548881158471221,True
0.56079661384734147,9,1.1473842860204908,False
0.55210074948331178,10,1.5026956288539852,True
0.57487469910663347,10,1.2943288047160222,True
0.6802296902031949,11,1.6755063118865816,True
0.57719479330587287,10,1.4976047757699764,False
0.67305648260682793,11,1.5712130831606206,True
0.6069574803987462,10,1.507841234563245,True
0.62323092864307095,10,1.6324335043078257,True
0.56820553786738015,9,1.4518583678770334,True
0.63922770341614432,11,1.6445100804179771,True
0.52859635876389233,9,1.5406812812653408,True
0.57800711499755564,10,1.5726899327930817,True
0.5803977480123379,10,1.4859561632401321,True
0.62226035636352273,10,1.7034715473050532,True
0.61117609840900233,10,1.6221838336236734,True
0.54459094194697766,10,1.5047500608890945,True
0.576947152710241,10,1.6276727592870588,True
0.52077488543334316,10,1.5046739928121089,True
0.54056125192881055,10,1.5148117207747138,True
0.61329896854961408,10,1.4505380226344278,False
0.50513625668546092,10,1.5339611570295264,False
0.63503808161775477,11,1.5787135820722302,True
0.65259993661229654,11,1.5000024873147331,True
0.63580422632754419,11,1.6766323778136161,True
0.6393592856292547,11,1.5027016190268918,True
0.53078427831979058,9,1.5474674746640811,False
0.57833371071087747,10,1.5458671844117893,False
0.64386165754598457,11,1.6449218736301376,True
0.58180817397260742,10,1.5641552074657334,True
0.61339670227992338,11,1.6218371457283272,True
0.61758259299866436,11,1.6396563333584766,True
0.51945598661997727,10,1.6271690313305542,True
0.54884784383777874,10,1.2073364926784924,False
0.59663485699565644,10,1.4985423892389214,True
0.61756833125226607,10,1.5289574148451459,True
0.51913611119884473,10,1.1711085106849572,False
0.54372109664455448,10,1.5940763227415444,True
0.57961768378484735,10,1.5228643317091792,True
0.54739977255777206,10,1.5448238616542711,True
0.58335854321081826,10,1.3484875680682968,False
0.54320083882123815,9,1.5472977787764168,True
0.5720399126476633,10,1.6563864759769447,True
0.59908755696996652,10,1.4866552441711993,True
0.62059706116357938,10,1.5686059072121226,True
0.54463704838360438,9,1.4475076766795985,False
0.64227216946259647,11,1.6688622344424886,True
0.58753441653581318,10,1.7134526280496816,True
0.55859010352233673,10,1.3961356879209881,True
0.67776386532196498,11,1.6573945468548532,True
0.56267048900168393,10,1.4994592462156735,True
0.6420025673822396,11,1.6462683831633376,True
0.62649603676828136,11,1.4701899819827418,True
0.56843883768416714,10,1.6618296702931619,True
0.56196883503009609,10,1.3126786320436596,False
0.65717037014863633,11,1.5687814228976624,True
0.55395088827881211,9,1.5526829594824083,True
0.55103421611837566,10,1.3937366854252513,True
0.56738863328089295,10,1.5963018291464004,True
0.54600154801769363,10,1.4705727486667386,True
0.63581837012582831,11,1.6657617942020986,True
0.62797065563812982,10,1.57458438395637,True
0.63591354901605712,11,1.6151802391081342,True
0.54809848814823037,10,1.3635595933661393,True
0.54594316072191518,10,1.3016851624913457,False
0.59931384354645056,10,1.5518993689593272,True
0.54772458176081762,9,1.5460184155203156,True
0.57420832182134085,10,1.2857327051916412,True
0.66543045113916877,11,1.5389509865750048,True
0.58602887011590066,10,1.6379350487575148,True
0.5543025197890612,10,1.6530606540056352,True
0.59666847867056161,10,1.5823514143140709,True
0.6698254147863284,11,1.5788177357685116,True
0.54167428431219511,10,1.5167359486546153,False
0.51923865921897472,10,1.2644004529186867,False
0.56621035731651459,10,1.5608181951481723,True
0.52116055471649636,10,1.5951300121780192,True
0.5903333156810503,10,1.6061450826494006,True
0.58087279084178378,9,1.5673220378970081,True
0.63297935680283124,11,1.6298742920219518,True
0.57472380613877094,10,1.4355395388159755,True
0.53353554459218977,9,1.466133417180381,True
0.66577614609797919,11,1.5108125483768675,True
0.57440187191760861,10,1.5383620109742338,True
0.64702434647272389,12,1.5277690217682685,True
0.52301605836094955,10,1.5218071972369871,False
0.54490676698399121,9,1.4213946851297652,True
0.54650101733329204,9,1.3777662502004355,False
0.53136981181605014,10,1.4583607323683661,False
0.55021836425122717,10,1.5057058909688699,True
0.67771731160441362,11,1.487535495853533,True
0.51489582481233964,10,1.3810637929551084,False
0.59146162527913171,10,1.6003436037545937,True
0.53540269149529063,9,1.5380671740041281,False
0.57198494351242879,10,1.5211358262714325,True
0.55778252356776203,9,1.4024670736226574,True
0.66186646601700805,11,1.5264443390603155,True
0.6018225484288352,10,1.5334832271079104,True
0.63265939355764589,11,1.692789028508852,True
0.65643974491473789,11,1.4795612066445964,True
0.57508659131814555,10,1.4639672728473452,True
0.5500866515723839,9,1.6543914049964781,True
0.50968746461323255,9,1.1949663941152764,False
0.5971736978497546,10,1.6479436021491625,True
0.58051823083349186,10,1.5059383435541567,False
0.56085688709980019,9,1.6398994870402803,True
0.6579850586931697,11,1.6995161186918524,True
0.5613794023711961,10,1.5900851943442702,True
0.57738039576880351,11,1.4564027968865116,True
0.58627427329762027,9,1.4570815253820466,True
0.58943941544628564,10,1.4961008352928307,True
0.59611037181123838,10,1.5097495971340904,True
0.57418333339265559,10,1.4022773939703415,False
0.61142857173895448,10,1.5140238034174078,True
0.56958432819198168,10,1.5982355571173996,True
0.53511844209253367,9,1.3928310266102848,True
0.50281582622665988,10,1.3981379356662937,False
0.57880891567668424,10,1.4586476449292431,True
0.53916342400637862,10,1.3836599029257739,True
0.56078890555581529,10,1.4999610537121466,False
0.51755108629651148,9,1.5599531450976785,True
0.56774827725029853,10,1.584002006783189,True
0.58458444172583668,10,1.617879586887405,True
0.54538819515023484,9,1.5661172390137854,True
0.6053930993235177,10,1.6645837931694796,True
0.59938436382805049,11,1.5065553718482887,True
0.69390659713018976,11,1.5004011230014944,True
0.54284590755480422,9,1.4471152316746987,True
0.63667622800429313,11,1.6449253526929382,True
0.58748375051331192,10,1.6517278924449126,True
0.53891430850459543,9,1.418098069175912,False
0.58232475160596431,10,1.6089201228909988,True
0.62790129331052136,11,1.6764625550214298,True
0.56465136173661823,10,1.6370541596652686,True
0.58371868419882189,10,1.6802844065591656,True
0.59911523042498549,10,1.5903653123954165,True
0.62461480828061344,11,1.3832194623389851,True
0.57543553489275134,11,1.412168829543708,True
0.61031039042723101,10,1.5377625963699457,True
0.57839177436623723,9,1.2420300648390459,True
0.59271663569486932,10,1.5958131375723899,True
0.640214501982595,11,1.5971108325773333,True
0.5973675689095036,10,1.4866827673474878,True
0.64488826398630339,11,1.5798285198707867,True
0.59048745210944054,10,1.5707402946659772,True
0.60233394342072666,10,1.6543840675091277,True
0.60719892514061091,10,1.4909808922365244,True
0.61073833399516575,10,1.5872695624914219,True
0.51814926284002949,9,1.497708710901045,False
0.69028085864003852,11,1.6468437835143017,True
0.56297184574758952,10,1.5409711519341367,True
0.61261085069010512,10,1.6599258413642628,True
0.56706071574398875,10,1.4901925570702459,False
0.57967633275277042,10,1.4118866533602696,True
0.6580320101008702,11,1.5627684257377612,True
0.53643160151042646,10,1.3755979389438984,True
0.48759326991949525,9,1.2847076613005788,False
0.62264082785125208,11,1.5671640648349188,True
0.65805697981424427,11,1.6407209774095695,True
0.51575468146010006,11,1.2187773918658331,False
0.50108348757196419,9,1.5236122475412697,False
0.66784191876552335,11,1.534836480876516,True
0.6650266499860007,11,1.5668216093627487,True
0.55201809464983842,10,1.4643031950372341,False
0.51834552102332343,10,1.54355656138382,True
0.58143322727095503,10,1.6770032347998625,True
0.58067964820644391,10,1.6318687237320328,True
0.51442654854375536,9,1.5247370774195117,True
0.67846092639324052,11,1.6531177741014338,True
0.5824749375943602,10,1.4973452522095452,True
0.53863399506721843,10,1.3121446713075495,False
0.65805426259994715,11,1.5758945473723549,True
0.61355827218849279,10,1.5810100611460869,True
0.58117264699665461,10,1.5314001665619004,True
0.45131124734440875,9,1.2104677287640395,False
0.54206341170587724,10,1.4414162601647882,False
0.53733646520912237,9,1.4971804337264834,True
0.51850423676985835,9,1.4094136947930163,True
0.5537319503621515,9,1.312634039375917,True
0.64610414320015208,11,1.6435212032418449,True
0.64562807963816637,11,1.6026604770445043,True
0.52876715561318732,10,1.4876830809724499,True
0.52174757427981322,9,1.5343421350071187,True
0.67450729734798487,11,1.6616861679247068,True
0.53654444653785649,9,1.4886254329352517,True
0.57846093910145524,10,1.3148415677869312,False
0.55345306509729841,10,1.6341339101161323,True
0.66632539220197151,11,1.4997961217906852,True
0.62109146313642083,11,1.6841763779455701,True
0.55893668802317775,10,1.39352751270801,False
0.62196007036210321,10,1.6989474198340582,True
0.60736992303349735,10,1.6738261413275435,True
0.59903621830264098,10,1.6035077834726075,True
0.62444349937689891,10,1.6679334794526248,True
0.58626737998273415,10,1.4046196860813573,True
0.60100477317437617,10,1.7082755156215497,True
0.53254636721671633,9,1.3049124239854279,False
0.57153372477858888,10,1.571183309957453,True
0.5850842291181173,10,1.4787579775026385,True
0.57507779739812159,10,1.58356585188332,True
0.58725276320828534,10,1.5066759223087265,True
0.61034699824660832,11,1.5961961507792271,True
0.59127440860104274,10,1.560530720050797,True
0.64295720667390588,11,1.6756375612935477,True
0.55462780018027336,9,1.4662535076366998,True
0.55868831326409918,10,1.5540310138020719,True
0.57844906303385091,10,1.6936571845206008,True
0.62083509486773614,10,1.5193224461073302,False
0.65073105908815765,11,1.4416866126661103,False
0.58986961004597227,10,1.5445100641745118,True
0.5290006837739839,9,0.90386623680296296,False
0.56744697125811994,9,1.5721673525373145,True
0.58650767633415113,10,1.6247261209266091,True
0.57451390839813121,10,1.6141597841230442,True
0.60798216022222251,10,1.5157370599559961,True
0.67242398446326745,11,1.6376123115842498,True
0.50496086395712314,9,1.407880036799557,True
0.59512007300967629,10,1.585586053567829,True
0.59473222317521568,10,1.6372369068834529,True
0.54085602871382521,10,1.6853043996462045,True
0.58720473387868188,10,1.5309691189610084,True
0.54704738791910856,10,1.5218746510123986,True
0.59603257818261179,10,1.6234907831928953,True
0.66617097813117176,11,1.6044790741893706,True
0.61246240377189298,10,1.6833033480957533,True
0.57044209242882093,10,1.4076084950511081,True
0.64985528214317423,11,1.4880938794867367,True
0.53263922453818902,9,1.4487335561637176,False
0.55177517199710668,10,1.4397549433208592,False
0.56902898837825289,10,1.3082569727925453,False
0.54812571495623519,10,1.5411978031699267,True
0.57156400408112962,10,1.5545342369049877,True
0.652689664381923,11,1.6112629260314093,True
0.61074133164199773,10,1.6400077330520111,True
0.57266305836270859,9,1.5345834534142695,True
0.66657942879165177,11,1.5933547987802505,True
0.56016802000276711,10,1.4998157614927892,True
0.53240156214068723,9,1.5810152074004069,True
0.6464841831226309,10,1.4452906426398613,True
0.57913031561717965,10,1.4200410056032324,True
0.60322792984682871,10,1.5325235299878517,True
0.53786190707085701,10,1.4981178026125261,False
0.59218815797553359,10,1.5811953264243617,True
0.60176636734405597,11,1.5617089736024592,True
0.51965584757036676,9,1.5847017848864422,True
0.54927310698772591,9,1.5236574309478603,True
0.58389844893027743,11,1.5953015763492648,True
0.62667876758067986,10,1.5335056412106383,True
0.58736705805317369,10,1.6692075071136649,True
0.54458291587211305,9,1.5380166813196832,True
0.60029961562000311,11,1.5565583597512289,True
0.63169922066953665,11,1.5707110478231656,True
0.53776051922078039,10,1.4226755878004327,False
0.63078871467226294,11,1.6715477366230702,True
0.61949667663332197,11,1.5250651956348857,True
0.63744905490954473,11,1.6700453240683815,True
0.56475556758461509,9,1.4888769179181489,True
0.49157808132878955,9,1.4636797632502738,False
0.51364653895809054,9,1.2890231914176591,True
0.58462918165941291,10,1.3531780599110366,False
0.67505164661664185,11,1.672450610663597,True
0.50781788962127461,9,1.4471987922299507,True
0.60454754811324174,10,1.5366985660414836,True
0.56447601612973186,10,1.6342143989545093,True
0.50148845573976308,9,1.3308946762937137,False
0.64009805764323402,11,1.689722999282639,True
0.60556320786549533,10,1.6393410246938649,True
0.48634142455863039,10,1.0724765589327196,False
0.54479975442187167,10,1.5600039088136883,True
0.65010611904435378,11,1.5738062960435399,True
0.63855054152720891,10,1.4302992129896068,True
0.5523182674833913,10,1.2404591026314233,False
0.58461147075233511,10,1.6129011441081051,True
0.57879900870640644,10,1.4838594423077744,True
0.60930134939290537,10,1.6750411934183576,True
0.62557951146400503,10,1.5752823877515008,True
0.57993969451510019,10,1.5292011797154768,True
0.58941455136258647,10,1.5568716852825979,True
0.59691930505626745,10,1.6446040893578411,True
0.56477589794253047,10,1.5130817404237165,True
0.58015807271630959,10,1.2419432028144011,True
0.57902570020211319,10,1.6069420738832831,True
0.63762493444478852,11,1.3645476145439526,True
0.5196568634404336,10,1.0910921590741496,False
0.6483414824405408,11,1.5832459132940246,True
0.59131745930899748,11,1.4722636895008778,True
0.67262185003729691,11,1.5423770991195813,True
0.5758835213356398,10,1.1826994796143186,False
0.53108316258616761,9,1.5206258912659838,True
0.58779941194299012,10,1.5355874934863374,True
0.58005488412332629,10,1.5916242414029735,True
0.52732476638512282,10,1.5605265669695325,True
0.5571542422017014,9,1.5442342827776445,True
0.60107304734043276,10,1.5902796007839739,True
0.66030946849376504,11,1.4567044411417371,True
0.66694655690074489,11,1.641436401019738,True
0.56993798170687304,10,1.3358585167754595,False
0.60336734151363403,10,1.567551443798314,True
0.58183390675824753,10,1.50021797342143,True
0.62783690634177902,10,1.4994618901309444,True
0.60236929720567611,10,1.3940595537661089,True
0.50132341562129779,10,1.3543636199575533,False
0.51103815983492129,9,1.4820432735241469,True
0.63540202520756961,11,1.5455128899124717,True
0.60939896292696372,11,1.5633609597507001,True
0.57264345928158089,9,1.3709702838187103,False
0.50436507162063426,9,1.3491568564526142,True
0.60068172648198348,11,1.5566979830160004,True
0.60664937451345113,10,1.686731321396536,True
0.55406585341564396,10,1.5775843864727508,True
0.55989457689960997,10,1.6171365989297135,True
0.56066675034640356,9,1.6076356284553563,True
0.56771622592120097,10,1.4286200769425841,True
0.59651379594868215,10,1.5613356012070654,True
0.5636336947746583,10,1.5896919506854668,True
0.48557365301856797,10,1.3773651397817981,False
0.535755192391135,10,1.4213082215972563,False
0.59426227416296529,10,1.6583859267206387,True
0.55291633319927813,10,1.4945942220548609,True
0.58225608359115899,10,1.563324722401557,True
0.52639094467187242,10,1.4309072793393749,False
0.52020708489780254,10,1.3046150973302419,False
0.55845992208612816,10,1.5320206715689637,True
0.55468335501491217,10,1.4963749425385271,True
0.57517000041272925,10,1.6409510876655633,True
0.60422458600622542,11,1.4710400948751141,True
0.68124386876487608,11,1.5779056831832179,True
0.56185546428009014,10,1.4322833264328008,True
0.60449584399640954,10,1.6591411771082307,True
0.61549027272240431,10,1.6110950759495264,True
0.53934679818630515,10,1.3655570269135708,False
0.60682966804657024,10,1.6348508235054331,True
0.56912052137357405,10,1.5396441987604979,True
0.54757170472479233,10,1.3761784409151128,False
0.56075423797835677,10,1.4864614304449677,True
0.59505602343284447,10,1.6374412750185394,True
0.55025679097773705,10,1.4777274205892732,True
0.65346982211127858,11,1.5020141190582295,True
0.5363950986012338,10,1.4792744038732886,True
0.63774976497944758,11,1.3611176465725698,True
0.66382942833740266,11,1.5905376048080506,True
0.47477517380573286,9,1.3514016712184818,False
0.52911908222351933,9,1.555663020124842,False
0.58844077854437971,10,1.5492139733952255,True
0.58343249075801706,10,1.5350466122291468,True
0.53719231553062763,9,1.2647184607704598,False
0.54741215429594658,10,1.2605612925309757,False
0.67018433002188305,11,1.2901427514107593,True
0.57501658587285276,9,1.5438484918831221,True
0.56717313745579134,10,1.6397364072512135,True
0.641854120152209,11,1.5573219643554823,True
0.6321097903045807,11,1.6748399331130881,True
0.61042561892715852,10,1.6192997104879785,True
0.67321161674928887,11,1.6344385372255226,True
0.57224526129192654,10,1.1562799189006934,True
0.54947931972633357,10,1.4180496276948298,True
0.59738098664665074,10,1.4712015153980746,True
0.57284755957248612,10,1.5061879591990128,True
0.59740030853800585,10,1.4039090586893506,True
0.57470547459091981,10,1.5137611108765598,True
0.61666171585499685,11,1.4811911924280319,True
0.58385714643592235,10,1.527253623493618,True
0.53319485779183917,10,1.3681539992440763,False
0.49555379040983466,9,1.4206494386114323,False
0.63041111231025693,10,1.4233002803580783,True
0.6139611187453774,10,1.6509740326241649,True
0.55641564198704418,10,1.4814419935945706,True
0.59550652861723208,10,1.5873865846505402,True
0.58890598577015807,10,1.6297929559449771,True
0.6083136547135326,10,1.6451935646274052,True
0.61459224580093896,10,1.5089797236382556,True
0.6141371302901546,10,1.6198797354101939,True
0.55334941717650643,10,1.3157144756842813,True
0.57286076597285196,10,1.5891441695284818,True
0.57391748559754308,11,1.6429481446806278,True
0.51511467338659189,9,1.5613527004835899,True
0.62959670590170147,10,1.6711956269841026,True
0.5904499914232465,10,1.4483739384664041,True
0.50948306603992499,9,1.5774233432348632,True
0.62232840316622118,11,1.4497047521088815,True
0.57931971878682487,10,1.6597515328651826,True
0.62187398395180993,10,1.6575242831738766,True
0.5866439524407544,10,1.6520529637707593,True
0.55438793372306394,10,1.4335906042082045,True
0.6617434175794451,11,1.60444687385582,True
0.5776050955430887,10,1.5277476509311549,True
0.62420262640023461,10,1.5560603050218504,True
0.53759279457445996,9,1.3937844777379476,False
0.60035773387692326,10,1.5427898820575121,True
0.58752197495372815,10,1.4188741528412081,True
0.55419464369772464,9,1.1760166223086999,False
0.6643292239512123,11,1.6495254443448093,True
0.6430337881289333,11,1.3752537258304809,True
0.5838405020762123,10,1.6115965823704506,True
0.60348893377416979,10,1.4863091352656463,True
0.64648426010178439,10,1.6316861710604287,True
0.57699705672500978,10,1.5515107076288457,True
0.65095013065079399,11,1.646527720161963,True
0.57007769275861042,9,1.6286777252319575,True
0.50621748499246011,10,1.3762193053457326,False
0.5241783848053152,9,1.2129205236003482,True
0.52957049899968844,9,1.5041576990000733,True
0.57231181924748431,10,1.6371502150263,True
0.58819289945405506,10,1.3773874059029958,True
0.58493720459913112,10,1.5792453216896851,True
0.59324541501491612,10,1.6368231757284892,True
0.51627049842707529,9,1.4191210870435746,True
0.58788821002484093,10,1.3707508787827023,True
0.56709804060385105,10,1.4843726404972932,True
0.55987745265569966,10,1.3768233522476574,True
0.56841926487253447,11,1.5514307230452089,True
0.53563545143948277,10,1.3979167092068538,True
0.61094454669983056,10,1.6469461532501672,True
0.63479533928322307,11,1.5731759764287714,True
0.61317169483448442,10,1.6714148563378097,True
0.6330078051972946,12,1.5179060894223464,True
0.59940712499545235,10,1.5966840377701998,True
0.56285690575206537,11,1.5972557296180778,True
0.5763243536120789,9,1.3544217481198646,False
0.61016604054952539,10,1.4738201434897913,True
0.52504646845473046,10,1.5897816771760205,False
0.53745105384251723,9,1.1346307482391245,False
0.58477396522899017,9,1.607406775573728,True
0.62048131309539378,10,1.4756878517394787,True
0.50947114818323336,10,1.4289731714329523,False
0.57909367956842472,10,1.5167041039130289,True
0.62983759078406498,10,1.6834689855631875,True
0.48074550135248545,9,1.4721744401260604,False
0.5459853451530694,10,1.5513375914387382,False
0.58280273359154222,10,1.6434874622816871,True
0.5627366404921913,10,1.3268992668227091,True
0.52735682912673731,10,1.4235210969034269,True
0.58318962661831286,10,1.3317220569566024,True
0.60208366234484145,10,1.5874084288468628,True
0.61572754083216452,10,1.6083207797455221,True
0.66031565462466335,11,1.4893089577189447,False
0.61317313563572473,10,1.686960947006459,True
0.5980720816771643,10,1.6491382334366578,True
0.65906399653400471,11,1.4741104665980866,True
0.57527273710206606,10,1.6188242699754878,True
0.56596798508763679,9,1.2853472644822466,False
0.63193776574693816,11,1.6190890556813224,True
0.5816147348243863,10,1.4471813319309199,False
0.58029883870980359,10,1.4926463790134572,True
0.53387853465674717,9,1.5800667762444451,True
0.5398174224451876,10,1.5871536781327882,True
0.63917550368430376,11,1.5905134044922291,True
0.61481462640743678,10,1.6396463845281386,True
0.56018668783001102,9,1.6382017748964712,True
0.62280071799619596,10,1.6342944897039324,True
0.55380681416963584,9,1.3726984547853431,False
0.57914984541157677,10,1.6032105813526352,True
0.5518384616620674,9,1.3710361033207377,True
0.54519888342103451,10,1.5521248873730962,False
0.5943366694485116,10,1.5485069342814768,True
0.67160467593372786,11,1.4350865069707122,True
0.55303785891634183,9,1.4958477314072496,True
0.55863459404687721,10,1.4815478527019283,True
0.60407087176668595,11,1.5500522034957491,True
0.52952295468978405,10,1.2264719615493644,False
0.51957489342361363,9,1.3070220058190942,True
0.5778965757917941,10,1.5232781713895374,True
0.61348672469010879,10,1.4828568701852598,True
0.58787847598707155,10,1.5558277087760062,True
0.64029114131696985,10,1.6899513017738568,True
0.59033935623608402,10,1.5367045697859862,True
0.59089641477415134,10,1.3269234417466291,False
0.62318882516791307,10,1.6707156823922333,True
0.58559015149775984,10,1.5482996798435469,True
0.5474021934425195,9,1.4085229840578231,False
0.59083926951770649,10,1.3598444942074719,True
0.66035192819580579,11,1.5770676866288122,True
0.53259083528009044,9,1.5815455026280305,True
0.54286896927093908,10,1.4753932718526415,True
0.63191261157390011,11,1.4965826646344866,True
0.69167948302996352,11,1.501133188776326,True
0.53335321613890763,9,1.3854278750857776,False
0.60115803572716664,11,1.557344963246839,True
0.53307937969524621,10,1.4200480060134191,False
0.57945730435111042,10,1.4166710169165999,False
0.61611799113174071,10,1.5596702426638662,True
0.56939278492956613,10,1.452863062789427,True
0.65437623802044786,11,1.6473510588956293,True
0.53746735654712108,9,1.4882973526217509,True
0.5986959786284678,11,1.5731421803967085,True
0.62827454210791345,10,1.4349739603143652,True
0.58229474021192662,10,1.4540944552711954,True
0.58290815509612204,10,1.6051488919931072,True
0.59808337328811956,10,1.450751839360694,False
0.6196254982508046,11,1.633858989832055,True
0.62944272997203787,11,1.5535219284681281,True
0.58274963632549348,9,1.4155548396829252,False
0.60341454439725295,10,1.6728990280843434,True
0.5549052143548977,10,1.4205472583007315,True
0.57617967103805856,10,1.573767652927446,True
0.5336231180649591,9,1.5808388928950747,True
0.51793344177272294,10,1.4134077029930845,False
0.61603545754788214,11,1.5623279609785672,True
0.63719672364656565,11,1.3514973567150601,False
0.59835129325876701,11,1.6784677147906863,True
0.64339415777641495,11,1.6222319503069469,True
0.54850571960752703,10,1.3501509469262336,False
0.62755464433732577,11,1.6082452416913544,True
0.5272899285051349,9,1.6310904088435225,True
0.64247859633854754,11,1.6417072391299534,True
0.57575291456770339,10,1.5087452698754975,True
0.63238504826055997,11,1.6003316082000212,True
0.4892237790426604,9,1.3084811891167716,False
0.63941385475602885,11,1.6553589916987179,True
0.59426700050693826,10,1.4265912026342145,True
0.55068211808238021,10,1.4569859293037697,False
0.5387658307133214,10,1.5371027185039901,False
0.58248538220446899,10,1.5137203284754763,True
0.53328900569898974,9,1.419072871731603,False
0.56317122599166558,10,1.5326357770179553,False
0.52351837662262235,9,1.3962770842234522,False
0.54963015238784718,10,1.3739578961821028,False
0.57420616487774534,11,1.5939154220889125,True
0.56109524957141943,10,1.4139869708274801,True
0.51540548698197408,9,1.3583321486100681,False
0.52871588115081025,9,1.4695927790250687,True
0.5944874964022967,10,1.4292041208515882,True
0.51380333907925513,9,1.4199618205581983,True
0.58309991762922742,10,1.6597899530268014,True
0.57592596868075763,10,1.4646839821623916,True
0.65737540884247014,11,1.6352551669391235,True
0.68187906034622081,11,1.6869784466909989,True
0.5470643349047325,10,1.4993039586587318,False
0.59393274094355364,10,1.3640868822040864,True
0.58332618358777788,10,1.4794678164272446,False
0.64496858560703707,11,1.6731839304542708,True
0.53348929999639461,9,1.5720829607813875,True
0.64595774777824244,11,1.5750139481980305,True
0.63393887289715423,10,1.2331534805063304,False
0.57590519555725062,10,1.435721974455773,False
0.51825813814764932,9,1.5280015805208074,True
0.63465951721028679,10,1.6186420938759862,True
0.6191629141852224,11,1.6189316779886724,True
0.57094724030783706,11,1.5916640976499397,True
0.59612054635046319,10,1.5585824119527183,True
0.58135782017641702,9,1.1625175237712597,False
0.66544916830737855,11,1.5517956499219661,True
0.57999333518490859,10,1.3525550667489554,False
0.60933232520228264,10,1.6642544577011396,True
0.58002828092033054,11,1.4750905237654375,True
0.57079749996806728,10,1.4087488263813628,True
0.59331411865207706,10,1.648920491898457,True
0.63043796289419363,10,1.5506514953484827,True
0.65435021878641675,11,1.6192876514107304,True
0.56198362149593228,10,1.4726366433823135,True
0.60266379983886853,10,1.5733833593279427,True
0.51556057416670453,9,1.4586900843161401,False
0.59998447957813483,10,1.5664107215131575,True
0.55729709801001948,9,1.5728139022038761,True
0.58802234174672574,10,1.6034371843450754,True
0.69708236231547815,12,1.6405335942452604,True
0.57462677231515358,10,1.41783033280496,False
0.57281165092374753,9,1.5020126379981957,True
0.62708641390979247,10,1.5333973637178262,True
0.60656387162663117,10,1.5360553098956233,True
0.53490333380988764,10,1.4033317653790278,False
0.63636950031416495,11,1.6896971647129759,True
0.5493807296794766,10,1.3896458651826902,True
0.61504899248898304,11,1.6496961518855933,True
0.55425760848787764,10,1.6367426224182819,True
0.50070762247793754,9,1.4640515690814646,True
0.59349574487429602,10,1.5330971288707216,True
0.56146379231043475,9,1.4562862537941439,False
0.58272293745481929,9,1.2894385441766765,False
0.62757123614754196,11,1.5011227263224447,True
0.49896136410293918,9,1.4091200684210117,False
0.58310526798986906,10,1.6335752251813691,True
0.56209711648996952,10,1.4574827021349985,True
0.6083032293297812,11,1.6206691710005339,True
0.64071375070691006,11,1.6797721850527314,True
0.5723774606834533,10,1.4710752287126683,True
0.61475625257405353,10,1.548847919571791,True
0.60930790034958826,10,1.5886866872711092,True
0.60116896419255894,10,1.519636789722552,True
0.54011863344800948,10,1.5145061561166335,True
0.66908692069097697,11,1.5371058649340288,True
0.66899679371827747,11,1.6552058624591299,True
0.54484141981710454,9,1.0017473289105643,False
0.6552513690740549,11,1.5043728734643445,True
0.50684808292609029,9,1.4514311032686829,False
0.62797205497563979,10,1.6055477522476032,True
0.62954049169155091,10,1.4883026649476587,True
0.5261688824991384,10,1.4587101953352783,True
0.58865330022526596,9,1.3600727350394051,True
0.54255005399853007,9,1.5253936878552452,True
0.52026715137107149,10,1.2036201780614073,False
0.65037581242699061,11,1.6344871889046109,True
0.50915018599086159,10,1.5096737628116808,True
0.61945389875383394,10,1.6667496954418151,True
0.59937876561525782,10,1.6350950863943825,True
0.59345692608519385,10,1.4506817108333177,True
0.62409668438656241,10,1.6617269595256283,True
0.56538841573654863,10,1.6147671178718439,True
0.63541382696088233,11,1.671942805067745,True
0.561105081500752,9,1.5879975495174579,True
0.59060297932350503,10,1.582016474766089,True
0.60880303592202911,10,1.6505733473899562,True
0.59967783359149318,10,1.3637398239075227,False
0.63743864922840487,11,1.613920826555745,True
0.48379350955706923,9,1.1639324883351401,False
0.49774620729579599,9,1.4063111451890498,False
0.59566442235333938,10,1.5255074819213996,True
0.66226027779101804,11,1.6607975286659271,True
0.52845426264766204,10,1.4616662267367793,False
0.60754966456206394,10,1.6224804057087925,True
0.58546547779214819,10,1.4709042814111086,True
0.64271454928146854,11,1.6352315734583907,True
0.56921635579805885,9,1.5985939072555504,True
0.50287297593919689,9,1.4264448810757022,False
0.65778008941229882,11,1.6004437321144116,True
0.64739649831510837,11,1.5533883407217308,True
0.56044871020944687,10,1.5503060947408118,True
0.56046627860937426,10,1.5870586873363821,True
0.67060733465389089,11,1.6487778875122581,True
0.57791659534899475,9,1.6557227572252877,True
0.64857312062630035,11,1.583041215383344,True
0.58255619217328769,10,1.5746293546313215,True
0.58429193544677183,10,1.5419493292602287,True
0.62367510358884548,11,1.4543148946572182,True
0.61664836861999794,10,1.6315044750555678,True
0.52316819311437546,10,1.4051914187059136,True
0.65831996497944001,11,1.5809840753809545,True
0.66112813219791955,11,1.5011544299331907,True
0.54193140699191955,9,1.5075561445578056,True
0.55489113524329281,9,1.4939719378881935,False
0.59380213847007968,10,1.3987035917784183,False
0.65177854784587141,11,1.6483682859800031,True
0.57424976505759018,10,1.5668671443798288,True
0.57589718292690639,10,1.6073439978433128,True
0.54411434605498887,10,1.6376410356123818,True
0.58129105432006389,10,1.649411229998577,True
0.63071447656214163,10,1.6833475391191102,True
0.62054366074224565,11,1.567617488970112,True
0.57801161160181369,10,1.516248273263441,False
0.61768673067344759,10,1.5822632889018544,True
0.49507067315051384,9,1.3955262266047528,True
0.56867839175903401,10,1.5253894194905162,True
0.62117517112111098,10,1.5229391041870706,True
0.50260539991571906,10,1.2142095357387459,False
0.62960950541549388,11,1.5168922069982589,True
0.59808577410998232,10,1.676816296075291,True
0.56167044188519699,10,1.500502363116653,True
0.576673428695891,10,1.4307295117478678,True
0.59119719293427564,10,1.6941255899121355,True
0.57063439176637087,10,1.5527995680118738,True
0.46796006107834087,10,1.4691674790041185,False
0.63038325979620313,11,1.4755507649936412,True
0.59657033672555138,10,1.4722767937730288,True
0.59148915183589701,10,1.6940053699047235,True
0.53673270102391191,10,1.4220442411412528,True
0.60634473946495637,10,1.5710354648378055,True
0.65013478440125405,11,1.5931037535252348,True
0.51953101853847616,10,1.4606189017288747,True
0.58205399286406645,9,1.574938995619106,True
0.5260057200114544,10,1.4213255541087157,False
0.58932156018090909,10,1.5275310375759366,True
0.60139495349143357,11,1.6205613165974415,True
0.58257304665360465,10,1.4062695310321109,False
0.53679235291281557,9,1.4860700395740234,True
0.62590203050905535,10,1.6240803694193962,True
0.57660686894243252,10,1.5523414914799556,True
0.61393741270456148,11,1.6387597776245468,True
0.60504452395628583,10,1.6314961817907361,True
0.56302155248283825,10,1.5698204861026712,True
0.51175814507664685,10,1.5256783978926798,True
0.66083496511027595,11,1.6219079019085016,True
0.58828858007858942,10,1.500830396910845,True
0.58200590913180839,9,1.6412074324421622,True
0.59070326193395084,10,1.4930025948494972,True
0.62391595726030336,10,1.6965485937238214,True
0.65980085143116862,11,1.5467706990469048,True
0.60593342708761988,10,1.5596572801346409,True
0.57681771093015066,10,1.5853766619107796,True
0.60312018535303802,10,1.6391406532637176,True
0.6617144640968432,11,1.6617386584218861,True
0.52431056972627588,9,1.2241250540746502,False
0.50563976040346281,9,1.4256653125327396,True
0.57902094421458106,10,1.6197434092023031,True
0.63909828318342377,11,1.661459995205689,True
0.6069236108364624,10,1.5344600612520367,True
0.58096509620765635,9,1.5841877206033717,True
0.58186920790693597,10,1.5884906298043726,True
0.57164669222506148,10,1.3305726456598714,False
0.55451220546311386,10,1.5259301800224767,True
0.66164728528475458,11,1.7038035016734641,True
0.60362635389027497,10,1.6330734365131043,True
0.54831231784373891,9,1.3678914098944679,False
0.58210095980341281,10,1.5773832971071289,True
0.49516445042278723,9,1.415070896098235,True
0.67205893977191145,11,1.6512434864801326,True
0.58265277510050262,9,1.1841395385800815,False
0.59924937385777988,10,1.5652115230280688,True
0.57580109393151413,10,1.3504119093524669,False
0.59114635751448563,10,1.2793702686283486,False
0.5959005434896435,10,1.5941735109549127,True
0.50423677700704661,10,1.3343920937561147,False
0.55704629411164286,9,1.4462348427254752,False
0.62759580602872556,10,1.6803736954601221,True
0.53748446120336735,10,1.3543524174463974,True
0.56912859174638164,10,1.5190610253054584,True
0.64554348328661482,11,1.6706602484568962,True
0.58103393191680985,10,1.3075652030117502,True
0.57466893279767739,9,1.2635512305595076,False
0.57695221534197927,9,1.4594826717823979,False
0.67514694147817955,11,1.5910201622888727,True
0.59679206167891319,10,1.6656594673202774,True
0.56841057091321023,10,1.5469807445969133,True
0.60311754004609064,10,1.3705250259253936,True
0.62441503338717363,11,1.4473926689333609,True
0.59936724801918539,10,1.4291805140362994,True
0.5879639669600718,10,1.5471344366462365,True
0.59390573098516275,10,1.4495422575240164,True
0.51505995720397901,9,1.5299895162465103,True
0.60055189890762872,10,1.6335836377512833,True
0.59773255717640161,10,1.4421160306844432,False
0.56774266016913133,10,1.5939987281518253,True
0.606039895070135,11,1.580915096485169,True
0.54355483300695018,10,1.555344957540433,False
0.65249476136600948,11,1.6275933526936182,True
0.62004321511048754,11,1.6741294552673986,True
0.68360373880942049,11,1.660748135788451,True
0.64774792818162397,11,1.6436489750693104,True
0.53026724976343287,9,1.4305935481413365,False
0.62803673442440777,10,1.6524021424428059,True
0.61268641225238574,11,1.5625781495221083,True
0.49814192434088117,9,1.4045912836933498,False
0.59582077107690234,10,1.6061953618325535,True
0.5917913570060902,10,1.559354389390222,True
0.66233841427799423,11,1.6838622609980129,True
0.58279455277220671,10,1.5363097751867627,True
0.52956425778959837,10,1.2733792787942142,False
0.5625182768136715,10,1.4308008018622325,False
0.56139972102139735,10,1.3760556055610724,False
0.51759557398376244,9,1.3583351589239097,False
0.61129676983906422,11,1.538749356926854,True
0.56592550126651753,10,1.6027641643821047,True
0.60435605483508881,10,1.6785133256792431,True
0.50215220680398098,9,1.5072940387943883,True
0.59297740885012096,10,1.6036635641349843,False
0.6442837790625322,11,1.3137568380302584,False
0.59927846496100667,10,1.4733618617362085,True
0.6420536592249122,11,1.6188079080399869,True
0.54690367292632025,10,1.4875973477226838,True
0.56013198460955649,10,1.3771842698612988,False
0.55185126007914009,10,1.6701994460624321,True
0.59299344939524934,10,1.4420955100105375,False
0.49887307873619335,9,1.5076716772674188,True
0.59884506445947339,10,1.6064677943237546,True
0.60671054468169849,10,1.6003446897756886,True
0.59669772967340962,10,1.3772932201807329,True
0.53737316398483082,9,1.6080006620375353,True
0.57764167965913105,10,1.5046473351904555,True
0.58810651192873331,11,1.577370623882431,True
0.58745595831366193,10,1.5462112458405572,True
0.62909030201993166,11,1.5449432956843234,True
0.58744689410841255,10,1.6002961976892101,True
