0.51874887085866395,20,1.5039853631498994,True
0.50297901730934502,16,1.4148414132425102,True
0.56167925620103887,21,1.4784818914751345,False
0.49737606826545394,17,1.425430134269533,False
0.57781288259520158,23,1.4052119949278361,False
0.53902195431235322,14,1.6681245437314702,True
0.54515965645091224,20,1.6158906642180098,True
0.57198004205375153,24,1.1944304647061417,True
0.49670537450735275,19,1.5031777244794167,False
0.53023879084355807,16,1.545756050121432,True
0.48621050608463634,16,1.5159139117810612,False
0.52503657159344796,16,1.6679616675154869,True
0.57401454186506973,17,1.6235801787681681,True
0.61667237309963829,19,1.6676649271501547,True
0.55590418452176493,21,1.4330992597358625,True
0.58190954102523629,19,1.6512424712564155,True
0.60818492984967765,20,1.6705987313870714,True
0.64348747318914468,28,1.6291056163939219,True
0.59566935832885137,20,1.6901758234273774,True
0.56849788212027619,18,1.6358063870798796,True
0.58219436610625264,23,1.6368814958147841,True
0.56468307563769626,17,1.5433981889902055,True
0.66199754454604143,22,1.4391388248800647,True
0.6387100908493144,28,1.5632299138682197,True
0.57401947537628151,16,1.6423757682086679,True
0.9502349653423684,39,1.6800007375665884,True
0.53664162163846796,19,1.5943298888910757,True
0.52733736063183367,22,1.5113320658915579,True
0.55678834419583523,17,1.5731539094054638,True
0.60004873173902862,19,1.645482153012602,True
0.61823775706023787,24,1.6527942253578967,True
0.57842867998628356,20,1.6565938351685092,True
0.55285914252687895,16,1.5317031753668986,True
0.59270564857113917,25,1.1699735435629444,False
0.9560653473192513,45,1.6997935903149015,True
0.56650344584238743,19,1.6489620908482556,True
0.49554983332126207,16,1.4222891602499039,True
0.56389036064983877,17,1.6531780594754644,True
0.54138093619837147,15,1.5782442337926494,True
0.58612975038138948,17,1.4728326477250806,True
0.64937784742489824,20,1.634910824338017,True
0.51135803264196267,16,1.4385518232802526,True
0.56207283919274698,18,1.5296159372658644,True
0.64712516857977942,31,1.5784276685348686,True
0.54927232772232981,20,1.5110127186705307,True
0.63683819297665023,28,1.5595502530486711,True
0.75291658638539138,29,1.4463097248290897,True
0.55481633645630235,18,1.5396306505491399,True
0.6760659549374366,26,1.6190340406872132,True
0.49514359270771974,16,1.5501610451733345,False
0.65760833153989429,26,1.5631616790607408,True
0.62480146605415043,27,1.4152513319519722,False
0.64777198410677372,24,1.6213314196043733,True
0.52503959911343012,16,1.5566923599644704,True
0.56690720523612326,19,1.5193922063872276,True
0.56366418534612017,19,1.5810922141466168,True
0.55502716551422393,19,1.5799059034802689,True
0.52343575801447262,16,1.6271531396074461,True
0.56128586524894186,17,1.4575891781546817,True
0.77723118502569832,33,1.5617878984987972,True
0.6017549734840214,20,1.6153667010545403,True
0.56811290921156665,22,1.571058955390837,True
0.56652161565585391,20,1.6223555775004981,True
0.65268082549615491,21,1.6033923051955099,True
0.54804872792456261,17,1.4284980840885788,True
0.96236776414674019,44,1.643607800558428,True
0.50807904144975324,19,1.2203338923798819,False
0.57968902365926189,16,1.5537794539516545,True
0.49847508701632759,18,1.5395386991048707,False
0.62934721776992031,30,1.5686633496759426,True
0.59451878325443741,22,1.4086206156869481,False
0.55028470570781141,16,1.641891344608039,True
0.53640222399154924,16,1.54865922898841,True
0.59160418841292794,19,1.52424245022197,True
0.58892211929719329,21,1.4773414927719541,True
0.67616907166631612,27,1.5773289403106421,True
0.59108387685481267,22,1.5515442425681674,False
0.61752536921796863,25,1.5239581551764028,True
0.59050280184140691,21,1.2435465186291841,False
0.57764806406274516,20,1.6727445178080589,True
0.54881407661444115,17,1.508827892901446,True
0.60042208566274236,19,1.5395865064834946,True
0.57273938163201787,21,1.5356158108575979,True
0.58292088780369078,19,1.6468565053703621,True
0.57755548035683657,25,1.4653757522291551,True
0.56674225503279396,17,1.576613746605511,True
0.64533305576006139,25,1.4970357058689954,True
0.54020464878954066,20,1.3863597821825064,True
0.56074851272828019,21,1.6693254219579499,True
0.51425798117968025,20,1.4788862631538566,True
0.55625912644092101,23,1.3385009268422343,True
0.57074650469635213,27,1.5878234991925477,False
0.53508015352489668,20,1.5219011618610456,True
0.50051115541406554,17,1.3599621796840029,False
0.55432337485885597,19,1.4920056822612149,True
0.65233706784770551,22,1.5168746518218952,True
0.96398940029705882,42,1.636141907728432,True
0.48504150729019985,20,1.2810377616724857,False
0.60881610092072236,24,1.5456826161876531,True
0.4968056906441734,20,1.1814596212342359,False
0.64447203053390312,27,1.6145213314241489,True
0.57090443290995296,23,1.3582802437037056,False
0.58053099443633349,26,1.6508690800733348,True
0.62469319150380742,26,1.5874523890965195,True
0.63256990809235958,29,1.5070887777549327,True
0.52994161001640294,15,1.4279756405379977,True
0.93900769277746099,48,1.663940347704141,True
0.51593401413076212,17,1.495200379193899,True
0.57800514880841669,19,1.5058300784368892,True
0.63230043202358555,31,1.6530097278129687,True
0.5420020819977619,17,1.657883863489179,True
0.46968403941293885,19,1.34976269264184,False
0.73060417267485589,33,1.5039375095171901,True
0.6556410741432761,27,1.0909489498686076,False
0.54807802238559367,17,1.4413494612996465,True
0.60582678596569017,25,1.5917824002138989,True
0.53616916446444651,15,1.5127998101328577,True
0.49689943227969624,19,1.4549215745126793,True
0.57831807541702918,21,1.5602026895588235,True
0.61353260938736009,20,1.6819944535281559,True
0.53854737771487649,17,1.6246438915714871,True
0.54874420505443422,16,1.6631282848154003,True
0.5437034836831518,19,1.4677091739013242,True
0.51741254795472025,19,1.3945879230851574,True
0.59353587701352728,22,1.5772299950695163,True
0.52977361767754116,18,1.4289918246526332,True
0.49941816476998158,17,1.4074212344827541,True
0.4347668748047277,15,1.1684761154839718,False
0.48299875540485943,18,1.392944107704394,False
0.52709203279667871,21,1.5041585094809458,True
0.53399985331763911,18,1.53608685801164,True
0.58734420691674616,24,1.5841602243971038,True
0.63915698592591352,23,1.5461353012529695,True
0.54337293912540019,24,1.3830533727764849,False
0.47285846889533678,15,1.2989695913045816,False
0.57694751144568857,18,1.6559385284156523,True
0.71297691260098828,34,1.6831071481569615,True
0.56109378851287173,21,1.5849083976443081,True
0.51419704877803185,17,1.5724481635007432,True
0.95084012997953327,29,1.6883718079388046,True
0.56836156881941924,21,1.5635039108392834,True
0.54860525653230496,18,1.5256792004126267,False
0.60507985214317472,25,1.6000500973508069,True
0.56522026431440819,25,1.6267031306716127,True
0.53096434551301863,24,1.3579775366547029,False
0.59533981688135407,21,1.4612748668873647,True
0.56382266831306349,18,1.633209166241264,True
0.56576175287699615,19,1.6678291877108762,True
0.56755537614592477,19,1.5687508646775139,True
0.56543401384819414,18,1.2544895980428803,False
0.55676387383994719,18,1.6121070274637037,True
0.58271733094615918,21,1.5640762366871392,False
0.85048742689251366,34,1.576285889529988,True
0.49751165623235999,20,1.4054602836967529,False
0.53465974715353304,17,1.5501021334908072,True
0.5316022151110158,16,1.5953803534084152,True
0.6729437637927651,39,1.7050786037037389,True
0.57724506587061808,16,1.6183369508645808,True
0.57839482047865953,24,1.5985642593308369,True
0.51197146981157693,16,1.3927359098972836,True
0.50707826527916289,17,1.400698552632021,False
0.44138230907146586,18,1.2590592988149516,False
0.54913240099977778,15,1.5888297868547148,True
0.55766713969290371,19,1.4158104568855534,True
0.56597448436003517,21,1.5553204312648474,False
0.59573313251580062,28,1.5305612813992939,True
0.56115894531631927,18,1.6150179669475244,True
0.54360117690385146,18,1.5802454646379525,True
0.50722359644046755,18,1.3716880870713204,True
0.558539039183786,19,1.5236596315492466,True
0.47146767396608796,16,1.3235085590725435,False
0.5240582113345531,19,1.5122933635119653,True
0.51300117735715556,17,1.5631424950167141,False
0.55988560441742585,22,1.433195081277002,False
0.63046525113685126,23,1.5394595516948413,True
0.65063346352647589,33,1.6564878703230312,True
0.56086689755120356,18,1.4108853111096116,True
0.60441537385609545,22,1.5671195268947584,True
0.61585706510193217,25,1.6105448915329315,True
0.57966351601633914,29,1.2721800501172802,True
0.5446848395423588,20,1.6522462390929449,True
0.59707509575791817,25,1.5628183212732418,True
0.54681611418416054,20,1.5331466938121932,True
0.562773480308281,18,1.6568398812791492,True
0.58005850617078736,22,1.5542802604095902,True
0.5521080290901561,19,1.5614145062769174,True
0.58923509364199278,22,1.6846384709750137,True
0.53588282438606494,18,1.544875084578033,True
0.56858201125385921,15,1.509433624255945,True
0.62171214522165918,22,1.6391922219026052,True
0.55944353869926011,21,1.6453495768292539,True
0.60052536201305173,19,1.6608256778011847,True
0.54905156179258974,16,1.6464342822326279,True
0.65477135358146998,29,1.575208862229722,True
0.52553781225222929,19,1.4471351784037074,True
0.53416770401105385,16,1.6429104820516163,True
0.57241412048904905,19,1.6415564959253484,True
0.55293420798959003,21,1.3580176870963538,False
0.53667876598129005,19,1.429442706055478,True
0.55894266054336816,22,1.2587454074048778,False
