0.43056083418992419,14,1.3765070907243731,False
0.49219578282916054,13,1.6077862295677283,True
0.51646922824740327,17,1.5742134524432714,True
0.55977361370193235,17,1.3006764008541529,False
0.5272677599530855,15,1.5303615002588549,True
0.47078334915704712,14,1.4808535161008647,False
0.45692999852419125,12,1.6159504903986046,True
0.54540927085429414,18,1.6509427916067001,True
0.50628182611285355,14,1.6786092969891917,True
0.43512406512634783,10,1.5380716243947004,True
0.48360220497062911,10,1.5609464254987817,True
0.54582160075607944,16,1.5880156285575993,True
0.45123577846540053,13,1.4048451834810531,False
0.4396739263355573,14,1.4738544141121583,True
0.47055094963215172,15,1.553085430893701,True
0.48411570153031847,10,1.633565811046648,True
0.45898889006760224,13,1.4399394797114611,True
0.52106367341573689,21,1.4040018238516572,True
0.48897690447491055,18,1.5283501813993154,True
0.48341848403414517,14,1.5067397659713118,True
0.52521710031764546,16,1.6359076705581306,True
0.46592486409152839,14,1.4825984943030379,True
0.45631966083895908,12,1.6357035918921099,True
0.47191135059103279,10,1.6835199262173013,True
0.54356854085563577,21,1.1996110061321865,False
0.46855299962659391,10,1.6436531368488505,True
0.52089005484294781,14,1.5649169115612875,True
0.48732868683740027,18,1.433255793204818,False
0.46091398542408407,14,1.6215810500947363,True
0.40685548791370296,14,1.2876154409041862,False
0.54044204920823258,16,1.3847218295398014,False
0.44936272505808661,14,1.4025070944293627,False
0.40352460388078065,13,1.2559859910478177,False
0.44903989929304067,7,1.653503575606442,True
0.43779431363134952,17,1.2508169144219943,False
0.49113725538556402,14,1.4901248516837551,True
0.44909974395035523,13,1.496651652121924,False
0.48794531072772218,11,1.6497142801014302,True
0.47902223285969647,10,1.6559363077616089,True
0.48449333880924211,13,1.6591204101934547,True
0.52630416038900896,14,1.5107832283765961,True
0.47115337967754928,14,1.5366934443397287,True
0.49858113459175857,12,1.7010760883756568,True
0.4249076300458281,10,1.4170754184868597,True
0.48616992697804129,21,1.2840161619952486,False
0.49034404684543309,15,1.5794065285743542,True
0.52111330048630677,17,1.4403450909976236,True
0.46050463771403632,15,1.2644871076190609,False
0.50954323925678335,14,1.4681351994124472,True
0.49325114152503252,18,1.4637760109545834,True
0.47030701446204437,12,1.3993537925950001,False
0.45892083869812322,11,1.6211053407072742,True
0.49357673402613239,11,1.5003107143336909,True
0.41173068780375432,13,1.3347910220067392,True
0.46076147068436074,8,1.6565226655267293,True
0.44186879174486449,12,1.5405223411923268,True
0.45511337268126556,13,1.542207751219355,True
0.42287083105484613,12,1.3814622308955464,True
0.49012611697537889,15,1.5393091038981079,True
0.47829074188864124,12,1.6435825843970491,True
0.49653192163942617,14,1.5946106471011148,True
0.48263290540698706,18,1.5291437996293702,True
0.50732053353878104,16,1.4420326702986823,False
0.46798918222507613,11,1.5491452181412064,True
0.45968570276420123,10,1.591660130867375,True
0.50628487917676046,16,1.5881170481144977,True
0.49781575486402807,20,1.4656510432280878,True
0.48531806090407481,18,1.2756056075675191,True
0.48970515952072113,14,1.6290412150885869,True
0.46989354586668552,14,1.4922106433539366,True
0.49291718578421001,13,1.628231866698411,True
0.52609774749818539,15,1.6874786057802964,True
0.51989160364089071,15,1.5886363610244796,True
0.44777770227678815,12,1.5533312033495623,True
0.48093028209049815,7,1.7116485448563699,True
0.46384078899906633,20,1.2053147712870167,False
0.5225398052403859,15,1.6433723898766823,True
0.45735150734425667,13,1.3983957796175102,False
0.47116437996455707,18,1.4653738599688488,False
0.53473351038482464,10,1.5693887225349104,True
0.51189011077856028,18,1.4504866443309938,True
0.46815777547565435,11,1.5598731231505953,True
0.45028981178903793,15,1.4943192701681804,True
0.48519287290469149,10,1.6757752720331838,True
0.44638935087954235,11,1.5531115375529958,True
0.51086329010470999,14,1.5051102608126579,True
0.49966108699303785,14,1.625481566553252,True
0.53752059858012458,17,1.4367938491919445,True
0.5277506408651278,19,1.5558589000385066,True
0.50293536653137472,15,1.6557741206646821,True
0.50282925308222393,15,1.7020798207533552,True
0.51027821362886172,17,1.5323583206686424,True
0.43999713732115298,13,1.5662170188393225,True
0.44335410530689384,14,1.4578547059917282,True
0.45157713260971499,13,1.5222175839430903,True
0.51357181058091905,14,1.6408569984808388,True
0.51909014163065714,11,1.3984874537858103,True
0.41537442451484891,13,1.369872288228841,False
0.4700820942294589,11,1.6117432012183353,True
0.48090073818855383,11,1.6542870796889708,True
0.46394089008263628,13,1.5082119995361056,True
0.50387264856671754,18,1.4356668253044396,True
0.41539664211178751,7,1.500370239414031,True
0.50075930887262377,17,1.6521236260628256,True
0.50161619011883651,13,1.6263711254650173,True
0.46189801863047214,13,1.6280990779349824,True
0.53064626011861094,16,1.5241048894299309,True
0.45578700898607133,13,1.5967545137821013,True
0.48368196835555755,14,1.6243707221182357,True
0.55214399385814872,17,1.6685584725500036,True
0.43193110504965648,16,1.3664559228642021,False
0.46103765796198426,15,1.5994259727138143,True
0.5043878292576921,15,1.5650064492309428,True
0.50653899323691454,18,1.5479747001744664,True
0.51051439755446426,17,1.6802089779225557,True
0.47522038905939556,15,1.5509727182827442,True
0.53572717321304431,21,1.4051460571643462,False
0.48720024124989336,13,1.5029901433845791,True
0.41759850760899808,9,1.4622691273510482,True
0.48481869366721786,16,1.55092339942919,True
0.50541198600125359,12,1.6439620439643907,True
0.48215289659501298,15,1.6639561831922249,True
0.42953839201101518,12,1.400976316934881,False
0.48417498142607246,18,1.4844661298253665,False
0.49099252169258073,13,1.5440790460238043,True
0.49488426717976919,11,1.6864467424924556,True
0.48364763192637533,15,1.5754249892792302,True
0.52470995895260553,21,1.4495305473513895,False
0.51351634642830823,19,1.1202594254411979,False
0.47050880774178067,11,1.6138904249868811,True
0.47718459266833158,12,1.6601362427687372,True
0.46530301370937155,16,1.260453535596973,False
0.49282232739794896,9,1.5567018639832821,True
0.41596129610241395,13,1.4001795660616971,True
0.50349470472112012,15,1.649642627681311,True
0.49584644864480332,14,1.6206963433683452,True
0.50910164627842835,13,1.5774826287832044,True
0.48018440636861193,14,1.6642172852522243,True
0.43990637742453897,16,1.3406709305670987,True
0.46651257480360275,13,1.6262662725363741,True
0.46410898016828256,11,1.6011064704526685,True
0.44244711087178601,13,1.1726464415973696,False
0.47029611938506938,12,1.5756509609015679,True
0.47617265769680939,10,1.4838563393038482,True
0.4293140510796743,14,1.4098830239822997,True
0.53046791588063247,16,1.4941324043590625,True
0.44024371040050087,13,1.4938522392138651,True
0.47092634587386151,14,1.6014514665648003,True
0.49220659798409411,14,1.6488605070515356,True
0.44626546985833809,12,1.5322587890924271,False
0.4691689501240951,11,1.6540770398441935,True
0.48055804409235492,17,1.3213998012314818,False
0.49738187130062811,19,1.5873708348238758,True
0.48236913119135344,13,1.5008833014294465,True
0.51232059508195227,15,1.7038964442291222,True
0.4906494911692052,18,1.415290529577838,False
0.47002139919535763,14,1.3745122684832143,True
0.55655487476120025,18,1.4633170685283647,True
0.50687672577636989,18,1.6109796815157216,True
0.46637595266851362,19,1.5630875250332872,True
0.47097965343499754,11,1.6199925029371387,True
0.50745476086034857,18,1.5837972728766851,True
0.49682771720065078,15,1.1709109336512724,False
0.42968726443283561,11,1.430907275942632,True
0.47724287083745343,13,1.6284027188644135,True
0.47707960386467124,13,1.5485805968343249,True
0.51588632937342804,18,1.447522935716768,True
0.53949445907084848,13,1.6629283622510342,True
0.47002991971295255,12,1.5841790444213759,True
0.44766211253640653,13,1.2547206143226226,False
0.41222293673032073,15,1.4129216487744183,True
0.46554306146351238,12,1.5582184762315943,True
0.50034207325938274,16,1.5294026209854297,True
0.44800891202876619,13,1.5827709835494375,True
0.52787009273503183,18,1.457624615317711,True
0.50309941016828241,12,1.5645407927325565,True
0.46792668198858622,12,1.4322525733767113,True
0.49212528356983698,12,1.5756079847241697,True
0.4570293472317965,15,1.2783359525615412,False
0.52039313963427625,12,1.5841424976904985,True
0.43319201808670249,10,1.5323184928689237,True
0.46651637022088138,12,1.5124329693247667,True
0.47412779578506337,10,1.6850624992260783,True
0.46010475991953814,10,1.6155622761285262,True
0.44562424310950555,14,1.5415873713842103,True
0.50226929061018022,10,1.6845672126314302,True
0.49324345207893999,15,1.5873114884976636,True
0.50327888442841884,14,1.6860160547475678,True
0.49562429956580945,17,1.5854702726119692,True
0.46637249211400472,16,1.5718144628320945,False
0.51162591503994648,14,1.5313838410101965,True
0.47920537137474339,13,1.6073107275812355,True
0.47534500065101176,17,1.1084981917567527,False
0.47929911242638801,11,1.6349194725916774,True
0.5158805401720522,13,1.3752373569884382,False
0.5050178027871004,15,1.602175042759614,True
0.50311632667225803,16,1.5461960356472597,True
0.48360554523684768,12,1.5622818256878488,True
0.51281233311245611,10,1.6416430006138494,True
0.4812787706224268,15,1.4817983662698155,False
0.469277377432815,14,1.5709575538054266,True
0.47281095528404321,16,1.463041894693643,False
0.49297698998906225,13,1.6800914382001499,True
0.44326215865456153,14,1.3679918005887051,True
0.49066780895653794,14,1.4910742064942828,False
0.44347873068370419,12,1.3647523064625462,True
0.4933038217423571,12,1.6472542285373499,True
0.4839711201086187,13,1.6041912721872118,True
0.47157779506211039,11,1.6711940374340717,True
0.53384964386707012,20,1.3407244168374348,True
0.53731050338975705,17,1.6943295551331163,True
0.47459362739634264,15,1.4678098749947768,True
0.47908924515411483,13,1.6540197826518888,True
0.48929519551833239,12,1.5475629992739945,True
0.52509078557439248,13,1.5826387058269489,True
0.43814097866688229,7,1.6276965942596808,True
0.4977109705366497,17,1.424044299720475,False
0.51041427854854393,17,1.4930218723340618,False
0.4490367593679841,14,1.3114435321244085,False
0.46763013709376078,13,1.5592274780169018,True
0.42161656645067619,13,1.1443220934406526,False
0.50696826055814903,14,1.6746503451064081,True
0.49341271220430649,15,1.4405299786684069,False
0.54200169352014793,21,1.3266843544601032,True
0.50036332467393618,17,1.5353794788284005,True
0.5408330046117632,21,1.5785064369672146,True
0.46348030227305165,11,1.620856170051443,True
0.49702329499842024,13,1.628825897509486,True
0.47151261765328328,16,1.3987738877487468,True
0.5188971595945725,20,1.3202286300296751,True
0.49100657741336523,12,1.6132964188802608,True
0.46561194046311533,14,1.5490030693176764,True
0.48709861927550357,10,1.5503305783572185,True
0.49153927002693243,17,1.4776518341413483,True
0.46064795105125872,14,1.4996944513407919,True
0.51051966751107491,10,1.658733890446777,True
0.42408257645717107,15,1.3573839008642556,False
0.49737830972982555,13,1.5751094125122935,True
0.52081950244109421,12,1.5469070718389486,True
0.47188559541086789,16,1.4512902564670813,False
0.46083590394333207,15,1.4072530768691014,True
0.50802702329409855,18,1.5170493344704947,True
0.47485603222887712,14,1.611284040255625,True
0.51982985337321819,13,1.6426354588874994,True
0.52275262949382839,15,1.6811605540309564,True
0.48643587386250769,16,1.5468600152343177,True
0.50489194816808158,13,1.3518772975891904,True
0.5227505558806852,16,1.1713856196100343,False
0.48767148950270228,11,1.6032774429742573,True
0.48983132811712604,16,1.4457004787804089,False
0.46254010335555135,11,1.5969974911253726,True
0.47564642749168773,11,1.6011965033061308,True
0.50043081761057895,15,1.4422770403115261,True
0.4607256473223344,11,1.6071452667049546,True
0.48156029117783189,13,1.4058922684974158,True
0.42326347683421056,15,1.4352421545389382,False
0.5133025000071445,15,1.5979667267760551,True
0.51502359448632296,14,1.4380453475522832,False
0.49168985400962545,18,1.4803718492674098,True
0.50980531222331904,15,1.6545522492629645,True
0.44761006848249635,15,1.5113173318088617,True
0.52746513389834082,15,1.6990100961028758,True
0.53244110126932453,17,1.1161156967155426,False
0.41360528669339203,14,1.3750657466383227,True
0.52882112847177587,16,1.6810673286412812,True
0.49310098193982221,13,1.6135988397558227,True
0.51392001559885958,19,1.618972944856488,True
0.4440795175033429,13,1.4200307594726311,True
0.45569514216451595,19,1.1248927505801574,False
0.48321525449975744,13,1.5840450809555999,True
0.41800530056256996,10,1.4072652624111892,True
0.50702506910408285,20,1.3127333771961378,False
0.52150575430384716,10,1.4466533829691921,True
0.52835083895991308,15,1.5486187847173645,True
0.51663305602210885,16,1.6621168349043531,True
0.50290992863233608,14,1.6095109652660233,True
0.44085270157067874,9,1.6479849489562721,True
0.50840893488921668,20,1.2014861885266657,False
0.47346548680088774,13,1.5219074742930814,True
0.47575994488860918,10,1.6845683698946938,True
0.41978342032686305,9,1.5414531864555818,True
0.49098633220799115,15,1.5974006854203098,True
0.43871408552017299,11,1.5404830584632256,False
0.48034204407096615,12,1.6294673378881657,True
0.47667182112189499,14,1.5970733075658274,True
0.45278052383910616,14,1.5227740224386423,True
0.44689322515850521,11,1.5968985111685297,True
0.45647686889948741,11,1.5906293025723424,True
0.43711392859799836,13,1.4579230942773995,True
0.458626405522914,14,1.5143965240064881,True
0.46691796629917037,13,1.5150386437583503,True
0.49541001703811799,14,1.6584897868246322,True
0.4926996234971398,16,1.5992827429130241,True
0.49637571454502571,13,1.6298016502649837,True
0.52986204916631463,16,1.5536146187875852,True
0.48279327273057931,13,1.5269521545550904,True
0.48370644989721101,11,1.6519288510408838,True
0.53413759062613364,14,1.3380938242357199,True
0.45529689613990815,14,1.5648757304207257,True
0.50478556776209194,14,1.5195982522718212,True
0.46494422300819438,16,1.3796008687554062,False
0.47073999659929544,13,1.4852071574487546,True
0.5201339019157506,14,1.5477193478359736,True
0.45998752310163077,11,1.5360220829915956,True
0.51755380320164346,17,1.615780363639032,True
0.49382670690967473,16,1.3800362413048031,False
0.51158908872391351,16,1.65674000354268,True
0.4798601970046793,13,1.6086055948323263,True
0.51690978269381027,17,1.2986455001844113,False
0.5517562432324129,15,1.6840657568280173,True
0.45247836044937595,14,1.2974262385954913,False
0.50018738966316767,13,1.6635186439371121,True
0.45672826397898192,16,1.3953099592595593,True
0.52032107842221975,13,1.6890216455163511,True
0.5354370259675667,15,1.7081136441958515,True
0.47058785365894684,10,1.5390865164041381,False
0.53485188967149622,15,1.6838763987711369,True
0.4905696338356848,15,1.5449180899259909,True
0.44432903693160625,14,1.1995375538621595,False
0.43114285714013023,17,1.4717401049336563,True
0.44910123622280201,12,1.5075914148605429,True
0.50801867138943324,11,1.6015507696054072,True
0.47645495557111439,15,1.4425046568395681,True
0.48156974111285872,16,1.4883308192930746,True
0.46526250098801886,16,1.5286583491377841,True
0.5035070939120998,13,1.3843216800674587,True
0.46247411039326275,7,1.5212640193993008,True
0.44457117402096247,12,1.5387319487694804,True
0.50595383245698078,16,1.5445462092151732,True
0.48189171274947251,13,1.584608047899472,True
0.50004655241777363,14,1.6758917914473153,True
0.50167069950726861,14,1.6109923952066263,True
0.53146486224839384,18,1.4595364355669347,True
0.48007821674547235,13,1.6003349336993768,True
0.47267885377656443,11,1.6706622021291628,True
0.48938335851081227,15,1.3537804296733789,False
0.49915384700907739,18,1.4607454867194538,True
0.51825409781437315,13,1.3709426131258575,True
0.39997741020845218,13,1.46246741346669,True
0.4472915857394858,15,1.2792438252756984,False
0.4732778693530601,14,1.454664134005591,False
0.45331930947764332,12,1.5738615858676466,True
0.53294180437011918,21,1.4955366092563849,True
0.51909798901918691,17,1.5284162584711432,True
0.4532817158750565,12,1.5617391672266179,True
0.52468036053317446,17,1.566312934072581,True
0.50876458561238302,17,1.5688600363808058,True
0.51076552400444086,15,1.4719720603906883,True
0.52391118540140669,16,1.6079647955035328,True
0.5494410123843384,18,1.4032712259625346,True
0.4977286415185786,12,1.4484245557867743,True
0.50999048578422801,17,1.6055226346960156,True
0.48325854990744704,16,1.5107954127825221,False
0.46222777610752969,18,1.270355410024204,False
0.46888292499870071,14,1.5921023179304954,True
0.45427317997591621,16,1.1833223415839409,False
0.44802049561414109,12,1.5297379761977949,False
0.5416610062510302,17,1.4878032838174302,True
0.51801344762648183,17,1.468101143822186,True
0.48146643865976491,13,1.5933092301616609,True
0.46528751130670254,16,1.4564552355865397,True
0.46670110078926424,15,1.4242847689705029,False
0.47403472668668739,10,1.6718908214616859,True
0.46571240141380105,16,1.4700664380062645,False
0.49529583961594298,13,1.6933104070402316,True
0.48672371077469184,19,1.46115938953437,False
0.46261254259200674,12,1.5602654703917647,True
0.45743933165678941,12,1.6008637514790947,True
0.44721750962000739,11,1.6004147382305993,True
0.46513130514988604,14,1.5206407672054985,True
0.52504983799384397,15,1.3775774169446866,True
0.3914137407842071,9,1.280615530415933,False
0.50150878277070454,15,1.6847002967207825,True
0.51183410205144064,15,1.6360195680997454,True
0.46957366663524019,11,1.653135673603586,True
0.47281180387028898,9,1.6713966616537621,True
0.4558018520843235,14,1.4324030436503512,True
0.4815842594942556,14,1.6630067421311967,True
0.49380913657398917,7,1.6790809795413082,True
0.53532896568701138,16,1.6735009469818189,True
0.52440587189275856,19,1.3750053102438486,True
0.49045378660010908,13,1.4916241065571707,True
0.444066010093153,10,1.6256171607213439,True
0.54643123240331604,19,1.3648761001908529,False
0.50378292816735992,14,1.26948951597293,False
0.47910551908643689,15,1.4877057478742541,False
0.46742278974226714,16,1.5631698994967047,True
0.48338240565947116,9,1.659982615761233,True
0.48476795115665589,12,1.559140728613744,True
0.49889365784105844,13,1.5823177799434407,True
0.50777433106406444,18,1.5407497013556082,True
0.48693130267673096,15,1.2705278764632499,True
0.47077268851747828,12,1.5234849506456782,False
0.51839321611593625,13,1.5990646650918077,True
0.44498532932878637,13,1.6287587105090195,True
0.5122049574103954,12,1.4300649199460591,True
0.50501536793973223,13,1.6474712053175027,True
0.47856801551293893,14,1.6404926828019282,True
0.51045827375260344,15,1.5865718572769354,True
0.47044746527153453,15,1.2835214700615716,False
0.5357611818378466,15,1.4779080046480717,True
0.45271709089620499,16,1.5368519507128484,True
0.48985184268948873,11,1.6531756472861683,True
0.45079268262469152,7,1.6080170424686864,True
0.4847156010505615,15,1.6137793176464823,True
0.52084404571440446,19,1.5350160943167557,True
0.47939997248234179,14,1.5981326563127345,True
0.50072424225284518,17,1.6868484063437617,True
0.44770380407309945,11,1.3750751952816296,True
0.47600331073300173,12,1.6493724343475593,True
0.47424241935360101,11,1.6004131668215069,True
0.52222648886274547,12,1.6036313179745552,True
0.51220653049277232,18,1.5313404876349135,True
0.43241187361954231,13,1.5491546376865424,True
0.50778129302860731,18,1.5120908618403213,True
0.48050911591819084,17,1.4530240081619137,False
0.48577517538424236,13,1.5834345264377792,True
0.4519327636047572,16,1.3220374981942438,False
0.46047827872106828,13,1.5289316772500472,True
0.54077405045810456,13,1.4170672773595818,True
0.50093092302941356,16,1.2655140184603442,False
0.45461966946350774,11,1.5079065173417077,True
0.45908491646487226,15,1.4937067788604983,True
0.46136853414659518,10,1.6228957213749706,True
0.47328307171782596,16,1.5720945425339001,True
0.52727014794330629,15,1.6428815917665889,True
0.48600274036400093,15,1.5619026796568398,True
0.47947951217887463,17,1.4721048566930874,True
0.48590211864272015,16,1.5946319820108366,True
0.479699757041675,8,1.6249675221361906,True
0.4706382040470487,15,1.5271841184278743,True
0.43404964482525399,12,1.5580970758047603,True
0.41334553305748478,14,1.3872422374816249,True
0.52791286042474961,16,1.5605969536161648,True
0.47487535499209066,9,1.6416895674183665,True
0.52740322147559071,13,1.3225849990328278,False
0.47397559306483095,13,1.6159948816776857,True
0.48112392054126035,10,1.6626232360807651,True
0.49959852173476438,14,1.6832822175039228,True
0.47325959587342631,14,1.6320472805744244,True
0.51492655961390355,18,1.5185082281254614,True
0.4565039419761675,11,1.6154125124776328,True
0.50711090321533614,12,1.4245255349744721,True
0.49591595184975301,14,1.6079569500290707,True
0.47053037036260803,11,1.5580019478025504,True
0.42754596625586405,12,1.3913211090652997,True
0.47798805029762104,9,1.5799362959803993,True
0.4889535820802805,13,1.4660663910232361,True
0.50909824849336605,19,1.4558597950114467,True
0.46380323594410583,17,1.5302789262755827,False
0.4586428207834819,11,1.5566875845209469,True
0.50133770392259558,14,1.5974122022935957,True
0.48953576040268176,13,1.6031015667762865,True
0.48909296768689153,14,1.4951194903670748,True
0.46506419796594844,14,1.4493120536859068,True
0.51126034815558519,15,1.6594806461548703,True
0.46803582807818583,17,1.1993015009307877,False
0.4959395832235714,10,1.6653562082573357,True
0.50287259315716148,10,1.6902577275895503,True
0.49681209460701331,13,1.6798242900231757,True
0.4962421446844828,16,1.5930982462986387,True
0.48184058882778136,12,1.635060883920149,True
0.45549510859113224,12,1.5340977594779586,False
0.48045326448498593,10,1.4957552598898285,True
0.53361063187749247,13,1.647405608727798,True
0.50491080058221371,15,1.6208389387982576,True
0.50950294343574154,21,1.5573666400295874,True
0.44607668449068433,11,1.4634964901553951,True
0.52517434236505545,21,1.5737960560534907,True
0.51499405238806228,13,1.6190952081338366,True
0.46422840039514507,17,1.3238399139538621,False
0.46998452396673629,11,1.5307431230849549,True
0.48356585136996183,10,1.5657104340059849,True
0.47534035820652171,14,1.5905595699505337,True
0.48789000630978302,11,1.6478879468320164,True
0.44437575740571433,8,1.6322453578426566,True
0.45644895227448207,14,1.4367183531839911,False
0.49462117647886733,15,1.5876135048989366,True
0.47926370926927409,13,1.6345085767962837,True
0.50742009687598721,16,1.6228246923549894,True
0.56676796435769128,18,1.3879124546195327,False
0.48217455883043636,15,1.6351820956886274,True
0.50015940319762076,15,1.6008612036563761,True
0.50210451419099433,13,1.613772077189247,True
0.53462447024656945,15,1.4690168795089276,True
0.47516420773698786,17,1.4986189876612772,True
0.45447921909267852,9,1.5800873668831779,True
0.55686762561314473,19,1.5935973993459482,True
0.44271874762028385,7,1.5132608675640082,True
0.48261834023916611,17,1.5099315596141225,True
0.44248277632488614,10,1.5408777748552371,True
0.44661416350680316,13,1.5471838021152053,True
0.47226559050846517,13,1.5737631597611252,True
0.47615930254449601,14,1.5309633023157441,True
0.54079502004952829,11,1.4578850396426908,True
0.48915321672351786,12,1.6624883197791478,True
0.57086729860880847,21,1.5177111028090411,True
0.55737542738365087,19,1.1674500772288461,False
0.49921438768755011,10,1.6641272705551693,True
0.4873047730243561,18,1.2765029386291324,True
0.49130410937978164,13,1.6270926471374894,True
0.43896886982709477,13,1.4806343244847198,False
0.46905609254935215,15,1.1817285707165823,False
0.50475874300770585,19,1.5458461213913592,True
0.43084513512946027,7,1.5702084462422252,True
0.54350468458032286,17,1.4522095213345305,False
0.47287079573341417,13,1.6546918367461882,True
0.52017958839442002,14,1.5327612872470262,True
0.50143379632594609,16,1.4922603293518335,True
0.49097154987286573,17,1.3372842607500053,False
0.46853473058786888,12,1.4926732394951008,True
0.45814447176972606,14,1.395748384522205,True
0.51624356851284603,12,1.5815433530723331,True
0.48599557551878431,15,1.5586350568888097,True
0.43009407942049865,15,1.3691357684623475,False
0.50074818577638547,16,1.6052081648596659,True
0.52044192331111161,20,1.5045394019407003,True
0.47568854819244721,13,1.5520275565338826,False
0.53395790881608207,14,1.6013191734759959,True
0.46089005679347916,13,1.3380464827883742,False
0.50388820271492341,15,1.3935206348122311,False
0.45774634646336498,9,1.6821423326105998,True
0.5039502047172193,16,1.5076461320549652,True
0.50707996235522146,14,1.6767076072831242,True
0.46763625624589122,18,1.4812688835199983,True
0.50682548753135748,12,1.3215556442793617,True
0.46929939952558564,12,1.4252969247648088,False
0.53291767112473676,16,1.4997131457843762,True
0.50546154681527522,16,1.5979200956797572,True
0.48692588622260058,12,1.6875328116308774,True
0.54595033965466266,23,1.4203238158439271,True
0.43716579816040863,12,1.1897301714996178,False
0.45787413854216502,14,1.4591345057611176,False
0.46039106728162432,15,1.5192274901076013,True
0.45779838650123522,10,1.3504585127602124,True
0.45702399472609895,14,1.5664454980281388,True
0.44280401338809144,13,1.5229659488714917,True
0.50109631788815512,13,1.5087670392426831,True
0.45442740727462932,13,1.6128745052959419,True
0.50532758208697914,16,1.6599080322880015,True
0.49782595074037561,13,1.6763831261242204,True
0.45190432343156572,12,1.5765153537970968,True
0.48971529774549766,15,1.6013610302777457,True
0.51462465104348121,15,1.6028370812969785,True
0.49461481451731842,18,1.5912862134452723,True
0.42810762058519952,10,1.3746097214546211,True
0.5110471528284628,17,1.5730053009237071,True
0.45863529615020837,13,1.5966222225334983,True
0.48048546534616232,13,1.5679487941599564,True
0.53114003522712383,14,1.509340311804956,True
0.47143942935987232,15,1.6236365381854367,True
0.53482018031848444,17,1.4988086272260224,True
0.48744525152141721,13,1.5348570627910012,True
0.49763893090464789,18,1.4668090169658579,True
0.47251530394946073,13,1.5131323045532266,True
0.44433868818084826,14,1.4738558224646059,False
0.44413414897831599,17,1.2723562784383116,False
0.52435901039159172,22,1.3939849752450038,True
0.49658507884447861,15,1.4392497594029028,True
0.45010562910926494,14,1.5334519000200852,True
0.49344867301141099,16,1.4874521573451416,True
0.45060057231992329,14,1.4100304192908282,True
0.43492128914654121,13,1.4505139594016521,True
0.45919103600006239,13,1.5909310197017261,True
0.52364299119172053,17,1.5213979823111421,True
0.49513471827499317,14,1.4981192701850088,False
0.44947095482691246,9,1.5830642297700832,True
0.51506377639309853,13,1.69773239240262,True
0.47162352290389853,16,1.1150040997401245,False
0.49924003473060641,9,1.6174363428372358,True
0.46210355233698486,9,1.61596592612019,True
0.49678524504784471,16,1.590968738193425,True
0.4322520970559911,12,1.4736727563583321,True
0.44692595074254282,12,1.5616379725409861,True
0.50950887212169449,19,1.5230199926171792,False
0.5638007410223671,18,1.6422739766475967,True
0.47860260846235148,14,1.5206646962813652,True
0.50041258605400796,16,1.5221113379279696,True
0.47172414562374809,17,1.2851522149783707,False
0.47688161579400506,12,1.5206182309851575,True
0.52041796514844652,19,1.4585893221688293,True
0.44806856718760146,13,1.4978154706221671,True
0.47309088599971549,16,1.4912128111175096,True
0.44145670104488971,13,1.5592625846903034,True
0.46428403303617471,15,1.4545311180278804,True
0.52855515050535939,16,1.5643543874660761,True
0.51989762443117093,20,1.4864585436376074,True
0.46247307471466048,12,1.6141146341098083,True
0.42871435403675001,12,1.3973660848953406,True
0.48847748407380981,20,1.4280722475530168,True
0.47039473832539108,15,1.471427704263564,True
0.51957551838673866,16,1.6387179709239885,True
0.47041714358663089,15,1.594902843281528,True
0.47237767540337455,14,1.5132220206050202,True
0.46254292655846974,14,1.3596861774762288,False
0.51092498227930006,20,1.4765813725459784,True
0.46080345243113607,15,1.2325663696638527,False
0.46712880929426304,10,1.5187049564727828,True
0.52258529370060336,17,1.5629310503864853,True
0.47583260791016652,19,1.4904968134452548,False
0.52332526996100215,18,1.604995993351948,True
0.45692538756959328,14,1.4534589422585564,True
0.40949831174902712,11,1.4432069661308067,True
0.45911745427925343,14,1.5372632777820618,True
0.42848977118446557,12,1.4704741788286495,True
0.44860636062457299,10,1.6259204254858159,True
0.50634915513467693,13,1.5844180995777526,True
0.48676059132574767,16,1.5024876260322719,True
0.50918088001356099,16,1.4086280829379672,False
0.53204065911692955,15,1.5948878054657121,True
0.48337143597127974,16,1.4911825688988507,True
0.52233847372435527,14,1.5826767428347037,True
0.45651641529521814,14,1.347948566167418,False
0.4673164899432859,10,1.6196998702344425,True
0.44034090098861911,10,1.3969919791352845,True
0.49465627458111738,13,1.6409517649411192,True
0.47860023731067258,16,1.6040418607839715,True
0.48581970932046931,11,1.6354128620869208,True
0.47938161271992036,14,1.6331633753630144,True
0.48613177246067324,10,1.584116884883801,True
0.50515142494462029,14,1.5012554129081397,True
0.4779365142413784,13,1.6557409933480913,True
0.5321142428764648,14,1.1615726820379195,False
0.40357335549085321,18,1.258907597721197,False
0.44876561359685441,12,1.5880528253003701,True
0.46450258808875877,12,1.5931763317849865,True
0.49945498801240551,13,1.5174318186544544,True
0.43818536915548745,12,1.3591387540345261,True
0.50272713557697291,14,1.696654590231814,True
0.4636971877713954,14,1.5587045620284976,True
0.48860899374456174,12,1.6956107841082757,True
0.51290581372721633,14,1.6571249190944046,True
0.4678460304732861,14,1.5290179985123431,False
0.47248647215301176,12,1.6076985649957538,True
0.48423759622102353,18,1.4132866462829448,True
0.48982351596763324,17,1.5110115304381357,True
0.5250510923538696,18,1.4766008199255696,True
0.43836925642379332,13,1.4778339709298454,True
0.52592529542048994,13,1.6642035720614079,True
0.47319322451737772,15,1.4877198254729738,False
0.47575261716642431,14,1.6186028265233123,True
0.44433680767957345,10,1.4522283524934128,True
0.51506752914642273,13,1.4600009785148773,True
0.45406346031793227,12,1.5498499004571638,True
0.49090883116121314,15,1.6474607788374827,True
0.4681560631963681,13,1.6698915668606749,True
0.45831587048022154,11,1.5008912927468367,True
0.46225142700319216,11,1.4962471636869641,True
0.53737440954055904,20,1.3527264285809848,True
0.46539949527087332,12,1.6184067042416088,True
0.41085419476527252,15,1.0682402136015214,False
0.45580333752202457,18,1.4824170825133762,True
0.52602863890642204,16,1.593470512820147,True
0.45022130704164703,13,1.2669830650604723,False
0.43266113567503356,9,1.4526338790806796,False
0.41859026900780427,12,1.4761704159448004,True
0.46263055586457491,12,1.4352015842482653,True
0.47242168493057057,16,1.4257604926928817,True
0.48654666994264989,12,1.579177009908195,True
0.51712758640540335,10,1.6536496122659523,True
0.50613588270127285,15,1.6260473067503205,True
0.47981686721451,14,1.5884653279057497,True
0.53197463359732344,19,1.4018261837292909,True
0.52224061462610538,18,1.5826860223675907,True
0.41181750325414468,14,1.2655749188956233,False
0.44596148565259952,15,1.4405737963151175,True
0.44292959800266274,12,1.5116781623374966,True
0.45202309678881902,14,1.4597552204191684,True
0.48868658392155084,16,1.4020637491086458,True
0.49280374761228796,16,1.5947053647217087,True
0.50744104601926787,18,1.4596937184706178,False
0.45770584073939041,13,1.56896280381977,True
0.48350703763440661,16,1.4551790392196604,True
0.50824349177926142,14,1.583123134890698,True
0.50619156784306041,15,1.2952576479044795,True
0.54349343934051186,18,1.6933361547574801,True
0.4810538796401525,8,1.6000793236636421,True
0.49110410942555349,14,1.6870492561013966,True
0.47879419497248116,14,1.3619693211027899,False
0.45930890221918752,13,1.5124255416632419,True
0.48876894323892367,18,1.4530874488570207,True
0.47954976341753036,14,1.6086210257515978,True
0.43276213772363509,11,1.4756616104359381,True
0.47186882442954775,10,1.6051129115347025,True
0.49624449523721631,16,1.6129217622010357,True
0.44307548844222427,12,1.4395196012685305,True
0.51544232807079582,13,1.6235739541276466,True
0.4486701324231584,14,1.3800311602257838,False
0.51050344031398109,16,1.6145954122098907,True
0.44698170081231986,11,1.5440437257807491,True
0.51198321326608864,15,1.6678155302774542,True
0.51776551396652781,17,1.6037870965692729,True
0.43594632767939501,8,1.581669082205537,True
0.45632054529099697,10,1.635419262865387,True
0.50912049381032531,13,1.6482425531390508,True
0.50378522045621643,15,1.5363922086178614,True
0.55439471301693166,17,1.6796900338539744,True
0.50521903263209722,12,1.443208781875678,True
0.493878336798872,14,1.445598619510243,False
0.51189513119655072,14,1.4477184533063161,True
0.48248996282802975,11,1.6785672523722932,True
0.46974763823451043,15,1.4321435038742367,True
0.47800298654497569,13,1.6076098114510118,True
0.49346194072780142,13,1.6709514737192495,True
0.53778216979715399,18,1.4975873148576908,True
0.4307428126372006,15,1.4001710863686592,False
0.54062609704047859,19,1.3910527452123109,False
0.44716915601323065,13,1.477323488427682,True
0.4817006384802518,13,1.6154491712910621,True
0.50438640845166294,11,1.6819378489623895,True
0.45048476872847804,13,1.5484891182398886,True
0.47221941354683589,14,1.5139380517868593,False
0.49014457183588711,18,1.5476307979677826,True
0.51843434099731334,14,1.5647814739789403,True
0.43056580916568438,13,1.4386093350629703,True
0.49631321312038684,15,1.3454249359242236,True
0.42059398085951616,14,1.3373776466972265,False
0.48373034119257213,13,1.54312069678218,True
0.43653820080639266,8,1.5840674281108069,True
0.47857844894569546,13,1.6394734684129064,True
0.52814008077299524,17,1.268340208911201,True
0.45327035689205752,10,1.5755206788731837,True
0.45983215133079053,15,1.3528480160609313,False
0.52089919774072979,14,1.6205459099223365,True
0.4240203795002836,15,1.3252701140397831,False
0.50056635757914181,15,1.5410501533177925,True
0.42756793088404732,13,1.5231351080090758,False
0.46412467392466705,12,1.6087703342205311,True
0.53114159881124179,19,1.4252631801807309,True
0.4980336361874611,18,1.4596455768820988,False
0.44596144094749957,16,1.1848640074684673,False
0.47829824816166461,13,1.5310219810307635,True
0.50934203952807944,14,1.6887869300174982,True
0.42793071293627732,10,1.554930585271884,True
0.47051265688018684,11,1.2989273657512612,False
0.45432437466578568,15,1.5002872260851667,True
0.5138313607574434,13,1.643773255548248,True
0.49070645091914766,8,1.6285436269020308,True
0.4852033566144528,14,1.6468476918437318,True
0.51462966383314424,16,1.4011682197688953,False
0.49652419571921991,13,1.4764689661676644,True
0.47540417413588482,9,1.6522848604053773,True
0.47956198526587568,7,1.6120158690565491,True
0.4635177964434094,14,1.3514818667335204,False
0.45857006055541316,11,1.6522900224797454,True
0.43879696228148396,9,1.549374153092544,True
0.55837632921813507,15,1.4041759640425975,True
0.48238156401264826,11,1.654249793880658,True
0.5025543248995612,20,1.4598816974532121,True
0.44824466025569115,15,1.5719885379510901,True
0.47732042114541062,14,1.6488809439833081,True
0.49424749099196863,14,1.479764038332761,True
0.522537450630287,16,1.5921054181992786,True
0.47721148864263785,16,1.506532969503239,True
0.45685712874623635,13,1.5938524737978519,True
0.44477884125426698,15,1.3083572205144522,True
0.4567102410640535,16,1.4316301190347638,True
0.43878091608341391,13,1.4296017056676473,True
0.51663250106051917,13,1.6837442890430869,True
0.45484664469782354,11,1.5314915931555415,True
0.50765612471476795,20,1.5309599424417071,False
0.50166527591254728,18,1.3716282611277095,True
0.49259308563115628,14,1.6967214495243057,True
0.51596636794999551,16,1.6731418345120563,True
0.50836389562212791,12,1.6676406876166727,True
0.51031857616844933,17,1.36981067345164,False
0.46418797951770402,11,1.6382668929795683,True
0.52072791515350947,14,1.4410544799862335,True
0.45882465228146063,11,1.6254136450853465,True
0.51709403549230515,14,1.5715037792851212,True
0.47805374613033014,12,1.5919056426247611,True
0.51123872446632412,14,1.4110542673264634,True
0.50476233505246337,18,1.5243083518028726,False
0.50624440752474342,16,1.3979664524580748,False
0.48971531866826379,11,1.6750645285164745,True
0.48901984311938423,11,1.6407249273591535,True
0.45087397575858346,13,1.4806681703794859,False
0.46411807975896069,13,1.3979326331844464,True
0.45662984461838907,15,1.5256424843953698,True
0.42898605116506328,9,1.5017681280138662,True
0.50983977138484649,19,1.5302936758944634,True
0.479579083186563,11,1.6555323483477846,True
0.48922457484525628,13,1.4795779959898558,True
0.477192880546849,17,1.4214662185084399,False
0.48865337246012075,15,1.414962555557266,True
0.53591141583369217,16,1.5671097859059693,True
0.47176952969234598,18,1.4704916416841995,True
0.52353842434571241,14,1.2393844878027755,False
0.47808251141367764,18,1.408957839673022,True
0.45620009041488896,13,1.5362354649777477,False
0.46722442184894164,13,1.5952915893837851,True
0.48895075348267014,12,1.6268589855454392,True
0.48705056852640927,12,1.407317751937353,True
0.48342227936338661,16,1.5733814041936225,True
0.49596759742595192,14,1.3680684250209578,True
0.52047974204019298,13,1.3779651923833687,True
0.47457993465509229,14,1.4441150135966692,False
0.48823012008356309,14,1.661758687725009,True
0.48369579721145978,15,1.584468711207264,True
0.4710689213816861,15,1.4940228807921139,True
0.4532306447898426,12,1.5792495834289881,True
0.45428004724817433,16,1.4537545938348115,True
0.45417624214445906,15,1.1498472428372781,False
0.5050628886560431,12,1.497007667648611,True
0.49119542430242624,11,1.5643983295119395,True
0.50605518488134993,13,1.5701547308206973,True
0.4873127085323305,15,1.5800659617982178,True
0.46247927336262329,14,1.5787848462108522,True
0.47490605435525551,14,1.5568057511809597,True
0.51311669175121666,14,1.5714550923522828,True
0.47348918989857697,17,1.4544906035923535,True
0.48521154930741112,17,1.4973674989551193,True
0.44347993752512993,7,1.6634051062012645,True
0.44276140495520178,14,1.5607429857301058,True
0.41413069642161848,12,1.3009596930908138,False
0.49938110071765407,15,1.6416406722761701,True
0.49140701948563659,14,1.5813742023359314,True
0.50153249520504994,12,1.6413297333058485,True
0.50344899724457204,13,1.4131424623350433,False
0.55725941598376572,18,1.6004917860316907,True
0.49300294575377845,16,1.5119797608717338,False
0.5046859338662123,17,1.2984938071624421,False
0.50032227261772944,15,1.5920241695086008,True
0.5419144814082435,16,1.6026424028233015,True
0.48196143032535288,13,1.6126667966763317,True
0.45829828002720752,12,1.5293776987441958,True
0.51472767972824351,15,1.7039433649599891,True
0.47396315821526808,12,1.6611912911966089,True
0.46427398496829897,15,1.5654553632301023,False
0.4734003286567704,13,1.6131502014586983,True
0.4741544800024321,11,1.5290176747459852,True
0.49344049311425442,16,1.6403001116876397,True
0.4681127891662884,16,1.4794592703695504,False
0.44985998022427287,14,1.4223615416038715,True
0.51274123669332483,17,1.4638800206127307,False
0.48659907155815602,14,1.6545200753448506,True
0.48072996870327001,16,1.4280673726034432,False
0.48115818787327974,14,1.6148382546440483,True
0.44461044915566628,10,1.6390770150109821,True
0.52694534862803433,16,1.6534377967828242,True
0.48425292609827025,13,1.6260653825766285,True
0.528334884603889,19,1.6395220091101956,True
0.46604675194184259,11,1.6576558977229998,True
0.45898680391961749,11,1.5809417603921203,True
0.52030163015494446,14,1.6518145562641302,True
0.52672177981566037,12,1.4629436461082725,True
0.44934336978480882,17,1.416035372900639,True
0.49365491374810933,11,1.518065410302408,True
0.50179503249856294,15,1.4909786912445937,True
0.45639020059806795,13,1.5652795817478036,True
0.50668594686746227,15,1.2981784856338374,False
0.52145608033461899,18,1.3127493952647835,False
0.4834469987974308,14,1.5039908001935829,True
0.53506745374818643,15,1.5809265490128119,True
0.46278625270766427,14,1.3775928952809808,False
0.48506314557091762,13,1.4187716940156312,True
0.53476530378933529,17,1.6013084994009508,True
0.45409329698573569,12,1.5424414992107456,True
0.47970194380409403,13,1.5724367467830576,True
0.47523929126724279,14,1.65039272949316,True
0.43257759722469369,13,1.467483398110311,True
0.47173226230018683,13,1.6017065464172215,True
0.47322524399625465,16,1.4342759193939523,True
0.4849443228735692,14,1.6003825628361588,True
0.48187496858820211,11,1.7047218333309653,True
0.45033120383826258,16,1.3834826746886455,False
0.41100620520295705,7,1.4032225710782069,True
0.4420434836259865,15,1.3999353568714474,True
0.48810832792295639,12,1.6290163670100279,True
0.48786158930956686,14,1.640012477874826,True
0.54343219662136999,18,1.6618798548529781,True
0.42509774782077631,13,1.385270429777212,False
0.51279736836141376,15,1.6302279352842826,True
0.47856504835202618,11,1.6567429359614725,True
0.50447463328968112,18,1.4064158982069432,False
0.50366507124789406,10,1.4382950749240397,True
0.49317604938569221,13,1.451804119142144,False
0.48301639123815593,13,1.3984431793924721,True
0.49325392700573067,16,1.4739793016489837,True
0.51972499412225204,15,1.5322306430015169,True
0.44946339430165583,12,1.4800002759596973,True
0.48903897076204306,13,1.6494186680851326,True
0.46644054107255106,11,1.6188885163829614,True
0.44254440829140146,11,1.6158393223637009,True
0.53831974246153069,17,1.6488751725047339,True
0.47466386551688505,14,1.3941167037640103,False
0.49159514454750813,13,1.603164879456479,True
0.43954080838247189,10,1.5941886640907497,True
0.45739250374157486,10,1.6541478129860983,True
0.50624061064528469,15,1.6599231580923715,True
0.50061488737586035,14,1.6555998398220182,True
0.52783205994099858,19,1.2884370032998915,False
0.42587538845513556,16,1.262590087558314,False
0.47277591401760399,12,1.6299305893234033,True
0.4986271330950684,11,1.5426864915695278,True
0.42806674799806277,18,1.4227805310324433,True
0.51638784702860474,11,1.4699384515109739,True
0.45884441965776968,14,1.4198712347125975,True
0.42700008003259859,14,1.3622451135009581,True
0.47883476793341956,13,1.5926112192946817,True
0.50913460549424827,14,1.6053957254808038,True
0.51395863794488039,14,1.6330922310752767,True
0.50334010454052314,14,1.5511669735987037,True
0.48989063724837251,16,1.4583126525378349,False
0.44244999292934539,12,1.523545822499768,True
0.46093218402692521,11,1.6357544850820707,True
0.4343668045165921,12,1.5408398298087744,True
0.54371608064231125,16,1.5894490903404983,True
0.53319788953201708,15,1.339692683028846,False
0.48447295226885195,12,1.6591744318854555,True
0.48852388619999459,20,1.3046240349091254,False
0.43672938772290493,12,1.5072746441779676,True
0.3939391723700349,14,1.3417695993586551,True
0.53527690729187727,12,1.6227148128681608,True
0.49504331390961409,15,1.3778074893190095,False
0.51152606074182971,16,1.6282456957925211,True
0.49169720001639283,9,1.6376562182040597,True
0.49871627960191939,17,1.5460141801445693,True
0.49214115749321186,14,1.537645550556733,True
0.45957063883031918,12,1.5100853932651004,True
0.44849561272921884,18,1.3725119713199718,False
0.47668846896810124,10,1.668227626195584,True
0.4800545634777138,17,1.4640464626715441,True
0.55257247237495455,19,1.4628440971300367,True
0.49923592465430416,13,1.2479014890104918,False
0.47646285932141957,16,1.4605954076176244,False
0.4405633020867597,14,1.3654642227668599,False
0.49937995849312822,15,1.6505314894133167,True
0.52794520707235904,13,1.6597948976836798,True
0.46642873732942297,17,1.3697107272094859,True
0.46794695977885692,9,1.6449134815513864,True
0.47652060914125621,9,1.55248707462048,True
0.47450521004732638,14,1.4703509253713214,False
0.48262582605802057,13,1.6191764600667795,True
0.44764348253491548,15,1.4844799726091562,True
0.46002933107891392,7,1.6487426399908984,True
0.48857957461366175,16,1.5811661250185987,True
0.49336441386705016,17,1.4457752167412543,False
0.51480932494717568,22,1.3209620765812702,False
0.47673638727700246,15,1.3385256942167263,False
0.49350117334401339,16,1.6513341297670785,True
0.46193517210812957,12,1.6308556153148452,True
0.48318532381471663,11,1.5723621748914642,True
0.46734892517163817,13,1.5451812647230967,True
0.5047055202752162,17,1.4110181570784113,True
0.47905901363176562,13,1.6120943684899802,True
0.50461215728440589,14,1.6727816158939022,True
0.50316443444431902,17,1.425908997351274,True
0.50396184063356797,16,1.6357183964058966,True
0.48594149799682224,16,1.5330608148530438,True
0.46608177213944724,15,1.4980815681208322,True
0.51667968125675756,18,1.3380981577160207,True
0.46957536453733523,12,1.4245379489256504,True
0.4625269909440739,14,1.4842708478626121,True
0.47044791549066217,12,1.5617114445495612,False
0.46841721029898203,13,1.5589860924485461,True
0.49774355559614736,14,1.3237784349830091,True
0.4713616487807803,14,1.6246039788666526,True
0.50593007763667497,14,1.5976754942503071,True
0.55569363050830967,22,1.2685405871361155,True
0.42591083071374997,11,1.4466744826116895,True
0.48103981978285593,11,1.6506427368246814,True
0.52132290270545079,11,1.6770351099225063,True
0.44119540632154164,11,1.558097217701063,True
0.53556117501266165,21,1.402426268037126,True
0.48376593605104801,17,1.5846414815027272,True
0.47624856442382318,14,1.5081762655607536,True
0.48282400585429647,11,1.4625799796969996,True
0.52311052751957066,18,1.2432636430857495,False
0.53739275754080373,14,1.6712097983264631,True
0.46485013558064997,18,1.2222897318367147,False
0.4344725510138242,13,1.5259090573423884,True
0.50329680792403086,14,1.5719099333110607,True
0.41519047515956559,15,1.3133726110128912,False
0.46677594658415233,12,1.6480433463491446,True
0.54778938218232276,18,1.4384053991061712,True
0.44725837207051983,12,1.4197509832135002,False
0.51609815528359981,14,1.5967445298291525,True
0.51015769704176483,14,1.649344137704821,True
0.48053933499875001,12,1.5850595491789525,True
0.51047073970368328,12,1.6989295131304267,True
0.49105849792046502,14,1.5440354622171377,True
0.4838279057543039,11,1.6829513471022097,True
0.47949015017825047,13,1.6476316748202831,True
0.4510570897871729,13,1.503893689488955,True
0.43470151919141103,9,1.5382756127376691,True
0.51524591838719003,12,1.717298232706236,True
0.47026954813119276,13,1.5601143876774137,True
0.50503069593547478,18,1.5128133796865806,True
0.49174077463742277,13,1.59006935393323,True
0.42808239330150571,12,1.5168543582903842,True
0.4632012752573072,13,1.6125737964026032,True
0.5087178574322806,15,1.5808740208513756,False
0.50233567254763156,21,1.3620566594250816,True
0.46565157301554183,14,1.6145606763995406,True
0.4679879535896827,17,1.4980146019756679,True
0.44855548185653793,10,1.6077113015660536,True
0.39063067953400349,14,0.94182372204917963,False
0.52025180229566126,15,1.3382893453643425,True
0.44301427266249921,16,1.1782139901738067,False
0.53309116473018991,19,1.5843557004878857,True
0.52100196893811479,19,1.1498770482620861,False
0.4839267446471629,12,1.5581879649311279,True
0.45271765170413186,15,1.5220715907587823,True
0.52536251928289812,18,1.6122872368305865,True
0.46912234310468864,14,1.557791159174601,True
0.49079224417747602,11,1.6380468748052768,True
0.46992180027957059,7,1.6570486520160026,True
0.48059196130446546,15,1.4715751254846734,False
0.46254374654347552,7,1.6683461116949476,True
0.5118176851102707,14,1.687540356514255,True
0.48866423352691357,10,1.358302256311305,False
0.52785693701688952,14,1.6800199040615316,True
0.47646063517304088,14,1.5949159201879073,True
0.47120789504039218,12,1.599229051379081,True
0.48055689772027571,16,1.4969090877023257,True
0.4925682100380962,9,1.6540628086346465,True
0.47570372817301926,12,1.5942558140732157,True
0.50129176213570892,11,1.5984338154638689,True
0.50777810544329249,14,1.5322656513368063,True
0.50394004404533155,16,1.5741077694194119,True
0.4606721911642902,14,1.4871089190805116,True
0.53164625777518992,13,1.2773033892921195,True
0.45662698506968563,14,1.5041186524909032,True
0.43150353446496087,13,1.4646820739775757,True
0.50733455384573922,15,1.5501846340600256,True
0.5076097071089124,17,1.4037699265023811,False
0.50367732159168943,14,1.5979135691264121,True
0.49502537884374243,15,1.6491257574061573,True
0.48160815632612003,13,1.559166937530029,True
0.48904947688012662,13,1.5562671543566786,False
0.50249793055203051,13,1.513118594253168,True
0.44754789307485993,14,1.5102791376459082,True
0.5205251400915899,15,1.6071045755760263,True
0.5192326617219396,16,1.5379827051107238,True
0.46456424655388528,13,1.4789271319371602,True
0.46731739612973378,14,1.5172974074966623,False
0.46298817383117774,16,1.3849256708808182,False
0.46019661475402224,8,1.6445722388918307,True
0.49401381671526001,12,1.6581982512588838,True
0.45943902782282164,14,1.4680080982649135,False
0.49003845950158897,14,1.59350248710628,True
0.50821661950143149,17,1.3017548924978604,True
0.51450717265795143,16,1.5801053847251014,True
0.47087755618965887,13,1.5725774192399933,True
0.54867899049809765,17,1.5388414857959958,True
0.48798178564378336,12,1.5303422724871452,True
0.44325808490076807,9,1.5610134003140954,True
0.4932885514055354,14,1.6862064884645362,True
0.50405585030995592,20,1.4546081146751038,True
0.48273345724407113,18,1.4686876371960154,True
0.47794239908084796,15,1.5556676525056869,True
0.46218371904286287,13,1.5847823358541697,True
0.50319159129101987,18,1.4191059984070631,True
0.53285269924185008,13,1.6118745068248996,True
0.54594430888076095,15,1.5908128487292303,True
0.52784155209406147,15,1.5805919392713337,True
0.50999552289830785,13,1.6339285871450777,True
0.48432283977463425,17,1.365082928123067,True
0.51723192936722873,15,1.4441767849273408,False
0.46298023433957181,13,1.5795327741237843,True
0.45052434053316975,11,1.3513231812844759,False
0.51189167785474965,17,1.6312867709690491,True
0.5234956287299537,14,1.636483173294256,True
0.45573006338088945,13,1.6138286585268635,True
0.5439354488235506,16,1.4436525975552692,True
0.52451175799198402,13,1.6485685135993129,True
0.46432039371813566,9,1.6556667198662915,True
0.47556202562321909,12,1.4843382589408924,True
0.50192194288624781,12,1.6817118300209346,True
0.4804313270336345,19,1.4218415751540558,True
0.49169039626782529,14,1.5624349240583952,True
0.50159148003230491,15,1.5689046710519985,True
0.50614472478057082,15,1.5423437594499183,True
0.4542753805046546,12,1.5355324357764872,True
0.4559463263714813,11,1.6123703827517744,True
0.47866791224330368,12,1.6162026770781099,True
0.47810756520235786,12,1.661475283635931,True
0.44510467245681457,12,1.5886060610693524,True
0.42395807739742691,11,1.4547332934325126,True
0.47051435082232712,9,1.536044297393351,True
0.51611125055084695,14,1.6590721259045131,True
0.45414480421707371,15,1.4910789939095441,True
0.41614772612516915,11,1.4410499284683473,True
0.49119110023302243,17,1.5851378618922023,True
0.49091380444797322,15,1.4801382466252799,True
0.48675894855856311,16,1.5776120090326549,True
0.49450625207133775,12,1.6808972251553602,True
0.51441978647839115,12,1.6782314931887472,True
0.43582793501521166,13,1.4526771762889015,True
0.52600000971070526,20,1.5104663724120346,True
0.52507031618181643,13,1.6226851690474036,True
0.49849224201482595,13,1.6319518557562338,True
0.48629757369511856,15,1.6075099109707487,True
0.52345588222328598,18,1.600338696768097,True
0.4944377178770874,14,1.6771754875153286,True
0.49158589879786757,12,1.6154533303659167,True
0.41030730530954734,12,1.2733474814142305,False
0.49581780059515385,11,1.6276534680194565,True
0.52736561903637547,16,1.6723595318285578,True
0.51708791821280153,18,1.6246030967395699,True
0.46353279225998895,17,1.3722820241699092,False
0.472137692088341,15,1.3651464548601291,True
0.55023211942737826,15,1.6825855365667877,True
0.44920650217483721,12,1.5581867219650478,True
0.53951645072374943,17,1.5689866955352167,True
0.45773594156308139,14,1.2236171722058096,False
0.43972015764600791,12,1.5506775918192039,True
0.47456583497062133,13,1.5345273507466888,True
0.46923700269269547,13,1.637511146457713,True
0.50007982319838129,13,1.6457045511038473,True
0.49606965127867836,14,1.4146604019902074,False
0.49019974124257715,12,1.6666495644638815,True
0.50893041632222447,14,1.4226306653235532,True
0.46628365766271135,14,1.4283878103573551,True
0.42644800834502244,15,1.2488302858636209,False
0.49152510935124938,14,1.6010130117184889,True
0.50799899621461053,13,1.6332676753499165,True
0.50804217875793256,20,1.3848003675639189,False
0.46731163987618318,15,1.5667060364990602,True
0.45115444944526184,11,1.5720948980143175,True
0.44194116477524614,12,1.5433501986634197,True
0.50186572932097118,11,1.5875553781308733,True
0.53267746263969362,21,1.5132528886145542,True
0.49841934290106921,12,1.6807348100414126,True
0.51047091993629379,13,1.4488207631434107,True
0.52189434460488016,21,1.4633699040154706,True
0.48784241834201775,11,1.5548259613980491,True
0.43134205931935604,13,1.2103227926567917,False
0.52123875535143749,13,1.6140072594977706,True
0.43572049591762546,14,1.248132951410428,False
0.46802077268108833,12,1.3252903433074541,True
0.48698072876698184,18,1.4157221915371756,False
0.48687892358772644,14,1.4615656846242533,True
0.47119817583589202,11,1.6373074415523106,True
0.47115342250823272,13,1.4727646559174117,True
0.51215204268724701,19,1.3477033554672784,False
0.48368834199309391,15,1.6331472108592715,True
0.44266056793483277,7,1.4895642065722221,True
0.48452704442304639,15,1.4353132281067502,False
0.52883360726654904,15,1.6027500473146969,True
0.53145355170632624,18,1.6647730319742005,True
0.4431539435812874,13,1.5620536558229041,True
0.49446012578645543,18,1.5467113085809023,True
0.53259516463344125,14,1.6945262806889458,True
0.52997253620996565,13,1.689511257351231,True
0.50935502625785645,14,1.626994914224607,True
0.48081635444124698,13,1.5992604941030777,True
0.50350682913716649,17,1.5667576526785743,True
0.5475868024825582,18,1.6105081991171846,True
0.45898897049131682,13,1.5419901342800406,True
0.50502111709894892,17,1.5547274159951516,True
0.47933059599333677,15,1.5399827135910458,True
0.42573792067204363,13,1.4290122167770101,True
0.53176660511695617,13,1.689132105209511,True
0.47993998225759121,15,1.3738120945986423,True
0.52860174869510723,18,1.6047956684070805,True
0.50578765775459444,17,1.4495126008438945,False
0.52761573521624217,17,1.6898795153921191,True
0.44660645334467119,12,1.5103536733888467,True
0.48363966193961033,15,1.5057934879990218,False
0.47318462330019634,14,1.5730870031674076,True
0.51413285844467804,20,1.3754625765720658,True
0.43371820684354911,10,1.5897602491445431,True
0.51350733631740464,15,1.6251861438563957,True
0.46870350173935166,15,1.2555964722643662,False
0.50805697610792844,13,1.6890411186434566,True
0.47061697466411512,14,1.4130862213988884,True
0.53856408042185888,20,1.4342002072806925,True
0.50900341046290098,13,1.6436036754607894,True
0.51563688490063775,13,1.6576937250919377,True
0.52232090776716178,18,1.3855843191108437,True
0.46811968967112416,17,1.2812010049019937,False
0.47885057912903017,14,1.5575617842215499,True
0.49442169685879123,12,1.6353989558392641,True
0.4732656124960069,16,1.3217290063789524,True
0.51719465616065907,19,1.1176079060993824,False
0.46160539994491057,13,1.5444952180320566,True
0.50704827907327166,15,1.5886935643044884,True
0.40564151116790592,16,1.1129900243954167,False
0.48641287581732889,12,1.6862045069960965,True
0.46160812323962436,15,1.3023573020036796,False
0.49081168635555333,16,1.5084730413576406,True
0.47431466827404134,13,1.6495504223261634,True
0.47208392799638399,12,1.5034078123614978,True
0.48206003875058728,17,1.4886954928667295,True
0.52806438635450026,18,1.6601265780570593,True
0.50047588459885151,16,1.2984474303892986,False
0.41734350480772109,11,1.194091673835149,False
0.46642135934696261,12,1.5297260828268759,False
0.50429849916977942,13,1.6204030592100436,True
0.49585382582435239,17,1.516088000077384,True
0.46038022783382293,12,1.3323815010624305,False
0.48647758832987054,16,1.4805841236505326,True
0.48024155318367084,18,1.525346101676722,True
0.45703255400458048,12,1.5219933055817163,True
0.48009031223609439,18,1.3858173005511938,True
0.41095011349623678,12,1.3367050007709655,True
0.41835290938589909,16,1.2967948497513988,False
0.49281888158435005,15,1.5744651559251741,True
0.49256317573224884,12,1.6747529309499078,True
0.51607137068761,15,1.5557145198598903,True
0.52262453736900616,14,1.5757264663502812,True
0.47216673296228595,15,1.4709388356817672,True
0.50438613872813753,19,1.5758519901546664,True
0.47000334230480356,11,1.5691051750225489,True
0.44398430330226507,7,1.6205681664991656,True
0.48642476945049856,9,1.6907276887285032,True
0.47609019059748375,17,1.4469844069147892,False
0.4291678475547363,16,1.20680399549895,False
0.4702848141101641,11,1.6328285816851642,True
0.50966677656748083,11,1.6781697708952115,True
0.53148524334004354,16,1.1539015683541094,False
0.43542871315524034,12,1.4965997035719454,True
0.4499220360281832,10,1.562520637225449,True
0.51261229499478034,11,1.6432774183527223,True
0.53380310727104163,17,1.4910491445254503,True
0.50783915490912135,17,1.4631384046489742,False
0.50486912284911423,11,1.687935050536751,True
0.50252197025238099,16,1.5729097188067653,True
0.54641937788474537,18,1.2968195162452687,False
0.49080090442041263,19,1.5170635538496382,True
0.4656062096693443,14,1.5346818902742809,True
0.49848061668731336,11,1.6658337613096277,True
0.43620397313464798,10,1.5597172627663216,True
0.47771713616876105,16,1.3555238610959333,False
0.51680199047686259,18,1.4927804295949199,True
0.48956469399092523,16,1.313694450155874,False
0.51349463502002413,13,1.5315143305517529,True
0.41709436089146412,11,1.4283747390919905,False
0.48424674985503235,10,1.6060182974159609,True
0.46691995491084726,13,1.462163658878467,True
0.47724093517215499,15,1.6492617607568059,True
0.48525229913442158,16,1.5749361110498805,True
0.41441872509943306,10,1.4797553135364663,True
0.44312937176430128,12,1.4594368482589288,False
0.49271055312133938,23,1.3016937971319293,False
0.44000730217073925,9,1.592937480826309,True
0.45762666581490707,13,1.5866616146723262,True
0.42800915346054252,11,1.4522203230066564,True
0.5327898073375511,16,1.5591301687284576,True
0.50715740957235,17,1.3768198963058476,False
0.49341265925993161,12,1.6356114739873766,True
0.51342183685968668,12,1.6052800562699541,True
0.51637481198387403,13,1.655800134472488,True
0.49450462109407872,14,1.6682519030528107,True
0.47970462789414314,14,1.3991894552938529,False
0.54334667381082402,13,1.67056558594881,True
0.50168976058611936,19,1.2847032702785735,False
0.50408844295754673,17,1.251812327911384,False
0.5119890442986258,16,1.6337700143522931,True
0.47495809456553062,9,1.5087373443394907,True
0.4816486603803895,14,1.6517745212969746,True
0.50771144962798986,19,1.4368133432286925,True
0.54813237437451701,14,1.5278669331801833,True
0.46516346457923874,13,1.4605838793039485,False
0.50394405867510894,16,1.6276759760688106,True
0.4852028158904409,9,1.6829184846611902,True
0.45387546366308001,13,1.4899068439447938,False
0.54446111800071084,22,1.6045158913384618,True
0.54314550029343145,13,1.6038945491402941,True
0.47593415082062723,11,1.5963967471507752,True
0.46226281003931619,14,1.462979887210015,True
0.44455022846505476,13,1.4161470846916879,False
0.47948198680873405,7,1.6350424684800426,True
0.46554855507642906,12,1.5696960821798049,True
0.43246827591428666,18,1.3268210875317505,False
0.50198314950830103,18,1.5161376412022893,True
0.51922257890387036,15,1.5924000741504614,True
0.45846316663205067,11,1.6011663410210799,True
0.48101396118972661,7,1.6415476926116428,True
0.48184223184842667,11,1.5303702823666365,True
0.46205416453057913,17,1.5281010635043311,False
0.497800239916103,14,1.6059557804001048,True
0.4487792329695256,12,1.3606777382671342,False
0.50528806263860426,16,1.3842785264540711,True
0.44383827347872351,11,1.5839254636291391,True
0.52902234458632136,17,1.3172571269836959,True
0.48096049625781534,11,1.5921910508225074,True
0.45060352133486187,13,1.4481804631091231,True
0.46932623515305605,12,1.542356673854808,True
0.52552643319678616,15,1.267592287892102,False
0.47405959189020558,15,1.4856168702516777,False
0.44960203957040645,13,1.4979577376790183,False
0.48701072671220663,13,1.432742519878438,True
0.44276200532067372,12,1.5385692311670893,True
0.44499893789877182,10,1.5823934728809355,True
0.48703222863356027,10,1.542569151261957,True
0.43952321698878877,13,1.492788114253236,False
0.5181318484662143,15,1.3430547443286598,False
0.49225891425290524,12,1.4997590830810639,True
0.47399495237737554,9,1.6619468916262645,True
0.47420066692759677,11,1.6158662066506853,True
0.45878702713565939,11,1.5625357135711886,True
0.49100026032590094,15,1.5900932039739963,True
0.52177709633145231,18,1.3288254492748779,True
0.47411257646771687,11,1.6050711690852018,True
0.50508391337508884,17,1.3170938080395385,False
0.50895960660339923,16,1.6479574133904624,True
0.54373472355058805,18,1.6466909193364485,True
0.49692389019107264,17,1.5822209682470716,True
0.45404613700100349,15,1.3708274548922377,False
0.5155772303095203,15,1.6620600716579106,True
0.50998953067155273,14,1.4804078387520059,True
0.49565701656756989,16,1.6045271804204826,True
0.5271585445799617,13,1.5970373555868456,True
0.5033679280386133,14,1.6650343193840289,True
0.49739469722699126,18,1.3647565752754987,True
0.48874267966044876,13,1.6332730063679182,True
0.48939791799503995,12,1.6533657284100678,True
0.47487424448125354,14,1.5221931679123821,True
0.52089077180329846,13,1.6823349673825154,True
0.40319509504931356,7,1.4865821521331968,True
0.45955148305102606,12,1.6164006198759795,True
0.48096165389262652,15,1.3348810374874522,False
0.49875699052943695,11,1.6287792270654879,True
0.49007154419280075,12,1.6662660155721856,True
0.49775688001520463,13,1.6497071233232823,True
0.43632221326287507,14,1.4135610594984156,False
0.45252810897651108,15,1.5164600447173822,True
0.48997754730926768,14,1.6107051437969226,True
0.50915315108788239,11,1.6091423842906043,True
0.50804816968660749,12,1.4375187746037836,False
0.45156946603599951,17,1.1476397889118006,False
0.52037046083823391,22,1.5815967769656727,True
0.50742742780903105,11,1.686367506913073,True
0.48960455041198875,14,1.5165227788381932,True
0.50470879450527029,13,1.5612896414082729,True
0.42765703214283746,10,1.4244744444077144,True
0.47033874335793247,12,1.5572188381889434,True
0.47570014773632208,17,1.5321482886654605,False
0.52257708573454398,13,1.655492480912558,True
0.45826670846801715,12,1.6019693712534731,True
0.47141808221340914,13,1.6067487900479562,True
0.48415353837480651,11,1.6873669783663785,True
0.46982103796138569,13,1.5842696569935217,True
0.49546673920847989,16,1.538745681222017,True
0.50769027371262665,12,1.4539956261283187,True
0.52958789136621598,16,1.6802356715243352,True
0.45519988725902472,12,1.5569094707979338,False
0.45685404900326804,16,1.5139952885538757,True
0.4786287455884024,13,1.5876462175868085,True
0.4708970008372419,7,1.6937592018512742,True
0.54237450908256712,18,1.5348816077030816,True
0.4750652355239236,8,1.6379868673985634,True
0.51035293890048616,14,1.6406952472392191,True
0.44710848987655127,14,1.4744501590224126,False
0.46523976523436622,18,1.4767593424617849,True
0.45231046673603692,13,1.5273691951076043,True
0.45506755215944117,17,1.4741385004404284,True
0.44538043788372711,7,1.590974142389274,True
0.49442897512006156,11,1.6633120437192048,True
0.48738645653683582,14,1.6880809449500507,True
0.49356763481478771,11,1.6268791442832538,True
0.47415299075532336,14,1.5507655686512072,True
0.48858490330823712,12,1.4870813007791976,True
0.48717783958364885,13,1.6676347818440562,True
0.53347595544813542,20,1.4359123816815977,True
0.46481135512762989,11,1.5700869822058321,True
0.41561410339925642,11,1.4433124591800821,False
0.45535687960117144,11,1.6572505947240339,True
0.50702797983118064,14,1.6239215132303031,True
0.49623835941711691,15,1.6309485080376065,True
0.56790044124699923,20,1.2688785923494588,True
0.47375174574607876,16,1.2024813228798439,False
0.46397290959378534,17,1.3346376359510417,True
0.52380842203322442,16,1.5248115970691585,True
0.46233937086676247,15,1.4474943317677667,True
0.52648019746806596,14,1.5331319217577499,True
0.48643733730655758,15,1.6358239240236416,True
0.42231769785199402,11,1.5139530791553495,False
0.46565566593989005,14,1.4939693912910097,True
0.45531745179202787,9,1.544338450766171,True
0.48786761112698185,16,1.5925556523084954,True
0.48572610685200091,16,1.5494676119605282,True
0.47855253113718971,13,1.6161492211585009,True
0.41625984172147623,11,1.4595886023133031,False
0.46330056698645877,17,1.5006428411729804,True
0.49585006369470097,13,1.6673042015227217,True
0.53032508753247343,19,1.4628699823628295,True
0.45353850975485466,12,1.5449273047513601,True
0.52215571050494891,15,1.5483316860021179,True
0.51449395374341311,11,1.6282386761604688,True
0.42358432321717981,14,1.3772966843865879,False
0.48963364543043236,18,1.5935796463437915,True
0.47091655262393178,16,1.4563760575480418,False
0.47962430744435874,14,1.5719803931348642,True
0.51485409888681011,17,1.5622669951706394,True
0.41365709885411039,11,1.3715762614548928,False
0.50740928246253436,15,1.5546072266929776,True
0.48053011927638545,17,1.3338443753780849,True
0.48337003580990884,16,1.4697994768198741,True
0.47758470866934716,13,1.6002279353737887,True
0.46269363338891722,10,1.5770842175847166,True
0.47824566592615875,12,1.6620968421056608,True
0.42150935783760846,14,1.3660008608507859,True
0.47583321733365397,9,1.7025079096900355,True
0.43698128508210138,11,1.4009119763108522,False
0.50557514541343573,17,1.5903871682991793,True
0.46863028473173368,16,1.4754043629941669,False
0.47035915316502752,12,1.5238762561702581,True
0.47170267542717298,7,1.7000831324777341,True
0.51148236172795736,19,1.4264231259664581,True
0.49433222765886248,17,1.3481261828913944,False
0.51171967186611667,14,1.415346238186437,True
0.49327024766126804,15,1.5761178474443653,True
0.46832783024187485,13,1.4796982397780603,True
0.46762693659881499,11,1.4577749657506072,True
0.49204252585723951,13,1.6780864816302483,True
0.50894595135082932,15,1.5303107914891196,True
0.52501992232703165,11,1.6687088957987679,True
0.45282853857949007,14,1.3602810466535571,False
0.42986176017665129,9,1.5111911492531893,True
0.49668432354084779,12,1.5830817830712589,True
0.5103286553177333,16,1.5839357407789414,True
0.50697210866924958,15,1.4937427237236991,True
0.46827714563492873,13,1.4739600385630154,True
0.49191745819622595,14,1.6049060885056119,True
0.51433291721572227,13,1.5634547273146673,True
0.52610406487372818,17,1.6196408704159868,True
0.48933110863425094,13,1.6101732341551589,True
0.47610431104391654,16,1.5013036492940721,True
0.47887049729955522,13,1.542369655260323,True
0.47052493091097186,11,1.6439483706901616,True
0.50317827116366942,15,1.5400281595609944,True
0.45150499975230551,12,1.5207286573994891,True
0.42160241797383829,12,1.4117501958165746,True
0.43223347828211445,9,1.5339681869370414,True
0.49744381277040928,12,1.690823231709349,True
0.5052010287457851,18,1.5064804419356872,True
0.4930749172596714,13,1.553176025334319,True
0.45549818533847375,9,1.4683953105365086,True
0.4859320492514454,13,1.6662023179923844,True
0.49858517897695293,12,1.6592469417591444,True
0.44489341017763073,9,1.4902859070453247,True
0.46887540072088874,12,1.5497406971905914,True
0.48078490936626539,15,1.5391845858571969,True
0.48362465442090968,15,1.4973387465102548,True
0.50328179067496848,13,1.5965828944620206,True
0.45177312573097833,10,1.6253793147241706,True
0.47186949953036716,16,1.2812846349955276,False
0.5160993489474891,14,1.3491352683232409,True
0.48735491022085919,11,1.662754864637574,True
0.48965697531998426,12,1.6513659470447,True
0.47624692569039145,16,1.6002945536258002,True
0.46769925070873292,8,1.6098417990850922,True
0.5049769110030089,11,1.5282692408950393,True
0.44920037871119878,11,1.6165645534966524,True
0.48723077345841115,16,1.5583199892315058,True
0.42475076994620192,12,1.3588218960987919,False
0.466875948754157,15,1.5430233502689517,False
0.52260886012807872,14,1.5816998095386232,True
0.49238662521045568,14,1.6393279133163774,True
0.47007098838893285,13,1.4539309538260505,True
0.48204301988648579,12,1.4027637856698965,False
0.53392436394886156,16,1.5160682918169415,True
0.42067245087990024,9,1.4932718287329112,True
0.48525774078810496,12,1.6887047021936044,True
0.46660340778211834,12,1.6085556014171642,True
0.4188674488846354,13,1.3531401803825767,True
0.55648856735367536,25,1.4438920111992799,True
0.45309522475522002,11,1.5282996057512703,False
0.45273787133731858,16,1.2949465378772269,False
0.48785219047052397,15,1.5421488572467072,True
0.44268612535784108,14,1.5718914839756795,True
0.4965343106337497,17,1.5144637234735652,True
0.49629035603036686,11,1.6854713791018845,True
0.555855085605791,14,1.5497368401119274,True
0.46719428988672357,16,1.3918593631552829,True
0.45818722450416627,13,1.4533085382619197,False
0.45340478551753471,9,1.6543290054569348,True
0.48537961863585954,10,1.4954874997188634,True
0.47444821253725339,12,1.6802098171795632,True
0.48818401907872344,12,1.6489352952652288,True
0.46349657919308068,12,1.404198840382741,False
0.4585561111611845,14,1.5238104311386871,True
0.52853241391460115,12,1.4657425087602223,True
0.47285585048298251,16,1.3138581866723587,True
0.49123036377081181,11,1.6835084523763231,True
0.44738708776248365,11,1.560904808221468,True
0.49755351480730914,14,1.6502737469686577,True
0.48850089025349991,14,1.577159203485851,True
0.49558044767689274,14,1.5923025508775905,True
0.49532022319220004,23,1.4063765112305817,False
0.51302554687214652,22,1.47457448366849,True
0.49149982593203856,16,1.2725373391155324,False
0.45662941830038495,14,1.4422841120005614,False
0.48956724431834087,17,1.5596323753996504,True
0.49935730200904932,15,1.4863503984453184,True
0.42604746595124304,14,1.4061515465471977,True
0.47487224690875934,12,1.5009743075127788,True
0.47547336393412998,18,1.443771411102206,True
0.49170186905426144,15,1.5450661779244146,True
0.46568117119496033,12,1.6409614593884536,True
0.43397444226922022,13,1.4229409562454192,False
0.47957860245012224,12,1.6210240921296459,True
0.42829869667876891,10,1.5034687690418969,True
0.50766819168743416,19,1.44265043425439,True
0.53110641655172219,17,1.5298163420928079,True
0.53982223268556107,13,1.5936695299899937,True
0.44403961224824634,14,1.4503136338273448,True
0.48365005016767382,15,1.4499470537412902,True
0.50191078055437499,15,1.6746822532619414,True
0.5014027668876273,17,1.5030188727735776,False
0.43242898577902694,12,1.4687569439663113,True
0.45005546881417452,9,1.6102799191802657,True
0.45799403113541742,13,1.5513021325864047,True
0.42833261636448328,15,1.2858383070352244,False
0.4902012442622129,15,1.6579402539059689,True
0.4974844319050778,14,1.6407512407115765,True
0.45054021293478391,10,1.5703571563776333,True
0.44887480053055778,13,1.5863590649267501,True
0.45636888664774694,10,1.5440875396302207,True
0.49087278812020008,13,1.5405439521555093,True
0.47569879878792271,15,1.6034628158408377,True
0.4937903431477505,13,1.4517471686462196,True
0.49252897463884399,13,1.6724847195283152,True
0.51558638495824305,18,1.6180706718050857,True
0.4868082108887356,18,1.3820428943053213,True
0.42311722390438378,13,1.4575670769267779,False
0.45949476050915616,14,1.5187528352534725,True
0.43082127171004231,14,1.3321449981119937,False
0.47903951558784702,14,1.6643512112065402,True
0.5143218701569725,13,1.42103626972146,False
0.48014037021640993,13,1.4735501718621995,True
0.45916774331261001,7,1.6495885972530997,True
0.54088766772749175,13,1.5983243850429649,True
0.43562410012529906,16,1.37762921749,False
0.43978829792451801,11,1.5895754134102178,True
0.4486628208018853,14,1.450151290999663,True
0.47393675039089267,11,1.579018222767252,True
0.48964477937024103,12,1.6801628293786584,True
0.50476445531429515,11,1.4160359138425007,True
0.48288685420066524,18,1.481577167834174,False
0.53860323738530125,19,1.4371184091763476,True
0.47550153911173898,11,1.59447721234106,True
0.44106666194487992,15,1.3826419931578238,True
0.45917473683973958,15,1.5031931116573158,True
0.45379688626134457,13,1.5696024740465959,True
0.49613851995431796,13,1.6576697932962348,True
0.47368148108769143,16,1.5030297982042287,False
0.49265397163044133,13,1.5953003819995717,True
0.46307935073303552,12,1.4341730629538201,True
0.47836224800686505,15,1.5066176396437234,True
0.46699236612281025,14,1.4988151188853607,False
0.44195486099406073,13,1.4515334124952568,True
0.47294565704615665,16,1.4066702409480447,False
0.52388071860307028,14,1.6289112912977701,True
0.44920639704585885,13,1.5553852720154708,True
0.50969610331046178,20,1.5336231864438543,True
0.52174319318874673,17,1.4629701954433418,True
0.54200351962143611,17,1.6747059917513576,True
0.46698029833746352,9,1.6812112790506961,True
0.48170554369427548,19,1.6177960810175369,True
0.50818809500251028,15,1.5829520387852678,True
0.43491928024339327,16,1.352556231857031,False
0.49257774539742599,17,1.1676802192702822,False
0.45466076458815419,14,1.5176931072649684,True
0.4834975672582581,15,1.5071429802303069,True
0.47849322168605563,14,1.6120858168454599,True
0.53953327453610345,19,1.5348349998179003,True
0.54711818315631078,21,1.508208604183495,False
0.4931132734014837,16,1.4457155250858589,True
0.47009305895633335,11,1.3296571576985516,True
0.4449021258382751,13,1.3602007703258885,False
0.46328310852577959,19,1.4314343226510551,False
0.45864575493684406,14,1.4704590599946559,False
0.44153165898045366,10,1.6074667660359352,True
0.50301661102337336,16,1.363038135560966,True
0.47100743591756072,14,1.5634941002253495,True
0.5023766266460169,21,1.323034861735878,False
0.4234957178300538,10,1.4570723686060154,True
0.48854028823338241,8,1.6786830388167377,True
0.4660117506144032,14,1.3414361415078284,True
0.48154886792849599,12,1.6792174066471395,True
0.4508939982298798,7,1.6398332317327289,True
0.49965728075096488,15,1.3911041662521897,False
0.47820837280804213,12,1.6095965437934858,True
0.45778229940620047,7,1.667729393602474,True
0.48150760587685382,12,1.6533602640034537,True
0.47264405790554381,14,1.6096994913709852,True
0.48114574398572835,11,1.5893730585892754,True
0.47510189000122283,14,1.5478558373333382,True
0.48217100776331895,12,1.6466748341914117,True
0.49104034666715096,17,1.6112048468807028,True
0.46243433972232223,8,1.6657502530259021,True
0.51260904036078547,16,1.6826175530232044,True
0.4413547224552995,7,1.6325915477359867,True
0.44177041717041243,12,1.5240429297585067,True
0.48595468757789334,19,1.5127460427557187,True
0.46501432883991439,14,1.6157312727352655,True
0.53739360927725821,17,1.5484731364319857,True
0.49672661971759413,11,1.6569807708023765,True
0.47237019728093588,12,1.6518431420233788,True
0.4660010825802306,13,1.2559005489590929,False
0.47875186399760278,13,1.6269059956928589,True
0.44453585705301518,11,1.5122299201482923,True
0.54418494675090079,18,1.6520569057924197,True
0.53672169952199078,20,1.2942366576754394,False
0.51989600487595233,11,1.6480600856575296,True
0.48756946066793294,11,1.6151753864903902,True
0.45150998451038754,16,1.1539292961297498,False
0.52245400152809307,17,1.4204891520817702,True
0.48162854922270298,10,1.6262871550905222,True
0.45168429755908895,12,1.5713879135700106,True
0.49264120339612122,13,1.6622840964899308,True
0.50499082443899757,14,1.5781323633107271,True
0.46670341178944058,13,1.5081636434784402,False
0.47223548857271186,12,1.6339798874785865,True
0.47620349513645083,11,1.6599954431083888,True
0.4535778858254319,14,1.5402972155701078,True
0.53286591360768631,14,1.6992568985732481,True
0.52537829024667226,15,1.6564811012607066,True
0.47208880036071438,8,1.6703721930814872,True
0.52717621178151286,16,1.5747654776264401,True
0.44693262612373724,14,1.5799505057527057,True
0.43840312869604303,13,1.5151128262122096,True
0.50036993028686183,17,1.5577348581275838,True
0.4823919371457957,16,1.4027088527049179,True
0.48293315676151127,12,1.6793767031699487,True
0.42205001050970642,13,1.3746543146112462,False
0.46630705296949387,19,1.4705968341553326,True
0.47784355322109157,15,1.5219946690870985,False
0.46650878326298467,12,1.5725601538677816,True
0.47096146146111884,16,1.4856499288772782,True
0.53429011084354761,16,1.5904999676759353,True
0.48912792402231114,12,1.6335030538285034,True
0.44917405039922953,10,1.6083548278004183,True
0.45318566127323995,10,1.636162132929847,True
0.55096381167841868,14,1.2746617021428504,True
0.49152194851357911,14,1.4327952314228252,False
0.49225588939436377,11,1.6989272945386213,True
0.43159962068996316,11,1.4958823919663411,True
0.47200070120154181,19,1.2889408225309775,False
0.49300442819244478,17,1.2437226881411325,False
0.51429840297597307,19,1.5713929320112483,True
0.47720925420062466,13,1.6602364386090374,True
0.52373018545468808,12,1.6323837823794403,True
0.48426999065709475,13,1.6549568912217298,True
0.51699904486271098,19,1.5198692634318294,True
0.46565830860381846,16,1.4700170133609127,True
0.42726364658343685,11,1.354049004840739,True
0.43183597554960679,10,1.5620028118968807,True
0.44017364389555103,13,1.4461686565904952,True
0.48107638516419021,20,1.4032124904344856,False
0.46936775479904969,16,1.361770783212688,False
0.5255219767119732,13,1.5854845660772039,True
0.47549759872754016,17,1.378673387376703,False
0.46273193935458162,13,1.608994613672228,True
0.46683764080918083,12,1.65783034679418,True
0.4412835875726609,12,1.5425324564630036,True
0.43340636624958512,10,1.5239148224604091,False
0.51220395602611146,14,1.6341348775748124,True
0.44869134753139855,15,1.5023799621117939,True
0.47519228080240078,12,1.6387176986041889,True
0.49448385857410487,10,1.6074109821110842,True
0.53881954692386269,16,1.5114488735486953,True
0.46928327693296662,15,1.3608194205971262,False
0.44033660580816747,11,1.557617440329788,True
0.45761949810950447,13,1.5557644531617938,True
0.51951010690757027,14,1.5967946540043423,True
0.45902284858019493,14,1.5744424894336542,True
0.51418563585189048,15,1.474607943727182,True
0.4600285001177849,10,1.6283128458416782,True
0.50144189417367468,11,1.6591618106002313,True
0.48233867636125644,13,1.5315648078540147,True
0.50941825384399608,12,1.5593988514732182,True
0.44737325948760542,11,1.5855918657646169,True
0.47071562707789544,8,1.6716140433429807,True
0.45942564393204061,13,1.5585590872278976,True
0.44773059882841165,12,1.5477327403123724,True
0.4031975449284243,9,1.4252231008736043,False
0.45218991731789004,15,1.4610435648170321,True
0.5390073811306052,17,1.5992755221939581,True
0.43557736321005047,10,1.5989976238798886,True
0.46875825869755833,14,1.2537559516712784,False
0.48473898808149068,15,1.3027145840834227,False
0.48709980151544618,15,1.4807895326917,True
0.54022444822630544,17,1.6053657238742858,True
0.52281957983543803,18,1.6109538970359261,True
0.53871506264806834,20,1.5302749342525248,True
0.47897295332804918,15,1.5480372934428497,True
0.47460405372686593,12,1.574982818078223,True
0.50034136979586319,12,1.6062026288794564,True
0.49748788923895909,17,1.3672896187308035,False
0.51207646195486656,14,1.6692960790460969,True
0.50610950464282478,16,1.6038898269452415,True
0.49718982409109341,12,1.6059728780267282,True
0.48686758355250437,15,1.6205177664054762,True
0.46916689574544568,13,1.5661871290589113,True
0.44920676821179056,12,1.5205724821585247,True
0.47237874523626439,12,1.6197696570032394,True
0.46772299290675357,14,1.3518799744296388,True
0.43250667609445848,7,1.6090108024810124,True
0.43703138658896901,13,1.49204681994401,True
0.46813080751863106,13,1.465534931957325,False
0.45448489512474871,11,1.6341586198842608,True
0.49265644901267686,13,1.6216270218549682,True
0.50114254808890624,15,1.6035333968209082,True
0.45796656687175485,16,1.4085124708757777,False
0.46814941299584384,10,1.6191098988124599,True
0.49341542807172306,16,1.5377473095652954,True
0.43899826082779375,7,1.6239749007982249,True
0.49869538659616131,15,1.6195046411154941,True
0.49354123854441506,13,1.3516961578391313,True
0.48019192801603344,17,1.3930053805279852,False
0.51882229114947076,18,1.6571874594666052,True
0.56695297033193925,23,1.6352435040562223,True
0.44782269693904031,11,1.3001282654189159,False
0.50663073269219394,17,1.3478363998924601,False
0.49667974763208733,11,1.6234349859076249,True
0.53274558827818652,17,1.5285850280736959,True
0.45707965631243119,15,1.448530276763929,False
0.50623235538753686,9,1.6009357808955953,True
0.45926195098348965,10,1.5394225448452006,True
0.48222809859557664,11,1.6011312120215861,True
0.4519672212137103,18,1.384487285168994,True
0.46710021769096371,17,1.4833039450163079,True
0.44812983664370787,13,1.4215316497326786,True
0.46378214557348119,15,1.4230737341291637,False
0.48105443650027085,13,1.3946477085924636,True
0.52814326489301922,18,1.5579353115262946,True
0.47108573208247528,15,1.5140642622700695,False
0.48427259953133472,15,1.4660627851384596,False
0.49970290728330913,12,1.5515447332774333,True
0.50715981808004873,14,1.6315927161885844,True
0.52191511225234133,17,1.1760036881336664,False
0.4642970506234802,18,1.2855439948695724,False
0.45811989164977468,7,1.6391265531435431,True
0.4481253868428276,10,1.44614870817045,False
0.43064480237722197,13,1.3929318096460308,False
0.45652927496682943,12,1.5957817739280509,True
0.48706651253015382,12,1.6706689636665641,True
0.509954107367943,17,1.5606559739749264,True
0.46434034740533731,16,1.3827529982839151,False
0.4725490672317173,11,1.5681784721292606,True
0.50726690223723048,16,1.6622602076312394,True
0.4885870608740655,14,1.6359629450370723,True
0.50185086726888462,9,1.5072370226209346,True
0.47228157493765205,9,1.539688305195098,True
0.47544283654897235,12,1.6299434543706488,True
0.4356249167462003,11,1.4797183205598563,False
0.45062289068389705,14,1.4465407809395698,False
0.50743605567867767,16,1.6319289631385845,True
0.49273972816759898,13,1.5317740388425276,False
0.49651413422894369,13,1.5794723074949042,True
0.41687584009241258,16,1.3192724283488861,False
0.51456334739788101,19,1.6184110861837149,True
0.44303368343570532,10,1.516012090580835,True
0.50582931578426371,11,1.6938347260074433,True
0.52331239574148181,19,1.4626747606764117,True
0.48168068508028083,11,1.5633754623252654,True
0.52662092005286043,14,1.5944775901104098,True
0.45582475146375978,15,1.4418634842789055,True
0.43446001159181258,12,1.354445191321338,False
0.54904611139638348,14,1.503961162066042,True
0.44734488624099,14,1.5276368846625288,True
0.47933751528479734,16,1.579412118357391,True
0.51093373335726067,14,1.4455085869566611,True
0.47922670534404804,13,1.5713273062910882,True
0.48198517109378564,15,1.5131957502584485,True
0.47675578653480644,13,1.4865918435209522,True
0.49024670512559582,15,1.6090361285584038,True
0.47168143814460312,19,1.3173567657048346,True
0.43586232585456808,15,1.3148931444671652,False
0.51400603096093089,17,1.3595895211965128,False
0.5194509867584135,14,1.5907826314674871,True
0.4870457010294561,18,1.4401648402647753,True
0.47716407174471936,11,1.5978588761362587,True
0.44518814067425178,15,1.4905983325112908,True
0.49848229020912305,9,1.5000006753791619,True
0.46200751314063038,13,1.3887440202253976,True
0.46701682547495971,9,1.6802719567447386,True
0.5095027925167005,10,1.540804394024879,True
0.50544572274279898,13,1.6679869845161022,True
0.53845946118266885,18,1.4744889880241365,True
0.44206964066515964,10,1.5918471525093132,True
0.49024408984836176,16,1.4301656839347516,True
0.50207926547318638,15,1.5346690201994868,True
0.45876732136965898,17,1.443269091410216,False
0.47587564904882973,10,1.6772197411391701,True
0.50798241611709516,16,1.3267906758631258,False
0.45499733173739293,12,1.5382828252271186,True
0.4649405443819013,12,1.6173352358219164,True
0.51781571506975277,13,1.5706527238273629,True
0.49999334032749193,10,1.6258781956396891,True
0.47651724667090922,14,1.4422181317105192,True
0.5284754401790045,17,1.282903451121016,False
0.55571094659988929,16,1.2497612227469008,True
0.48896798237688732,15,1.5399511573129747,True
0.47049791125276286,12,1.5834422172618399,True
0.45677242654985517,10,1.5873754316327291,True
0.4868570419447536,14,1.349527086825949,False
0.4107773953024989,13,1.2958461165254367,False
0.41223642591167842,7,1.466266729199182,True
0.4994471218019812,15,1.5799792173962806,True
0.45836685406530142,10,1.5677377145336102,True
0.50861853246296873,13,1.685101609798034,True
0.48128090938753182,12,1.6560119658952854,True
0.47008734390432683,13,1.5766126838903385,True
0.46957845089210193,10,1.6453159040192589,True
0.47477056530935929,13,1.4274708253500157,True
0.46766605118427268,16,1.5332586730085955,True
0.51549605750967831,13,1.6961390213052281,True
0.45357908857519802,11,1.6266526294224484,True
0.4590750080152971,9,1.5724925660594917,True
0.54400992731655051,18,1.540377865395141,True
0.48437871799324861,16,1.3777699409727728,True
0.51388758359759112,11,1.4585453210272523,True
0.53867126503062823,19,1.2494727877324328,False
0.50068453215961106,16,1.5036497411508742,True
0.45630535383063942,14,1.5596784445594127,True
0.51267489753458229,14,1.6366384322968608,True
0.45517567410149873,14,1.4602823898103952,True
0.43730653586453955,14,1.3889358573027268,False
0.56653720338326141,17,1.645592458225354,True
0.44157485960385612,11,1.5802656810245588,True
0.47767895271019162,14,1.6005652186927908,True
0.46004576863354868,14,1.502406953884128,True
0.44581907173434371,11,1.504133544179328,True
0.51629875110644985,14,1.7020373475474051,True
0.47447218554390053,9,1.62627823648105,True
0.46233420671156017,14,1.6131771903300023,True
0.46868704268278116,11,1.5120686256553799,True
0.50800163599719772,15,1.6239558754956966,True
0.49330501574715391,11,1.5637833882296752,True
0.48877055968849437,10,1.6760498413793219,True
0.47534817956654035,12,1.4706708780529529,True
0.47185284722987153,17,1.4020915795779008,True
0.51143104534279993,13,1.6840885866090565,True
0.45296854580395934,13,1.4016294756151064,False
0.48451969979143011,12,1.6097299430873238,True
0.49983588083294,14,1.5941390032700418,True
0.48655070911848414,13,1.5864603021680668,True
0.4823587451644149,13,1.4921200978232525,True
0.47041277372227058,12,1.6503148493726139,True
0.4405845406661244,11,1.5254630425211095,False
0.45038460957648657,16,1.1968773762974547,False
0.4893327851926908,17,0.9724984010808696,False
0.47234201595623099,17,1.4562164860485265,True
0.48300471960719926,12,1.5472701192721603,True
0.50701318178993837,11,1.4922637401877503,True
0.4552949567522237,12,1.4024437712440163,True
0.43054080197280858,11,1.5554695487483161,True
0.46940155470535172,15,1.3161066046797842,False
0.48728781814307687,11,1.6219807063201375,True
0.52418482016888635,17,1.2684189761099214,False
0.43638277923270613,12,1.4354127961997007,False
0.52150849079569417,18,1.6082436342304387,True
0.43742220640672935,14,1.3380868281983493,False
0.5050110021741997,17,1.6022859332920079,True
0.50561341482226008,17,1.5493588160865792,True
0.55840577439332717,20,1.1211956624293415,False
0.50612322578021096,11,1.6856992290048562,True
0.49647594077830715,13,1.6096102782967674,True
0.48597696304196214,15,1.5361742719223763,False
0.46305952266638262,13,1.6050837065537631,True
0.48327836961752324,14,1.6464808100436745,True
0.47225018729059831,10,1.5524870580257015,True
0.51040921641025594,16,1.5065971257854605,True
0.46676627176331226,13,1.5719524045806275,True
0.44977675640748754,15,1.571695803727666,True
0.4634350518377901,10,1.6444222781119686,True
0.49233298132554915,12,1.6616106462881912,True
0.48476469913323089,12,1.5714030247206701,True
0.46487570079886958,12,1.5610017096188828,True
0.46197062441079018,15,1.4350862340508741,False
0.48356604663407277,14,1.4889469173496936,True
0.48424424260503335,14,1.3827986570254331,True
0.51200977299573036,15,1.5821685806377142,True
0.40897918959129453,7,1.5111932319581067,True
0.4875326463743741,13,1.6335579672186544,True
0.48561997623518566,13,1.3240455796487569,True
0.45632905392330009,14,1.4097926722467591,False
0.43719139113678923,12,1.3861300358631219,True
0.51807616950889546,16,1.4665262462245598,True
0.4741305785687856,13,1.605571417275131,True
0.46260434719732635,8,1.5893065920172831,True
0.48609634288486686,15,1.6069251208104627,True
0.46263284941658134,15,1.323969995070851,True
0.46343904680703513,15,1.4004891786643994,True
0.52410926486299769,14,1.414062700731644,True
0.50269344794230442,13,1.5539307756048604,True
0.45677801836339438,17,1.3206862972535807,False
0.52759964557636185,15,1.1687657814963675,False
0.49746794202008721,10,1.6649306084775393,True
0.42860641748460493,12,1.4405925995472457,True
0.50313430584431629,11,1.5431258605168321,True
0.52094674086099679,19,1.3337326400734675,False
0.50364038042412074,16,1.5007230164468104,True
0.43391555640513635,15,1.3551485605507734,False
0.54565316846001866,18,1.3970540700273979,True
0.46301838185475669,10,1.6155788733420113,True
0.53415190767353082,16,1.5033433587871854,True
0.43842312133194156,8,1.5706208367607462,True
0.49907184116326742,15,1.5722114682817736,True
0.45375797332299633,15,1.3294234918424579,True
0.51947998444555488,19,1.5487474207973382,True
0.48339560468416432,16,1.6513137613989963,True
0.42276000027166338,11,1.5827428073379559,True
0.47384570045875313,15,1.3775557879107145,False
0.4865361571957999,11,1.6591876770106826,True
0.44365375766897541,12,1.3344379490208511,True
0.44131260685161577,13,1.5664977700729272,True
0.51917723402575733,15,1.569533002213334,True
0.54004386147053562,25,1.2062717696654437,False
0.47964130613320022,8,1.5126291095353552,True
0.44479588938053222,12,1.533669941742305,True
0.48802135319899725,12,1.6254413334207241,True
0.4578528900008626,8,1.427539567381739,True
0.46801846176134004,15,1.3901365356055613,True
0.44088121954354537,12,1.577665634554164,True
0.50774432749740461,15,1.5938504569374106,True
0.49254596646093729,12,1.6336604175165057,True
0.43992539641646228,13,1.4709624913608719,True
0.44093605232293259,14,1.4600455482036621,False
0.43100485391988042,10,1.4606409188483203,True
0.43012914015453457,14,1.4685072802101091,True
0.4728045158908335,11,1.5666778251221309,True
0.51838510157255957,16,1.6394197937392043,True
0.47741620099581011,8,1.6563879746057772,True
0.44680591671527492,10,1.605056786546754,True
0.39527897984570648,15,1.3525405296279704,True
0.50345560708102222,14,1.4682549656296431,True
0.45172881344195298,11,1.3133554268838887,True
0.43918666573771731,14,1.4672139122291292,True
0.4816176435850294,13,1.6653248378332468,True
0.44624568631973077,12,1.6194962484265227,True
0.51020493111358234,19,1.505306516068166,True
0.48877214522109047,16,1.4866829237228842,True
0.44411032077482759,12,1.5330030344262906,True
0.46037912664678821,10,1.6120773327447278,True
0.45494200169863991,15,1.5455734583820426,True
0.45901419514550718,12,1.5361388638703224,True
0.45463650166320146,14,1.4577017153012053,False
0.48845966533729163,16,1.5322706011983178,True
0.53956507029657608,17,1.5636194953483622,True
0.46482916285726167,18,1.2401849288172322,False
0.50377029309258881,15,1.5446016752741558,True
0.50450122821468935,15,1.4700639846243395,True
0.50282580524716003,12,1.6481539790214899,True
0.51118198568320705,13,1.6943514764915049,True
0.56100339570564073,22,1.440939568337323,False
0.50772795496216883,13,1.5888196314661522,True
0.43379367620678561,14,1.3513214082430358,True
0.4398479123088046,11,1.5984061657326722,True
0.42003999404590836,11,1.4800818956506958,True
0.51941233889424165,14,1.6488971777133123,True
0.48710270650741611,15,1.4482485460922501,True
0.44331904278059203,11,1.5766333620617963,True
0.47689265983159029,11,1.6463575513633761,True
0.53642783027391561,22,1.318661483920782,False
0.52585608159502117,18,1.41214222315945,False
0.4888942655337728,16,1.49379048679921,False
0.48121805639261112,13,1.5614520143120334,True
0.5131600508234736,18,1.6239662116935745,True
0.45946339540836367,9,1.6540549922437242,True
0.48078038382407196,14,1.4314278866378853,False
0.45076410585819315,12,1.5918107117398146,True
0.50440278233403035,11,1.6959450673593135,True
0.49470267555873698,13,1.6673405349236412,True
0.42174499461684412,15,1.2864470794655796,False
0.40346122546673752,15,1.3851767553065204,True
0.51708095755286698,13,1.5278480598294786,True
0.53851254963298567,14,1.6535142994533367,True
0.47705340116637551,16,1.4508861281222289,False
0.44757271259972431,13,1.5515816616088536,True
0.54021168569268851,16,1.1980789470768909,True
0.42967169304520819,8,1.5956848037467242,True
0.46517504099706919,11,1.610941097491712,True
0.51010391745101769,19,1.5186385188328773,True
0.44835233618928394,12,1.5309138602836081,True
0.52593479690430944,14,1.3463384080488452,True
0.45089146760953025,18,1.4246095282936213,False
0.47209081544081793,16,1.4956690709949392,False
0.48200072347688605,15,1.5673395077382344,True
0.48272066768651212,17,1.577899990365895,False
0.52447523783374606,14,1.6546554248704566,True
0.48240134538688462,18,1.3873596405116468,True
0.4846128405025163,11,1.6408138964811447,True
0.51565892464460417,18,1.4033670014846829,False
0.48440365047924749,11,1.6441569393479214,True
0.4964884096504581,12,1.6428578444952855,True
0.48028134849436876,12,1.551844797988891,True
0.51948223442313757,16,1.5512193392555373,True
0.4957268478795358,14,1.5681970645667667,True
0.5239804403321634,14,1.5301689587721596,True
0.435744397754597,9,1.4132768731322889,True
0.49374248593135295,11,1.6077858989830704,True
0.50466652970727288,14,1.5456364248526961,True
0.50824207698739854,19,1.516720845964312,True
0.48575024948613366,9,1.6805883582066681,True
0.47252037304665034,11,1.4874512811608169,True
0.48556214748951204,14,1.5944143212149191,True
0.44571153785414558,12,1.4863302153734759,True
0.5095778168613232,16,1.6047867163808032,True
0.45321138458235227,11,1.5846287982921776,True
0.50213791213732972,16,1.5120932502337372,True
0.45168069265490107,10,1.5189694193636007,False
0.43004142314234634,12,1.3044510409494039,False
