0.0,0.0,0.0
0.88532592581014458,-0.15917630204789435,0.044079169665185144
1.1013872785563723,-0.084370584600542836,0.42961346667847478
1.149151088385107,-0.093590833392380751,1.0555807615883039
0.22676925931662906,0.1457437057403449,0.61974988693475241
0.089469104003273819,0.52636203999032694,0.73676468678151541
-0.086127631946269045,1.2026177455899987,1.1404683008485048
-0.12708257579543697,1.7704848461085547,2.0615230856983371
-0.43743207706892506,1.7159241978201385,2.1880339216674463
-0.45912096416436488,1.9080983483376732,1.9200032568891163
-0.69533183792454933,1.7164801698428738,1.5786688412062313
-1.3456617115898695,1.4258209444143914,1.4017447069969351
-0.90779597276141977,2.3716319814015892,1.0790606691029696
-0.4715657979425224,2.1440197496163673,1.4881750413139718
0.37462969642748034,3.1293846942766397,2.0174543706080983
0.39939508579698374,2.9566209890001987,2.3762401927102519
0.19908998495685282,3.0817630245200043,2.9663422765483034
-0.070849417047664398,3.620993239828338,2.7417383091844778
-0.83631663480758411,3.6328340365168814,2.9299945585658773
-0.35006956274104167,3.8274211230802946,2.7395960005931146
-0.8950702341988197,3.7079417429059074,2.7612059487581435
-1.4816383388930916,3.472568946798146,3.3675429565077968
-1.5834298457954987,3.3905135067433347,3.3528247280679295
-0.84782393998976568,3.0689197908976569,2.4297929504856088
-0.73065536554844401,3.8764131555170409,2.3046554210202261
-1.2374031559924608,3.7934065820688678,1.9518127738716817
-1.5903167847098498,4.6460843321458816,1.2049369045140916
-1.2808363158763068,3.3170233441394101,0.81372584760597144
-1.3602863771826799,3.326141172339713,1.2892108664184954
-1.7408409550360904,3.6042930591278579,2.1212191893052204
-1.8547003535588695,3.4588589663157383,1.8791735475833811
-1.4859163167203315,4.0006845970594593,2.3754034695738744
-0.50779138213320429,4.3173161586255802,2.9585936559603825
-1.1236010119091917,4.181396033589599,2.3845257717946882
-1.4336615639350507,4.3967146310221183,2.3650422269778866
-1.8315054831090984,5.7885234178090421,2.343035565155672
-3.0288905643153345,5.913254641841613,2.4283621228924734
-3.4861442863783201,6.0615007324059489,1.6394957190126704
-3.9929369318874746,5.8437161445232304,1.4666791275936177
-3.4365962262093461,5.9097938086061257,1.9902739117512953
-3.5018904401933226,5.2716420756006688,2.6150326207109358
-4.3053757427793951,5.1734934060099471,3.521510603118235
-3.9852877245104139,6.3899372191472352,3.3544521487603016
-4.1616327534707063,6.9181819661865989,4.2798111781361357
-5.0244435469267446,7.2356689928011697,4.6094173922080177
-5.3197700522659392,7.7820823392598237,3.9366471383219106
-5.6111094063380316,8.7135035395804383,4.3136244998903397
-6.0436590754326538,9.0073146664208164,4.1392547791235428
-6.0289514871969638,10.032347240433726,4.3961844215434001
-7.141782306513087,10.56187041207075,4.3454376590372474
-7.2743176677761481,10.644293364384394,4.9434852744116409
-6.7728174501354417,11.49539083701951,5.0704760743672743
-6.3507040547114935,10.327639119352654,4.9306432245542169
-5.8021792274903534,10.04483581157004,5.4082769114872207
-5.2481091212693647,10.176393687744982,5.5351002204045585
-4.5118128361117842,9.7249317189300619,5.3306972304750859
-5.0653434342533226,9.647686750498746,5.9629157844668725
-4.6466772577343445,9.3315013882865436,5.7607952014653598
-5.5677705812021507,9.0075823846098455,5.4454295339247594
-5.8661834829260533,10.349917435467027,5.1783537269378632
-6.8137987979250756,10.660501164853924,4.4529820511440139
-6.2949922484098799,10.633798341858808,4.1791584724869235
-5.6348257088929605,11.284772905734147,5.1002459369860409
-5.732540989729956,11.167296848869736,4.65066832608992
-4.854136514595651,11.605517630446469,4.6548354708381217
-5.1881095931918209,11.779162612511065,4.1063126979583604
-5.1135580483893532,12.584275470826814,3.8037083264340539
-5.037853787885668,11.881475030445012,4.55542259332376
-5.5646035741807021,12.26048762421283,4.9990960467682664
-5.3478310611370317,12.320998160975003,4.6970375341539237
-4.3880856885903432,11.74812261761967,4.7001163345377126
-4.8954005887683287,12.275478702266744,4.2912652326163991
-4.4502507692232616,11.843674780159047,3.903103386919307
-4.526727759125702,12.645156939130775,3.4502895010501655
-3.6508069326933938,12.899125021065348,3.0062279671073222
-3.4113439178202349,13.24337202951785,3.1675646260486028
-3.0766338764953272,13.283196404896174,3.4629621726720927
-2.7582842945117338,13.730915163630627,3.7046298768567372
-2.6349926649112505,12.807464946855763,3.6207629115270001
-3.3258603512661868,12.844453317747341,2.9485648322957601
-2.6370223558316876,12.533485033703371,2.91534684358649
-3.3154689033081475,12.67339474778613,2.457844782723221
-3.1973861475439409,12.650053269854173,2.8940665876735583
-2.8934334964983965,12.955243751549691,3.1694917933122864
-3.3081789115454532,12.540637338251265,3.53918423963444
-3.2363762838701287,13.450971077994797,3.3667507203844957
-2.658304044880051,14.597262600864269,2.4703419634618236
-2.6702351488510434,14.49416756872975,2.9444764883667314
-3.1100981292719267,14.486756219870426,3.5514745806632311
-4.553314684789898,14.62908999505971,2.8172703179281169
-5.0343511915104822,15.25478051932504,2.8855352770056251
-5.3269202404494687,16.193698589686637,3.4761651702811571
-5.5825337963294848,15.596856658578581,2.9437091786514493
-6.057707662595778,15.292393452634183,3.8186675131144301
-5.8709560496102107,14.766652994345939,3.6459052613124276
-6.1554222045449922,14.215854426129635,3.1136143136968197
-6.2095993357470567,13.404444181133586,3.7925504052441319
-5.8734760425435875,13.584022744873165,3.9383363749467364
-6.2968958385304834,13.01032896403188,3.615049478778563
-6.4454902642628014,13.754405668492327,4.0505222980255811
-5.3772608400555884,14.204000495154432,3.0824669588012106
-4.9445114858488521,13.694320283553452,3.980997773090972
-5.5847794527504231,13.184393033821463,3.5769746061185592
-5.6242492034408595,12.881278211715275,3.7185295992787424
-5.3448431269334611,13.574225778680249,3.5212246613239726
-4.7343061089824046,13.153691590900902,3.7371485418859782
-4.6605616059939798,12.41442222220812,4.176649351743321
-4.9231863685689756,12.389958647116476,3.7688465355160541
-5.2847786090840776,12.574777240117635,4.158076321712409
-4.9654892163766338,12.249451382836265,4.0125372893776854
-4.8105322370013637,13.051028736362895,3.672064202642551
-5.0662599127788743,13.170048770372302,3.5611682748866866
-5.1598456130057277,13.394291034185883,3.0639123847708927
-5.3658531201761637,12.970823942211911,2.6700770291984477
-5.0071658792502483,12.951158675411687,3.1398743112895273
-5.3486789908267367,12.873685814964919,3.0652207140729231
-5.1079161090759229,11.748982359593178,3.6302507702099227
-4.6864357321383103,11.891365423548324,3.8439595791699737
-4.4457545950513069,11.002981265629908,3.3361311814266998
-4.8586822539335568,10.988733097980674,2.3967327520254069
-4.1929449532279204,10.259168620433561,2.0565654071055941
-4.5286431024820981,11.258844685690935,2.1873013493159101
-4.3175685094714407,11.420336271644066,2.1916635221187657
-4.6904502082110193,11.846686538506782,1.7807871524606926
-5.5537407379667201,12.301572355506151,2.2821036643670265
-5.4420000570847584,11.645983897882658,1.4180146147877128
-5.2999248991084631,10.516554324465096,0.79501633894615109
-5.3382562189559364,10.353421461700066,0.85802420000275548
-5.2016092844252606,10.79748793068276,1.9438815611157065
-5.5225562997069551,10.842547715003597,2.148768501433957
-5.8875827709245616,11.231316842653156,1.6512002553959306
-5.9707831249346714,11.694926313352161,1.9445505732218231
-5.0257393196384488,10.956227436103779,2.2828146195490242
-4.6224266983686961,11.098623614418596,2.7470301148170435
-4.8798094852071285,12.071978895519756,2.5441575209263494
-4.6032605580868715,11.789579817192502,2.1483131291117532
-4.8400389847824474,10.785240355454301,2.2068276970294902
-5.0663715271317837,10.670453457946456,2.412378275169579
-4.6410476426854075,10.440454175335688,3.2034643623637216
-4.9010403774403732,10.647542216085085,4.2377877851633947
-5.7304372062764504,10.205823616515048,3.87493668028727
-6.1791291911964938,10.25072612827819,3.616078931613866
-6.1353658968906819,9.153160407637646,3.5846118621433525
-6.072005258041405,9.5758507113258577,3.4609809769164004
-5.4574364363052119,10.361309576734014,3.7014348468740237
-5.811851124155563,11.003726220070686,3.9418624969919476
-5.4497940567527596,10.253732733146652,4.0695149912692372
-5.2389512725876166,10.411726779489969,4.734796338269458
-5.3127093267642547,8.9347368827785161,4.6563374335849312
-4.898987702891846,9.0749067627177986,4.136214039933451
-4.6554012735115453,9.0430501029309589,3.3637558426573473
-5.0822221985229881,8.5501570988852471,2.8548525684952031
-4.5517657166963446,8.7203267036406853,2.3379712683413247
-5.1560813354019057,8.7886404725621983,1.4057240345411337
-5.1265732015008245,9.2536706599641878,1.733985233018366
-5.1253634030389899,9.3166851645190381,1.8256881328810846
-4.9151794446111596,9.4330176007099542,1.6164164096532689
-5.2742506979138417,8.4702559501733159,1.1759438375419349
-5.2915467913308909,7.8962223761133705,0.3934158001486372
-5.3611501536024049,7.6606641975609966,-0.061822174419231601
-4.8676165915325047,7.807594744027007,0.85284614304645556
-5.2615742653094939,7.8044770075072583,-0.24143988904911451
-5.2255670654347055,8.5473798319348102,-0.17124726410930469
-5.3548745081971365,8.1166730071436159,0.19683425722163217
-5.9973748140518781,7.9980611822475565,0.26421627316158375
-4.672766722884826,8.1243196845690324,0.1074058376871245
-4.708018342823145,8.009734312847117,0.48758304334352431
-5.4438765451007916,8.2550340934839994,-0.058536582761682832
-4.746641772765793,7.9726199041212453,0.21644416067408689
-5.2765545591692966,8.6756534770302345,0.92460323002689548
-5.0929832886565531,8.5174644279324259,0.40914920671263455
-4.6659031908950563,9.0698291131476232,0.0033523739227288019
-4.9868606672054785,9.0548297116391367,0.070639426737537744
-5.2001403632817826,9.7930956074049273,0.56045297081479528
-5.4675605003216043,9.1010634889007545,1.2232975599685298
-5.5315909333728808,9.3568652274057094,1.5601907139721254
-6.3346682404685319,9.1427508451360318,1.2288037479728493
-6.9462771656600566,9.2572883782390445,0.67719759795236456
-7.0159628992375689,9.8476968130777784,0.79746585711333151
-6.5017078379809483,9.2838726634705537,0.9945933251697805
-6.1890104236962911,8.6295013302215651,0.44984772356242353
-5.3329924695085262,8.1353349372326971,0.47944250392312032
-4.9894541218537718,8.261250362419732,0.64389165922489222
-5.2424500655404218,7.3273137329786717,1.1611719446968003
-5.3032544491335427,7.3751251921970669,0.67086842125964885
-6.3082479843814045,6.7384741563886354,0.94655179762811859
-6.7838074013206722,6.1723607349528038,0.36778980593984234
-7.2888594770229114,5.989627073995166,0.15664051877617285
-7.1549225650040364,6.1780132670671328,0.11789550497661275
-6.8342631750417837,5.8679539067932049,0.8692257204395839
-7.1116338661845599,5.6244046053554966,2.5097226221660556
-7.4029273063947736,5.6036927691053728,2.6352213286097883
-8.1684333832500506,5.4686955661546905,2.8803781116126932
-8.2316723755066583,4.1438850811071148,3.3790857672751673
-8.1088354690982136,3.9309961420074901,2.7051003229535073
-7.8881851519469794,3.9730512050170841,3.08408437138264
-8.2756063625693965,4.5164243289383155,2.4694544983671012
-7.2913541867299418,5.5293073768505874,3.2758237849116694
-6.6998304894347811,5.8594495188413136,3.9903157558108577
-6.7469706957403757,5.8985981569047459,4.2385652335646284
-7.0079153333483797,5.4210646039218506,3.8392698407370629
