0.0,0.0,0.0
0.87316136334124095,-0.18273568677001045,-0.296318580867587
1.0712290762452403,-0.30122233458716785,-0.84865940898234415
1.5556796621414541,0.24308139548687746,-0.4691804947432382
2.6648652060905715,0.56742039470855876,-0.29282454761733678
3.5892592494564846,0.88426933477698921,-1.168206419501352
3.1055313782815288,0.08391692610805257,-0.99225190913512296
3.5758011522129269,0.071876108842320124,-0.58908516621069973
3.50088315635479,-0.29343055359491077,-0.55991848762367946
3.4497924313201302,-0.15487494605183139,-0.65151538158159839
3.6530283208660927,-0.20345691031667759,-1.0512809872676074
3.7243262510340216,0.24705866428698983,-1.7672791339656491
4.4441549119654447,0.40407367004135408,-1.371151859102034
4.8208493672986004,0.79328615401205305,-1.5241557031445869
4.8810754277827453,0.56242047968823028,-1.6397158048355578
5.100776519038317,0.094943433270002042,-0.78206257401227197
5.26593688475426,-0.10802080981088771,-0.44325181193939023
6.0054682957353185,-0.11644548485290603,-0.25970280081182606
5.9039201360676392,0.071225049463846821,-0.18938579475497846
6.0588807424331268,1.1895259253441222,0.56297327663634755
5.6361249201031756,1.168609702399114,1.4141265587272565
4.3724594323496451,0.69544106779623993,1.8742081159595689
4.6959841311514987,0.52418882596144045,2.1623945856852962
5.1238582198331741,0.29472052577931246,1.1256189608044724
4.756505276750981,0.53304169636394805,1.1868581839795975
5.8799764971267932,-0.22961391577809864,1.1224585272666705
5.160102215543179,-0.19830082621479161,1.1689630031957081
5.1827515260598052,-0.12083404220804876,1.6357470015177435
5.0901002472824945,-0.0059102925959547831,0.27967598929056336
5.848787250856752,-0.30156666260992443,-0.0021191002434409745
6.5760827359914424,-0.41933191055149893,0.13147673951183428
6.6527777987978238,-1.1242060984464579,-0.099600016454617274
6.8399586961987255,-1.3683869828201527,-0.80093276108199329
6.4005271705257103,-1.6370897044756043,-0.37081777915023117
5.4200829401436588,-1.4311554381585028,-0.23377317764954286
5.2478752121116621,-2.0034365446395221,-0.71444541655132388
5.3252640035111272,-1.616763212021086,-0.55861885044819204
5.9342268217323566,-0.87703110296925113,-0.15195467062671986
6.529374482978616,-1.9016214166684229,-0.14933494436462991
6.3376574895914191,-1.6906341093172066,0.24692441653510339
6.1880252621592033,-1.3555817260505232,0.28566122692266382
5.6690180237366619,-1.6710969563936777,0.090032861293215777
4.9661450047866111,-1.8677364721140008,-0.48385101528201535
4.1215843491574242,-1.933509002363806,-0.52638457490874724
5.0871689065356103,-2.0809079675041331,-0.43021447708857119
4.8349039469014308,-2.2338615836255995,0.0033006223440485427
4.6180682303684488,-3.0634411433508735,-0.053674667728725846
3.9979661641972073,-2.4930661188074588,0.17273450615686686
4.3828042562383267,-1.9586821795404425,-0.30472408113072447
3.5839655777329065,-2.3612769478210875,-0.69210574939868685
3.4786645113933301,-3.0871199582213453,-0.74674566473732618
3.0354311769712377,-2.8292060029168322,-1.2687601216986353
3.2269381428972461,-3.11420650750315,-0.86275815608051776
2.9741024992493319,-3.0439432764266465,-0.63352033857647561
2.3897193828133023,-3.202002778858851,-0.49537498325483287
2.3757698914762551,-2.8597085606243478,-0.32762599967623041
2.5877833506515189,-2.5158252791324518,0.67273952550328764
2.6207076959605011,-2.8749776578383992,0.44066359276649597
2.7704236469676156,-3.5597078814346208,-0.64899425018653645
2.4564502292388348,-4.3432224139039626,-0.55034568568442321
2.2769025124393205,-4.041100035259765,-0.57539316056065481
1.9440515725478384,-4.62955534539861,-0.83155201760724751
1.7660818374421732,-4.8804166420572024,-1.3160480794335701
1.3635949623509895,-5.1755770322707653,-1.533435801798233
0.50912866830382741,-5.2015965164333524,-1.4436778587054864
0.59695012814700577,-6.160006123125398,-1.6925594278082159
0.39807871096596659,-6.0665654849703401,-0.49845577853553991
-0.40882830310718665,-5.8072526580811887,-0.97388119166407328
-0.17976277334063029,-5.7634859579320254,-1.3664542574772429
-0.62885255155102782,-5.9173667620616062,-2.4992633823748331
-0.60314089241781954,-5.8691561394214586,-2.3747849477177105
-0.24225947598742559,-5.6716382755145656,-3.3728553078204069
-0.17841619238980452,-7.0440016731911559,-3.6398717284015358
0.38555837298060902,-6.0758744735919468,-3.776321681454299
-0.22564922482880745,-5.8827881299541893,-4.1276191016679471
-0.026500272847548773,-6.2057139028513042,-3.2669210383742819
-0.365463974237759,-6.3992259507573488,-2.7747209262831412
-0.79648657269485468,-6.1548362395142524,-2.1217814849008825
-1.0830025389645892,-6.212304757343821,-2.558556516211171
-1.2372131746787627,-7.2174422876767643,-1.9999309548535735
-1.2094127486279413,-6.1955704562918887,-1.7544230120092412
-1.7861324960893774,-6.2502852901200185,-1.3725965478593136
-1.340246133770945,-5.7453255604150213,-0.86305032420499128
-1.1097549855568489,-6.0878727586162444,-1.3128651818025128
-1.8701568152419998,-5.327404915154613,-1.5228916888218049
-1.1335095623979627,-5.1856720202386217,-1.0959284464974339
-0.19509229747338175,-4.8843096974097744,-2.4103928347211641
0.38837382233042983,-5.4016837176921779,-1.6613336501778799
0.29931557227567718,-4.8021973845564299,-1.3875472467328531
-0.23067993547468701,-4.4607548132066857,-1.4101695530898077
0.29124704110812361,-3.816373805315401,-1.3010238320071954
0.091684633852146535,-4.1272612861364308,-1.8108157881149411
0.69676407307898314,-4.3653575623152046,-1.9840289164074758
0.79985492762372234,-3.2249769781603419,-1.4394159546551903
1.283266587452113,-3.749658041648352,-0.79692785752248474
1.4596589546724397,-3.8169497103232977,0.53763496029370228
1.8093948297155324,-3.2542171959451518,0.50104411731701848
1.8145920748135365,-3.2058458047914642,0.1750770292981822
2.698552870406786,-2.917298454741621,-0.079455797804650563
2.7613711513624999,-3.1150156368727346,-0.58336081728794609
2.9603457347621283,-2.9318473174722426,-0.62189695539932555
3.8924577742813842,-3.57854511513729,-0.43245406775014922
3.2253510742037772,-2.7578123017812546,-0.44940313188735492
2.596493083726247,-2.8163005201032458,0.093260870484582314
3.0763199739251594,-3.1529715544262675,-0.022670036489651837
2.4956535134777464,-2.8231287571053372,-0.19464933524624917
3.4576969177790633,-3.0511734172278264,-0.4823625524207874
3.2529659674931835,-3.7115976663169654,-1.2904754137105758
2.882994711432993,-4.378188822801425,-2.0664808461393127
3.8348024541600103,-4.0347886321907707,-2.6501342443299767
4.5676198882291983,-4.113773454338105,-2.0059602140394976
5.4920144118575269,-4.1799523499858449,-1.5628289871183256
5.9404836372045882,-3.6464963824745151,-0.88225649645430615
5.5141986717806413,-4.2042467018860519,-1.5416676229119721
6.4596325883708055,-4.565913737625058,-2.5160871303432431
6.3269776876844031,-4.7564195237347633,-2.8427983402955372
6.7241733390363061,-4.7097178696994817,-2.7557723983998175
7.1930391419698889,-4.730591673125514,-2.5089333058294518
7.1163130603860685,-4.8725935885476455,-1.9902135532436644
7.4202668412570034,-4.9030971013230182,-1.8495022951567819
7.8767358550411197,-4.956210503288828,-0.98692525664219966
8.0630569870254458,-5.3123965033304286,-1.0971094472126441
7.5188813590406909,-5.714807502015022,-1.5490606019991493
7.6665017238135489,-5.5789288373497614,-2.3812211625804713
8.3230292472258682,-6.0199093050030212,-2.8212395354934063
7.9792356966986757,-6.5927709314140577,-2.701397259051658
7.9051703779828761,-6.7473477093521508,-3.1412913434384819
7.6897803588870293,-6.8253889007613688,-2.6776274797046611
8.6051192047140717,-5.7083677590195592,-1.9785609309669594
8.9378881318618308,-6.0571765996529408,-3.1514466094745623
9.1395714510983996,-5.5902863611159326,-2.723762540787356
8.7584824370690324,-5.2204470045582294,-3.8323099927241957
9.0253971690072969,-5.8089447327556982,-3.6335780995781621
8.6916195310188193,-5.4262040360298514,-3.0272981021661716
8.7073748535421416,-6.012195056187168,-2.9951959673483426
8.3926471018733366,-7.3284181614685204,-3.6286097918769493
8.7274645007872582,-7.028305308400296,-3.9183834540010634
9.0128623942660777,-7.8974268053995864,-4.0478913422511917
8.9097597704587344,-7.6742256343300186,-4.1380979079688132
9.1057730928016429,-8.0127937552668573,-4.238526720360019
8.5647352492475051,-7.1913580200702825,-4.292915921229687
7.8266003998388625,-6.6624728506577426,-4.1872486880669957
8.0440881959317352,-6.8868873741356635,-4.7854621263497101
8.1265873671071205,-7.2273496215151392,-4.905255830367703
8.4409118918122523,-7.8282872767443834,-4.1537548919481821
9.6205083734111589,-8.0465328450352835,-4.3441446628876923
10.088001868370919,-8.1853017352867994,-4.5638323207314615
9.6361779184303664,-8.3658158300928225,-4.0301518832920893
10.18907277283625,-8.2882513790020074,-5.296883665608469
9.53773183546582,-8.0018978471276068,-4.7121310915247312
9.3092591125567647,-7.8288277207992252,-5.0249074941646334
9.2754812412378929,-8.2070596660769457,-4.9437669905166155
10.123542621120311,-8.9187301368170537,-4.8960903517551424
9.7549077916260281,-8.2433213307602653,-4.429592433048132
9.3458415851822458,-8.5845812663354231,-4.5620450748191672
9.2971100718299358,-8.9074501258224696,-4.897650714393639
8.9687050750102628,-9.1654256737295174,-4.2552498227409732
9.5263614053251722,-10.077698557709461,-5.4254561593439226
8.9918225803786171,-10.314283619351,-5.4153912529023627
8.423854574655401,-10.551701134455401,-6.0825802977147188
8.2071447088506702,-10.24463944278857,-6.4595398927599188
7.9606312226558318,-9.8989207922371545,-5.4640186260413834
8.91570086249539,-9.8970542973663527,-5.4860922359611735
9.3856401860391561,-9.4358128843046352,-5.3895376619993502
9.4289758395784951,-9.2675388025163414,-6.2713662854649961
8.8224162038883289,-9.2753010517365855,-6.6322249808800899
9.240354554365803,-9.1956456723752638,-6.5349340312166824
8.7452732160155886,-9.2900143370930834,-6.3593379318817655
7.9806505334768882,-9.4854548753379699,-6.0539946657977612
8.5686952791736601,-9.6179762149801178,-6.0497240737153541
8.7255738682709865,-10.176313338196513,-5.7888702990568568
9.1813757314386066,-10.037501776106842,-5.5642597117337109
9.3391378707619843,-10.529072883998186,-6.4699350084363658
9.7632473859652134,-10.112486662138634,-6.4516181106026069
9.4410061577412421,-10.235962359698517,-6.0715258107445162
8.9290820689676345,-10.211463593686879,-5.7795501958159772
9.2664541430951957,-9.9670268603715808,-5.9596511181633458
8.8687866479695039,-9.6486024458946051,-6.3584158947726515
8.5274769213005133,-10.426021369949137,-6.9119520563913737
8.3019998356989149,-10.528433464676716,-6.9768204825752163
8.3106515780121537,-10.092767130503914,-6.4159745560513155
8.1354335314098929,-10.933286628568935,-7.3820682970450653
7.4548673630459259,-10.741592573307836,-7.7086980389035196
7.1362925070482115,-11.858039906716304,-8.2728714707152644
6.0357640946736053,-12.364154972777374,-7.8843373203664857
6.3452378738563056,-12.345033825160352,-8.1587065874443709
5.5522597913643583,-13.165065963502565,-8.3916603431384775
5.0056179275268473,-13.652868891386598,-8.4990449015928746
5.0314383244274454,-14.381390051582276,-8.2785864899911719
4.6653733175233878,-13.565604880770199,-8.4728091350093937
5.4291265762407317,-13.4843162890753,-9.980573022368727
4.7891950546621977,-13.203521927415725,-9.7116473564791441
4.9213784911091967,-13.313740478918689,-9.4943321796576736
4.90193448810225,-13.488680269281673,-9.6029994445748414
4.3237577047833504,-14.288794171567391,-10.139570196447014
4.582766437352408,-14.433246296309219,-9.9654479252224739
4.4978553354859603,-14.810165711064139,-9.7777359130215356
4.8798721681791815,-14.385515033837638,-10.01039032013845
5.2874859283013134,-13.820698426280901,-10.117666924916797
6.3582330946313395,-13.094778997832449,-10.578070904266594
7.019780678035616,-12.672787317437704,-10.666467994909224
